   10.6591   -1.4552   -2.0555
   29.6591   -1.3566   -1.6053
   48.6591   -1.9413   -5.5989
   67.6591   -2.9615   -4.0995
   86.6591   -3.9846   -4.6135
  105.6591   -4.5768   -5.6421
  124.6591   -4.4871   -5.0213
  143.6591   -3.7535   -3.1775
  162.6591   -2.6869   -1.3986
  181.6591   -1.7397   -0.3585
  199.6591   -1.3187    0.0000
  218.6591   -1.5574   -0.7629
  237.6591   -2.3944   -1.2805
  256.6591   -3.4746   -1.8210
  275.6591   -4.3403   -2.3806
  294.6591   -4.6242   -3.4822
  313.6591   -4.2061   -4.7598
  332.6591   -3.2633   -6.3192
  351.6591   -2.1953   -1.9407
