    1.7234    6.6910    7.6966    9.4224    3.1585
   20.7234    5.1251    5.7302    6.2546    2.6703
   39.7234    2.3717    1.0569    2.2923    0.7505
   58.7234    1.1728    0.0000    0.0000    0.8828
   77.7234    1.6822    3.2724    2.9766    3.6331
   96.7234    4.6633   10.1637   10.3641    7.5765
  115.7234    6.9310   14.9219   16.8620   10.1210
  134.7234    5.4761   12.5574   12.5387    9.1549
  153.7234    2.6454    6.7536    6.4999    6.1771
  172.7234    0.0000    1.1594    1.2530    3.2411
  191.7234    0.9686    0.3489    3.0273    1.4607
  210.7234    1.6400    2.0971    3.9148    2.5375
  229.7234    2.7921    4.6355    5.5369    3.9916
  248.7234    2.4862    4.1314    5.5941    3.8067
  267.7234    2.3635    2.2327    4.1719    2.0062
  286.7234    2.2510    0.3049    2.3632    0.1600
  304.7234    2.3575    0.2445    2.0445    0.0000
  323.7234    3.4165    2.5704    4.1077    1.2473
  342.7234    5.4065    6.2225    7.3598    2.9325
