   10.6591    9.7677   10.4956    7.7122    3.4742
   29.6591    8.4512    8.5517    6.8459    3.5910
   48.6591   16.0941   12.3751   10.4952    2.1800
   67.6591   11.5511    9.7192    7.4516    1.6586
   86.6591   10.5808    7.7467    5.9673    0.6474
  105.6591   10.0573    6.2459    4.4152    0.0640
  124.6591    8.7344    5.2320    3.7131    0.1459
  143.6591    6.5409    3.9226    3.3634    0.8739
  162.6591    3.2528    1.7034    1.8542    1.9406
  181.6591    0.7787    0.1830    0.4202    2.8837
  199.6591    0.0000    0.0000    0.0000    3.4802
  218.6591    1.0965    0.7010    0.3336    3.0684
  237.6591    2.6963    1.4720    1.4158    2.2390
  256.6591    4.1281    1.7830    2.3071    1.1672
  275.6591    5.5540    2.3790    3.1734    0.3000
  294.6591    7.7168    4.2378    4.2346    0.0000
  313.6591   10.7497    7.6534    5.9899    0.3901
  332.6591   14.4677   11.6904    8.1485    1.3540
  351.6591    9.3708    8.6197    7.4301    2.7558
