   10.5060    4.8387    6.7022    5.4248    2.0814
   40.5060    2.7704    3.1893    3.3037    0.4256
   70.5060    0.0000    0.0000    0.0000    0.0000
  100.5060    0.2208    0.8449    0.7397    0.5886
  130.5060    2.3100    3.1485    2.4852    0.8374
  160.5060    3.3551    3.7531    2.5200    0.4931
  190.5060    3.6924    3.7999    2.3058    0.2046
  220.5060    3.4801    4.4713    2.6593    1.0959
  250.5060    3.2632    5.3340    2.7847    2.2749
  280.5060    2.5992    3.9097    1.1658    1.5178
  310.5060    3.1122    4.0171    0.6685    1.1151
  340.5060    3.9257    5.7519    2.6126    1.8185
