    1.7234    2.6239    2.7314
   20.7234    1.0018    1.1295
   39.7234   -0.8225   -0.0794
   58.7234   -0.7180   -1.1728
   77.7234    2.0247    1.2944
   96.7234    5.8866    5.7008
  115.7234    8.2611    9.9310
  134.7234    7.5870    7.0626
  153.7234    4.6182    3.8545
  172.7234    1.7261    1.2530
  191.7234    0.8709    2.0587
  210.7234    2.0329    2.2748
  229.7234    3.4500    2.7448
  248.7234    3.3643    3.1079
  267.7234    1.6436    1.8084
  286.7234   -0.1876    0.1122
  304.7234   -0.5126   -0.3130
  323.7234    0.8307    0.6912
  342.7234    2.4624    1.9533
