1 -16 -17
2 5 3
3 6 4
4 9 7
5 2 3
6 -11 -12
7 33 10
8 21 10
9 22 8
10 34 8
11 23 13
12 24 14
13 25 15
14 26 15
15 -13 -14
16 28 18
17 29 19
18 30 20
19 31 20
20 -18 -19
21 8 10
22 9 8
23 11 13
24 12 14
25 13 15
26 14 15
27 15 0
28 16 18
29 17 19
30 18 20
31 19 20
32 -35 -36
33 7 10
34 10 8
35 32 36
36 32 35

A
1 2.06451177
2 1.184660182
3 1.414989451
4 2.06451177
5 0.457302014
6 2.06451177
7 2.06451177
8 1.243281028
9 2.06451177
10 2.06451177
11 2.06451177
12 2.06451177
13 2.06451177
14 2.06451177
15 2.06451177
16 2.06451177
17 2.06451177
18 2.06451177
19 2.06451177
20 2.06451177
21 0.457302014
22 0.913766949
23 0.431753012
24 0.431753012
25 0.431753012
26 0.431753012
27 0.431753012
28 0.431753012
29 0.431753012
30 0.431753012
31 0.431753012
32 1.184660182
33 0.431753012
34 0.431753012
35 0.457302014
36 0.457302014

2
N
Y
