[16] 16.29842474 20.694695598750005 23.642172947525978 13.154287689999999 
[46] 13.4855406 17.487903028750004 14.931943463278003 13.066919259999999 
[76] 11.80003213 14.229313988750002 13.314684180309996 11.099724029999997 
[106] 6.81099989 10.325050468750003 12.405643409350887 11.505843759999998 
[136] 2.8442690099999997 9.555533318750003 10.607588455779478 15.496784299999998 
[166] 0.1867049699999992 7.008100868750002 3.8266899310983717 15.566756739999997 
[196] 0.0 3.729730138750003 0.0 12.470384479999998 
[226] 4.28282671 5.572750158750003 4.38271509250626 10.202812549999997 
[256] 10.90023051 12.803263208750003 12.218575205886737 10.738928889999997 
[286] 10.42157326 17.13078507875 14.756041103508323 14.88255188 
[316] 3.1641223499999995 7.484515638750004 11.047794408281334 12.679089989999998 
[346] 24.127222 2.495605468750004 7.382979462505318 0.0 
