    0.16350368
   -0.15764518
    0.07998999
    0.00365416
    0.08150035
   -0.04009037
   -0.07364498
   -0.15066340
    0.27237054
    0.01595159
   -0.03325348
   -0.02798482
   -0.02793456
   -0.02690154
   -0.02902758
   -0.04485371
   -0.05404857
   -0.02775055
   -0.02808719
   -0.04130081
    0.17291514
   -0.41643373
    0.03154856
    0.03609083
    0.03506941
    0.03662123
    0.03488853
    0.02558704
    0.02516003
    0.02912991
    0.02984140
    0.03686298
    0.04123063
    0.02770445
