1 43 16
2 44 9
3 26 25
4 27 -28 -29
5 8 7
6 10 9
7 11 5
8 36 5
9 12 6
10 42 13
11 -14 -15
12 45 33
13 34 33
14 46 17
15 47 18
16 -19 -20
17 48 21
18 49 21
19 50 22
20 51 23
21 -17 -18
22 53 24
23 54 24
24 -22 -23
25 37 27
26 3 25
27 25 4
28 30 4
29 31 4
30 40 28
31 40 29
32 40 74
33 70 13
34 39 38
35 -71 -72 -73
36 8 5
37 25 27
38 35 34
39 34 38
40 74 32
41 32 40
42 10 13
43 1 16
44 2 9
45 12 33
46 14 17
47 15 18
48 17 21
49 18 21
50 19 22
51 20 23
52 21 0
53 22 24
54 23 24
55 26 3
56 27 63
57 28 64
58 29 65
59 30 66
60 31 67
61 32 40
62 26 3
63 27 56
64 28 57
65 29 58
66 30 59
67 31 60
68 32 40
69 26 3
70 33 13
71 35 38
72 35 38
73 35 38
74 40 32

A
1 1.184660182
2 1.243281028
3 1.243281028
4 1.184660182
5 1.414989451
6 2.06451177
7 1.414989451
8 2.06451177
9 2.06451177
10 2.06451177
11 2.06451177
12 2.06451177
13 2.06451177
14 2.06451177
15 2.06451177
16 2.06451177
17 2.06451177
18 2.06451177
19 2.06451177
20 2.06451177
21 2.06451177
22 2.06451177
23 2.06451177
24 2.06451177
25 2.06451177
26 1.619640845
27 1.619640845
28 1.619640845
29 1.619640845
30 1.619640845
31 1.619640845
32 1.619640845
33 2.06451177
34 2.06451177
35 1.619640845
36 0.913766949
37 0.913766949
38 0.832260743
39 0.913766949
40 1.184660182
41 0.480338826
42 0.431753012
43 0.457302014
44 0.457302014
45 0.431753012
46 0.431753012
47 0.431753012
48 0.431753012
49 0.431753012
50 0.431753012
51 0.431753012
52 0.431753012
53 0.431753012
54 0.431753012
55 0.480338826
56 0.480338826
57 0.480338826
58 0.480338826
59 0.480338826
60 0.480338826
61 0.480338826
62 0.480338826
63 0.480338826
64 0.480338826
65 0.480338826
66 0.480338826
67 0.480338826
68 0.480338826
69 0.480338826
70 0.431753012
71 0.480338826
72 0.480338826
73 0.480338826
74 0.457302014

2
N
Y
