[0] 6.546012859999999 4.783447544999999 3.8927965151087847 0.0 
[30] 6.2949646999999995 5.3476270349999995 5.137995160825085 0.8166076399999991 
[60] 3.2958381800000005 3.751816124999999 4.258825829252601 2.2184028699999985 
[90] 2.818232029999999 3.7352377549999995 4.85525022962247 2.678747979999999 
[120] 3.718078199999999 4.035395335 5.151328535575885 2.079293299999999 
[150] 3.58124864 3.2331134449999985 3.679396459046984 1.4130238899999998 
[180] 2.3342024299999995 1.853695905 1.19844683870906 1.2817367799999992 
[210] 1.3677470199999995 1.2170551249999995 0.0 1.6110929499999989 
[240] 0.96182078 1.4197532549999994 1.1633609790878836 2.2197561399999994 
[270] 0.28002904999999956 1.1495317449999987 2.018896567693446 2.63143251 
[300] 0.0 0.3277343749999998 0.5742865350912325 2.089051099999999 
[330] 2.599029569999999 1.5801805749999995 0.5034740994160529 0.7471049799999987 
