   -0.0163730491
   -0.0181494606
   -0.0161948611
   -0.0132496944
   -0.0123318437
   -0.0137530553
   -0.0168295259
   -0.0198551413
   -0.0211227806
   -0.0199966539
   -0.0169816206
   -0.0133114202
   -0.0102879372
   -0.0085493227
   -0.0079885617
   -0.0084675850
   -0.0101729678
   -0.0131247976
   -0.0167588022
   -0.0201710895
   -0.0225566503
   -0.0234183173
   -0.0225928530
   -0.0202209813
   -0.0167108401
   -0.0126957412
   -0.0089363917
   -0.0060845361
   -0.0043751994
   -0.0035624599
   -0.0032626782
   -0.0033836947
   -0.0042208545
   -0.0061505633
   -0.0092278334
   -0.0130718780
   -0.0170739857
   -0.0206493703
   -0.0233556712
   -0.0249061545
   -0.0251525210
   -0.0240693253
   -0.0217439965
   -0.0183720304
   -0.0142621697
   -0.0098484833
   -0.0056769474
    0.0014803023
    0.0016934241
    0.0019243842
   -0.0066240298
   -0.0109808453
   -0.0153653508
   -0.0193516725
   -0.0226334266
   -0.0250035682
   -0.0263305714
   -0.0265451295
   -0.0256338383
   -0.0236357398
   -0.0206402243
   -0.0167896181
   -0.0122928521
   -0.0074520411
    0.0068653321
    0.0070406857
   -0.0086289136
   -0.0134193833
   -0.0177745512
   -0.0214784871
   -0.0243870012
   -0.0264025306
   -0.0274618638
   -0.0275318302
   -0.0266081542
   -0.0247139704
   -0.0218979038
   -0.0182337689
   -0.0138265278
   -0.0088305840
   -0.0090892029
   -0.0140375735
   -0.0183943215
   -0.0220441522
   -0.0249099030
   -0.0269365152
   -0.0280854180
   -0.0283339705
   -0.0276759606
   -0.0261213806
   -0.0236946906
   -0.0204324421
   -0.0163829011
   -0.0116117726
   -0.0062200497
   -0.0054217084
   -0.0108666245
   -0.0157012596
   -0.0198445225
   -0.0232461587
   -0.0258694246
   -0.0276849840
   -0.0286707588
   -0.0288135440
   -0.0281104313
   -0.0265686815
   -0.0242039466
   -0.0210375204
   -0.0170939573
   -0.0124020208
   -0.0070039695
   -0.0070018248
   -0.0123675543
   -0.0170321962
   -0.0209679606
   -0.0241559621
   -0.0265787047
   -0.0282194565
   -0.0290645190
   -0.0291057305
   -0.0283419255
   -0.0267789026
   -0.0244275517
   -0.0213008158
   -0.0174103744
   -0.0127652934
   -0.0073760460
   -0.0069875149
   -0.0123983671
   -0.0170717936
   -0.0210048161
   -0.0241940049
   -0.0266317435
   -0.0283076878
   -0.0292118924
   -0.0293378551
   -0.0286842517
   -0.0272550295
   -0.0250580142
   -0.0221018589
   -0.0183924283
   -0.0139296207
   -0.0087076636
   -0.0041017680
   -0.0099034467
   -0.0149436734
   -0.0192322213
   -0.0227769733
   -0.0255787871
   -0.0276323971
   -0.0289299478
   -0.0294645226
   -0.0292326723
   -0.0282356613
   -0.0264787960
   -0.0239693742
   -0.0207131792
   -0.0167107156
   -0.0119543595
   -0.0064299665
   -0.0092057018
   -0.0143531469
   -0.0187407260
   -0.0223805812
   -0.0252765741
   -0.0274254431
   -0.0288203096
   -0.0294545718
   -0.0293245793
   -0.0284312059
   -0.0267794648
   -0.0243766203
   -0.0212290772
   -0.0173384895
   -0.0126988576
   -0.0072973293
   -0.0095595621
   -0.0146654963
   -0.0190111450
   -0.0226051585
   -0.0254488874
   -0.0275372985
   -0.0288625633
   -0.0294177645
   -0.0291996580
   -0.0282099949
   -0.0264551013
   -0.0239438684
   -0.0206846608
   -0.0166817774
   -0.0119337932
   -0.0064367748
   -0.0100485558
   -0.0150899454
   -0.0193756192
   -0.0229038403
   -0.0256689243
   -0.0276611314
   -0.0288698777
   -0.0292872517
   -0.0289105524
   -0.0277433619
   -0.0257949854
   -0.0230781313
   -0.0196062270
   -0.0153909261
   -0.0104435950
   -0.0047846271
   -0.0096460757
   -0.0147353162
   -0.0190824758
   -0.0226663587
   -0.0254688032
   -0.0274720018
   -0.0286600702
   -0.0290224139
   -0.0285561213
   -0.0272670933
   -0.0251693893
   -0.0222832259
   -0.0186330173
   -0.0142476249
   -0.0091670927
   -0.0070783815
   -0.0124404321
   -0.0171249022
   -0.0210638418
   -0.0242117848
   -0.0265332770
   -0.0280001857
   -0.0285934008
   -0.0283054275
   -0.0271420485
   -0.0251222237
   -0.0222771722
   -0.0186496444
   -0.0142974398
   -0.0093057151
   -0.0064185502
   -0.0117223990
   -0.0164607098
   -0.0204894604
   -0.0237140618
   -0.0260673089
   -0.0275010831
   -0.0279857219
   -0.0275120580
   -0.0260930327
   -0.0237643073
   -0.0205847250
   -0.0166405014
   -0.0120579612
   -0.0070302289
    0.0092632830
   -0.0109250769
   -0.0156560835
   -0.0197634335
   -0.0230642658
   -0.0254331865
   -0.0267861354
   -0.0270763571
   -0.0262955411
   -0.0244762503
   -0.0216944732
   -0.0180758150
   -0.0138104701
   -0.0091803018
    0.0041862801
    0.0039902502
   -0.0081319913
   -0.0127825424
   -0.0171727940
   -0.0209117381
   -0.0237222317
   -0.0254188376
   -0.0258954090
   -0.0251239876
   -0.0231597670
   -0.0201490788
   -0.0163443093
   -0.0121259650
   -0.0080097343
   -0.0045754823
   -0.0011460966
   -0.0008780298
   -0.0010047973
   -0.0013284768
   -0.0020698874
   -0.0036871667
   -0.0064734771
   -0.0102679196
   -0.0145179519
   -0.0185502148
   -0.0217791059
   -0.0237812256
   -0.0243078534
   -0.0232943165
   -0.0208778409
   -0.0174203805
   -0.0135200239
   -0.0099449600
   -0.0073805663
   -0.0060680071
   -0.0057578869
   -0.0061793055
   -0.0074737602
   -0.0099777058
   -0.0135852143
   -0.0175186187
   -0.0207100515
   -0.0222643713
   -0.0217286165
   -0.0192527746
   -0.0156763416
   -0.0123540987
   -0.0104392220
   -0.0102410407
   -0.0117997213
   -0.0150953617
   -0.0186762229
   -0.0198639392
   -0.0174076537
   -0.0141333428
   -0.0152658308
   -0.0163730491
   -0.0000429332
   -0.0000880086
   -0.0039101258
    0.0049046810
    0.0058729878
    0.0049889907
    0.0022337276
   -0.0023910594
    0.0078483829
    0.0095951394
    0.0103430483
    0.0100701519
    0.0087018848
    0.0061512396
    0.0023335783
   -0.0028198091
    0.0101904026
    0.0119528387
    0.0131972057
    0.0139267839
    0.0140726965
    0.0135492722
    0.0122717822
    0.0101583997
    0.0071268172
    0.0030903595
   -0.0020423099
    0.0148247741
    0.0156708007
    0.0164117656
    0.0169343393
    0.0171233972
    0.0168791095
    0.0161172305
    0.0147642140
    0.0127512432
    0.0100084479
    0.0064593995
    0.0020163112
   -0.0034223490
    0.0184460689
    0.0185916461
    0.0189424123
    0.0192977294
    0.0195018158
    0.0194368349
    0.0190123997
    0.0181560372
    0.0168055267
    0.0149027570
    0.0123884987
    0.0091975639
    0.0052539104
    0.0004657540
    0.0210853805
    0.0209181950
    0.0210419082
    0.0212270460
    0.0213132470
    0.0211860133
    0.0207604396
    0.0199700531
    0.0187588594
    0.0170756545
    0.0148692982
    0.0120847699
    0.0086587817
    0.0045152383
   -0.0004398928
    0.0231245655
    0.0225233587
    0.0224024401
    0.0224739696
    0.0225463598
    0.0224880025
    0.0222048775
    0.0216262703
    0.0206955015
    0.0193634003
    0.0175836628
    0.0153090018
    0.0124875565
    0.0090590703
    0.0049505150
    0.0000709506
    0.0242047260
    0.0234350085
    0.0232041990
    0.0232058623
    0.0232402045
    0.0231718836
    0.0229053095
    0.0223694220
    0.0215078763
    0.0202725843
    0.0186189524
    0.0165022717
    0.0138742819
    0.0106798386
    0.0068527924
    0.0023113409
   -0.0030471147
    0.0242560947
    0.0235834359
    0.0233879650
    0.0233851248
    0.0233888625
    0.0232725551
    0.0229460839
    0.0223415602
    0.0214044875
    0.0200875561
    0.0183461663
    0.0161349381
    0.0134043772
    0.0100973717
    0.0061450689
    0.0014619776
    0.0245953543
    0.0234763261
    0.0230652997
    0.0229899927
    0.0230115363
    0.0229706039
    0.0227562946
    0.0222875356
    0.0215012253
    0.0203446165
    0.0187697886
    0.0167295940
    0.0141740377
    0.0110466758
    0.0072806360
    0.0027938191
   -0.0025159143
    0.0226831600
    0.0221288394
    0.0220159790
    0.0220612008
    0.0220755860
    0.0219284253
    0.0215250454
    0.0207927516
    0.0196715515
    0.0181077653
    0.0160491059
    0.0134405940
    0.0102205301
    0.0063161642
    0.0016388261
   -0.0039201372
    0.0210018424
    0.0204487606
    0.0203847280
    0.0205036477
    0.0205944508
    0.0205083991
    0.0201367383
    0.0193955667
    0.0182154237
    0.0165338558
    0.0142897336
    0.0114184501
    0.0078471656
    0.0034903243
   -0.0017541681
    0.0178124897
    0.0179456005
    0.0182403276
    0.0184812468
    0.0185042296
    0.0181839839
    0.0174212432
    0.0161325177
    0.0142417914
    0.0116739824
    0.0083494857
    0.0041795753
   -0.0009359567
    0.0141866313
    0.0149236861
    0.0155238838
    0.0158374290
    0.0157242246
    0.0150628144
    0.0137468560
    0.0116785628
    0.0087623829
    0.0049005110
   -0.0000070705
    0.0105886018
    0.0118125711
    0.0124562229
    0.0124108837
    0.0115441304
    0.0097232681
    0.0068210887
    0.0027204684
   -0.0026681347
    0.0070716499
    0.0083344789
    0.0083570742
    0.0069952319
    0.0040747406
   -0.0005341070
    0.0023849758
    0.0037625736
    0.0024798663
   -0.0016803248
   -0.0020397172
   -0.0007775131
   -0.0032892641
    0.0016626629
    0.0043880894
    0.0049474653
    0.0035137945
   -0.0012090403
    0.0036266705
    0.0069777672
    0.0089420059
    0.0096637213
    0.0092927783
    0.0079411023
   -0.0018116965
    0.0033676135
    0.0073641145
    0.0102700963
    0.0121927238
    0.0132445287
    0.0135434152
    0.0132137526
    0.0123802042
    0.0111381097
   -0.0024839987
    0.0028791000
    0.0072063847
    0.0105958803
    0.0131421059
    0.0149341152
    0.0160588489
    0.0166066693
    0.0166782913
    0.0163924035
    0.0158920925
    0.0153436293
    0.0000878233
    0.0050073192
    0.0090327875
    0.0122606687
    0.0147746900
    0.0166491964
    0.0179538204
    0.0187587086
    0.0191405195
    0.0191902136
    0.0190231035
    0.0187924379
    0.0187063228
   -0.0015015597
    0.0036828611
    0.0080054528
    0.0115664496
    0.0144490885
    0.0167235193
    0.0184515774
    0.0196910787
    0.0205003410
    0.0209433628
    0.0210964162
    0.0210574295
    0.0209595810
    0.0209921887
    0.0214325736
   -0.0029245854
    0.0024610553
    0.0069982688
    0.0107913071
    0.0139246721
    0.0164677406
    0.0184793560
    0.0200121055
    0.0211160981
    0.0218429206
    0.0222502506
    0.0224080494
    0.0224074037
    0.0223741424
    0.0224903526
    0.0230299825
    0.0006394039
    0.0054548969
    0.0095161514
    0.0129124825
    0.0157158840
    0.0179859130
    0.0197740464
    0.0211272476
    0.0220914438
    0.0227151452
    0.0230540391
    0.0231770886
    0.0231758353
    0.0231785462
    0.0233734219
    0.0240479730
   -0.0023806734
    0.0028823409
    0.0073428023
    0.0111008178
    0.0142362181
    0.0168137429
    0.0188876849
    0.0205057245
    0.0217123415
    0.0225521566
    0.0230736500
    0.0233338193
    0.0234050298
    0.0233849468
    0.0234125600
    0.0236941719
    0.0245484747
   -0.0012856905
    0.0038072387
    0.0081141092
    0.0117307453
    0.0147336685
    0.0171853044
    0.0191384776
    0.0206402110
    0.0217352371
    0.0224693943
    0.0228936503
    0.0230694991
    0.0230765051
    0.0230239416
    0.0230689356
    0.0234465189
    0.0245207527
   -0.0018476016
    0.0033354038
    0.0077010154
    0.0113481552
    0.0143561867
    0.0167898697
    0.0187042591
    0.0201487125
    0.0211706984
    0.0218195647
    0.0221512723
    0.0222345170
    0.0221594575
    0.0220509653
    0.0220888687
    0.0225399604
   -0.0045042555
    0.0011111692
    0.0058192880
    0.0097298715
    0.0129320664
    0.0154986843
    0.0174913376
    0.0189650645
    0.0199726828
    0.0205692930
    0.0208176839
    0.0207951653
    0.0206031837
    0.0203806175
    0.0203218146
    0.0206992573
   -0.0038731550
    0.0016606593
    0.0062413311
    0.0099754534
    0.0129518515
    0.0152452137
    0.0169210805
    0.0180409202
    0.0186675354
    0.0188707931
    0.0187346964
    0.0183654696
    0.0178997438
    0.0175079436
   -0.0009047776
    0.0040895751
    0.0080943227
    0.0112053154
    0.0135067702
    0.0150747629
    0.0159825777
    0.0163065599
    0.0161317268
    0.0155552834
    0.0146823244
    0.0135991405
   -0.0026980110
    0.0025789183
    0.0066805941
    0.0096959682
    0.0117141670
    0.0128222072
    0.0131072523
    0.0126563677
    0.0115439307
    0.0097870402
   -0.0056706396
    0.0001628727
    0.0045133347
    0.0074139522
    0.0089402785
    0.0091773421
    0.0081902176
    0.0059581004
   -0.0004575827
    0.0032451535
    0.0046346139
    0.0036581066
   -0.0022373445
   -0.0008218002
   -0.0114494336
   -0.0127402778
   -0.0113736834
   -0.0092628442
   -0.0086094167
   -0.0096902823
   -0.0119122113
   -0.0140576987
   -0.0149694519
   -0.0142151499
   -0.0121403999
   -0.0095755838
   -0.0073885674
   -0.0060594605
   -0.0056326618
   -0.0060565901
   -0.0073671310
   -0.0094852933
   -0.0120275198
   -0.0144161649
   -0.0161160613
   -0.0167799512
   -0.0162856926
   -0.0147238041
   -0.0123691246
   -0.0096385852
   -0.0070124060
   -0.0048985847
   -0.0034885556
   -0.0027295660
   -0.0024703700
   -0.0026546909
   -0.0033830677
   -0.0047968025
   -0.0069025352
   -0.0094969964
   -0.0122336871
   -0.0147429814
   -0.0167164685
   -0.0179383458
   -0.0182875992
   -0.0177315299
   -0.0163193343
   -0.0141776203
   -0.0115080411
   -0.0085827318
   -0.0057240792
   -0.0032503768
   -0.0001864399
    0.0004719267
    0.0007856455
    0.0008923150
    0.0007809896
   -0.0048380955
   -0.0076267937
   -0.0105649311
   -0.0133742965
   -0.0158223717
   -0.0177347572
   -0.0189917305
   -0.0195215106
   -0.0192950824
   -0.0183230015
   -0.0166538687
   -0.0143745939
   -0.0116135729
   -0.0085460859
   -0.0053968924
    0.0042668173
    0.0043857289
   -0.0078058740
   -0.0109149877
   -0.0137839817
   -0.0162608050
   -0.0182350329
   -0.0196297156
   -0.0203950635
   -0.0205048797
   -0.0199547385
   -0.0187609345
   -0.0169602091
   -0.0146106806
   -0.0117953170
   -0.0086284893
   -0.0052647166
    0.0077728449
   -0.0052940004
   -0.0086609623
   -0.0118232506
   -0.0146516045
   -0.0170529504
   -0.0189608406
   -0.0203283653
   -0.0211241061
   -0.0213302584
   -0.0209417619
   -0.0199657967
   -0.0184214820
   -0.0163398817
   -0.0137652735
   -0.0107588016
   -0.0074053588
   -0.0050452752
   -0.0085633196
   -0.0118052160
   -0.0146819655
   -0.0171313771
   -0.0191090577
   -0.0205828396
   -0.0215299946
   -0.0219360907
   -0.0217947137
   -0.0211072584
   -0.0198827047
   -0.0181372318
   -0.0158941974
   -0.0131851774
   -0.0100531150
   -0.0065585673
   -0.0058471886
   -0.0093932317
   -0.0125935984
   -0.0153941885
   -0.0177576558
   -0.0196569142
   -0.0210715958
   -0.0219867443
   -0.0223925507
   -0.0222844013
   -0.0216629637
   -0.0205339675
   -0.0189077982
   -0.0167991176
   -0.0142269908
   -0.0112163137
   -0.0078016105
   -0.0063153661
   -0.0098686765
   -0.0130401039
   -0.0157963599
   -0.0181145162
   -0.0199773839
   -0.0213713816
   -0.0222860575
   -0.0227141771
   -0.0226521613
   -0.0221001563
   -0.0210619944
   -0.0195446990
   -0.0175579950
   -0.0151139547
   -0.0122273613
   -0.0089178246
   -0.0052145319
   -0.0051354333
   -0.0088358877
   -0.0121451526
   -0.0150386003
   -0.0175000694
   -0.0195173771
   -0.0210804024
   -0.0221807230
   -0.0228118537
   -0.0229697805
   -0.0226533205
   -0.0218641974
   -0.0206067567
   -0.0188873646
   -0.0167139061
   -0.0140952887
   -0.0110420354
   -0.0075685129
   -0.0049475401
   -0.0086897258
   -0.0120275485
   -0.0149441439
   -0.0174288334
   -0.0194732734
   -0.0210700610
   -0.0222125059
   -0.0228952076
   -0.0231145833
   -0.0228693946
   -0.0221607838
   -0.0209921459
   -0.0193685948
   -0.0172962665
   -0.0147817500
   -0.0118321789
   -0.0084564861
   -0.0046691431
   -0.0046999884
   -0.0084806322
   -0.0118500891
   -0.0147951427
   -0.0173077602
   -0.0193814737
   -0.0210101835
   -0.0221881050
   -0.0229103410
   -0.0231735061
   -0.0229763053
   -0.0223196750
   -0.0212066281
   -0.0196418037
   -0.0176307426
   -0.0151793614
   -0.0122937099
   -0.0089810192
   -0.0052527792
   -0.0072363574
   -0.0107523031
   -0.0138455080
   -0.0165070138
   -0.0187302478
   -0.0205091438
   -0.0218378212
   -0.0227110377
   -0.0231249115
   -0.0230774660
   -0.0225689844
   -0.0216019975
   -0.0201808934
   -0.0183113331
   -0.0159996155
   -0.0132523642
   -0.0100772608
   -0.0064854209
   -0.0076600419
   -0.0111281821
   -0.0141730343
   -0.0167835666
   -0.0189515342
   -0.0206696105
   -0.0219310673
   -0.0227302246
   -0.0230631016
   -0.0229280332
   -0.0223259165
   -0.0212601075
   -0.0197361325
   -0.0177610073
   -0.0153428533
   -0.0124909472
   -0.0092171191
   -0.0055392804
   -0.0049918410
   -0.0087341039
   -0.0120740119
   -0.0149887684
   -0.0174633830
   -0.0194863611
   -0.0210479807
   -0.0221400250
   -0.0227562348
   -0.0228929032
   -0.0225493767
   -0.0217281463
   -0.0204347493
   -0.0186773008
   -0.0164661187
   -0.0138137861
   -0.0107362594
   -0.0072561480
   -0.0057450910
   -0.0093907719
   -0.0126432279
   -0.0154700748
   -0.0178490795
   -0.0197634033
   -0.0211995877
   -0.0221471278
   -0.0225987901
   -0.0225511589
   -0.0220049816
   -0.0209652375
   -0.0194409898
   -0.0174450477
   -0.0149942001
   -0.0121102667
   -0.0088232799
   -0.0051776866
   -0.0048566770
   -0.0085408136
   -0.0118706151
   -0.0147909122
   -0.0172638161
   -0.0192617126
   -0.0207636436
   -0.0217539779
   -0.0222222597
   -0.0221636998
   -0.0215794305
   -0.0204766957
   -0.0188688385
   -0.0167754381
   -0.0142231355
   -0.0112482065
   -0.0079017697
   -0.0084181544
   -0.0117240036
   -0.0146380612
   -0.0171011065
   -0.0190703680
   -0.0205144142
   -0.0214109955
   -0.0217464561
   -0.0215160175
   -0.0207240751
   -0.0193844764
   -0.0175209644
   -0.0151682936
   -0.0123750885
   -0.0092093858
   -0.0057676159
    0.0099895938
   -0.0076022076
   -0.0109208961
   -0.0138984538
   -0.0164372996
   -0.0184669380
   -0.0199366825
   -0.0208118551
   -0.0210723491
   -0.0207127129
   -0.0197425021
   -0.0181871128
   -0.0160892148
   -0.0135118442
   -0.0105442711
   -0.0073107224
    0.0065229376
   -0.0079240347
   -0.0111239511
   -0.0140158521
   -0.0164563325
   -0.0183405801
   -0.0195950590
   -0.0201733135
   -0.0200546054
   -0.0192442916
   -0.0177751923
   -0.0157102124
   -0.0131470038
   -0.0102252284
   -0.0071339756
    0.0031550997
    0.0030463943
    0.0028608024
   -0.0045398728
   -0.0075689060
   -0.0106542309
   -0.0135218932
   -0.0159463521
   -0.0177578215
   -0.0188394327
   -0.0191242131
   -0.0185949282
   -0.0172864174
   -0.0152899363
   -0.0127594527
   -0.0099175729
   -0.0070513013
   -0.0044785506
   -0.0024716731
   -0.0011613453
   -0.0004914470
   -0.0002829121
   -0.0003775653
   -0.0007604833
   -0.0015730236
   -0.0030020368
   -0.0051188605
   -0.0077863532
   -0.0106922177
   -0.0134569733
   -0.0157301128
   -0.0172403240
   -0.0178141686
   -0.0173850261
   -0.0160022275
   -0.0138409860
   -0.0112068530
   -0.0085140228
   -0.0062018713
   -0.0045846970
   -0.0037337293
   -0.0035370785
   -0.0039134632
   -0.0049452901
   -0.0067556009
   -0.0092486061
   -0.0120044017
   -0.0144203445
   -0.0159321629
   -0.0161739401
   -0.0150739974
   -0.0129132928
   -0.0103170536
   -0.0080765490
   -0.0067777956
   -0.0065997492
   -0.0075812451
   -0.0097065911
   -0.0123672573
   -0.0142214357
   -0.0140401075
   -0.0118676228
   -0.0095788053
   -0.0095855170
   -0.0122613218
   -0.0114494336
   -0.0012231020
    0.0025040909
    0.0030168875
    0.0022334105
    0.0001794022
   -0.0030770455
    0.0045603443
    0.0057770467
    0.0062497666
    0.0059912094
    0.0049703077
    0.0031468902
    0.0004917132
   -0.0029955081
    0.0072930704
    0.0083010166
    0.0088843173
    0.0090440624
    0.0087449679
    0.0079401181
    0.0065818195
    0.0046257007
    0.0020329840
   -0.0012258014
    0.0098936938
    0.0105919420
    0.0110932861
    0.0113809123
    0.0114107286
    0.0111319629
    0.0104954473
    0.0094557918
    0.0079711043
    0.0060018944
    0.0035101039
    0.0004592936
   -0.0031827730
    0.0126985537
    0.0129483473
    0.0131945503
    0.0133797571
    0.0134393157
    0.0133128362
    0.0129474467
    0.0122974823
    0.0113227797
    0.0099868022
    0.0082547694
    0.0060920237
    0.0034628292
    0.0003299789
   -0.0033442097
    0.0150564112
    0.0150280242
    0.0150714892
    0.0150986500
    0.0150358767
    0.0148231247
    0.0144113407
    0.0137595791
    0.0128324274
    0.0115978682
    0.0100253346
    0.0080841407
    0.0057421088
    0.0029643946
   -0.0002871447
   -0.0040534279
    0.0171829543
    0.0167298339
    0.0165299781
    0.0164557947
    0.0164070375
    0.0163059011
    0.0160917758
    0.0157165778
    0.0151410943
    0.0143321362
    0.0132601650
    0.0118975463
    0.0102169789
    0.0081901232
    0.0057863455
    0.0029716156
   -0.0002923777
   -0.0040482548
    0.0182874422
    0.0177967998
    0.0175546490
    0.0174316625
    0.0173313275
    0.0171809032
    0.0169245721
    0.0165183845
    0.0159266074
    0.0151188876
    0.0140681746
    0.0127490733
    0.0111364225
    0.0092040373
    0.0069235822
    0.0042633638
    0.0011873097
   -0.0023457325
    0.0196547984
    0.0188373664
    0.0183944801
    0.0181625317
    0.0180228290
    0.0178881193
    0.0176930007
    0.0173873292
    0.0169314296
    0.0162927063
    0.0154432187
    0.0143577335
    0.0130122598
    0.0113827529
    0.0094440477
    0.0071686121
    0.0045255246
    0.0014793723
   -0.0020105870
    0.0197970842
    0.0190562469
    0.0186517956
    0.0184303355
    0.0182813861
    0.0181239592
    0.0178972296
    0.0175544015
    0.0170581652
    0.0163776442
    0.0154860295
    0.0143589065
    0.0129727583
    0.0113038313
    0.0093270270
    0.0070147909
    0.0043359927
    0.0012548848
   -0.0022696841
    0.0198320885
    0.0190646711
    0.0186430150
    0.0184103166
    0.0182539065
    0.0180912440
    0.0178604747
    0.0175139930
    0.0170138653
    0.0163286931
    0.0154312368
    0.0142966339
    0.0129009948
    0.0112201381
    0.0092285568
    0.0068982347
    0.0041975886
    0.0010904277
   -0.0024647668
    0.0190065321
    0.0184476648
    0.0181471331
    0.0179713292
    0.0178227902
    0.0176290364
    0.0173348378
    0.0168968104
    0.0162795907
    0.0154530865
    0.0143903554
    0.0130660235
    0.0114548816
    0.0095307511
    0.0072652716
    0.0046268536
    0.0015796059
   -0.0019173113
    0.0183304092
    0.0177611105
    0.0174646340
    0.0173012820
    0.0171677176
    0.0169864604
    0.0166981292
    0.0162559457
    0.0156217110
    0.0147628086
    0.0136500361
    0.0122557661
    0.0105525313
    0.0085117460
    0.0061024938
    0.0032904554
    0.0000372060
   -0.0036998428
    0.0170901306
    0.0166090262
    0.0163779733
    0.0162621621
    0.0161580626
    0.0159860471
    0.0156839649
    0.0152021434
    0.0144994758
    0.0135403998
    0.0122926159
    0.0107252340
    0.0088071940
    0.0065060005
    0.0037866064
    0.0006108217
   -0.0030622681
    0.0150103225
    0.0148876468
    0.0148549336
    0.0148110243
    0.0146734547
    0.0143754467
    0.0138623112
    0.0130879675
    0.0120119830
    0.0105972733
    0.0088081336
    0.0066086913
    0.0039618825
    0.0008291734
   -0.0028281552
    0.0127415292
    0.0128260913
    0.0129595794
    0.0130640244
    0.0130581294
    0.0128679438
    0.0124291235
    0.0116859607
    0.0105892219
    0.0090939274
    0.0071575955
    0.0047389993
    0.0017981165
   -0.0017016849
    0.0098168503
    0.0103701898
    0.0107640643
    0.0109608230
    0.0108975100
    0.0105064077
    0.0097228472
    0.0084871921
    0.0067448061
    0.0044458655
    0.0015468729
   -0.0019838021
    0.0074789699
    0.0081919196
    0.0084872113
    0.0083197909
    0.0076207995
    0.0063171275
    0.0043412466
    0.0016392089
   -0.0018160491
    0.0044798812
    0.0054257959
    0.0055855191
    0.0049089926
    0.0033119986
    0.0007250710
   -0.0028537208
    0.0021008076
    0.0022069920
    0.0007069720
   -0.0024336713
   -0.0002526179
    0.0018572969
    0.0024962532
    0.0017325865
   -0.0029331203
    0.0006125642
    0.0032294998
    0.0049138991
    0.0057257420
    0.0057439892
    0.0050271765
   -0.0045810039
   -0.0006634573
    0.0025382489
    0.0050194751
    0.0068154901
    0.0079815532
    0.0085834598
    0.0086913117
    0.0083704874
    0.0076628644
   -0.0031819831
    0.0005216311
    0.0036034629
    0.0060894044
    0.0080188848
    0.0094381077
    0.0103978211
    0.0109533099
    0.0111650231
    0.0110982485
    0.0108195574
    0.0103853555
   -0.0012102165
    0.0022025869
    0.0050705662
    0.0074306577
    0.0093222485
    0.0107855578
    0.0118618653
    0.0125948756
    0.0130324657
    0.0132289699
    0.0132474285
    0.0131609604
    0.0130514275
    0.0130008397
   -0.0042807118
   -0.0004379579
    0.0028730805
    0.0056903401
    0.0080523648
    0.0099962587
    0.0115575508
    0.0127710348
    0.0136720677
    0.0142983664
    0.0146920545
    0.0149023290
    0.0149886665
    0.0150245431
    0.0151012044
    0.0153301421
   -0.0022030892
    0.0013485222
    0.0044163044
    0.0070405596
    0.0092584524
    0.0111040232
    0.0126089152
    0.0138034734
    0.0147181252
    0.0153849037
    0.0158393186
    0.0161227142
    0.0162853633
    0.0163904068
    0.0165191263
    0.0167776602
    0.0173047377
   -0.0041336280
   -0.0003482477
    0.0029514053
    0.0058081770
    0.0082608312
    0.0103438654
    0.0120882594
    0.0135225127
    0.0146738062
    0.0155692445
    0.0162372964
    0.0167093966
    0.0170221028
    0.0172199058
    0.0173589099
    0.0175120706
    0.0177764700
    0.0182832855
   -0.0032424809
    0.0004166946
    0.0036126593
    0.0063878794
    0.0087797852
    0.0108212186
    0.0125413840
    0.0139669005
    0.0151229753
    0.0160345715
    0.0167275793
    0.0172304404
    0.0175758822
    0.0178034604
    0.0179628348
    0.0181184819
    0.0183563129
    0.0187933712
    0.0195917993
   -0.0005870392
    0.0027317344
    0.0056251749
    0.0081319499
    0.0102857266
    0.0121160225
    0.0136493734
    0.0149103711
    0.0159228065
    0.0167107826
    0.0173000249
    0.0177194927
    0.0180033184
    0.0181935737
    0.0183440643
    0.0185256121
    0.0188338630
    0.0194006824
   -0.0005524822
    0.0027576541
    0.0056442680
    0.0081459020
    0.0102960096
    0.0121238698
    0.0136557649
    0.0149160096
    0.0159281216
    0.0167158893
    0.0173046812
    0.0177230218
    0.0180045509
    0.0181906825
    0.0183343107
    0.0185049997
    0.0187965330
    0.0193378938
   -0.0038149514
   -0.0000991248
    0.0031508493
    0.0059783042
    0.0084211292
    0.0105122852
    0.0122808178
    0.0137529309
    0.0149531550
    0.0159054884
    0.0166345513
    0.0171670219
    0.0175333663
    0.0177699572
    0.0179221343
    0.0180482284
    0.0182253209
    0.0185574011
    0.0191869399
   -0.0035369993
    0.0001502473
    0.0033647132
    0.0061491822
    0.0085413449
    0.0105742544
    0.0122773254
    0.0136774390
    0.0148001410
    0.0156708944
    0.0163164404
    0.0167663795
    0.0170551666
    0.0172247678
    0.0173280377
    0.0174334967
    0.0176315638
    0.0180429243
   -0.0042536677
   -0.0004650971
    0.0028260723
    0.0056626854
    0.0080834049
    0.0101226699
    0.0118114864
    0.0131785476
    0.0142515630
    0.0150585698
    0.0156295721
    0.0159983661
    0.0162048993
    0.0162981539
    0.0163399151
    0.0164092927
    0.0166077105
    0.0170631776
   -0.0028596721
    0.0007547015
    0.0038619287
    0.0065023390
    0.0087132861
    0.0105290050
    0.0119815216
    0.0131018629
    0.0139215202
    0.0144742251
    0.0147979926
    0.0149374061
    0.0149463912
    0.0148908601
    0.0148505190
    0.0149174228
   -0.0043918812
   -0.0005585901
    0.0027167399
    0.0054711875
    0.0077424798
    0.0095671595
    0.0109806962
    0.0120185055
    0.0127175855
    0.0131183193
    0.0132663727
    0.0132143495
    0.0130219963
    0.0127527231
    0.0124616522
   -0.0021696797
    0.0013280017
    0.0042304786
    0.0065714835
    0.0083884998
    0.0097208426
    0.0106097571
    0.0110994737
    0.0112379764
    0.0110761546
    0.0106628044
    0.0100302321
   -0.0017591864
    0.0016155168
    0.0043008133
    0.0063239407
    0.0077234884
    0.0085446159
    0.0088360981
    0.0086452361
    0.0080050768
    0.0069057957
   -0.0011179933
    0.0019673827
    0.0041744601
    0.0055197401
    0.0060401730
    0.0057715437
    0.0047148939
   -0.0022904522
    0.0007657433
    0.0024886966
    0.0028106056
    0.0016813076
   -0.0011285516
   -0.0082648230
   -0.0092272085
   -0.0082360157
   -0.0066769090
   -0.0061965962
   -0.0070269005
   -0.0086780626
   -0.0102506449
   -0.0109250329
   -0.0103957968
   -0.0089084176
   -0.0070463158
   -0.0054194874
   -0.0043963851
   -0.0040673220
   -0.0044180465
   -0.0054322452
   -0.0070050841
   -0.0088562070
   -0.0105909724
   -0.0118383115
   -0.0123496320
   -0.0120332842
   -0.0109504610
   -0.0092934354
   -0.0073494771
   -0.0054421167
   -0.0038478585
   -0.0027189850
   -0.0020693972
   -0.0018439554
   -0.0020134747
   -0.0026112864
   -0.0036849705
   -0.0052138605
   -0.0070662419
   -0.0090239008
   -0.0108428292
   -0.0123066500
   -0.0132551027
   -0.0135927213
   -0.0132881377
   -0.0123705127
   -0.0109255423
   -0.0090909051
   -0.0070483576
   -0.0050065388
   -0.0031685949
   -0.0016875417
   -0.0006284486
    0.0000358336
    0.0003850809
    0.0004891660
    0.0003596818
   -0.0000569947
   -0.0008432459
   -0.0020526556
   -0.0036651174
   -0.0055782460
   -0.0076330443
   -0.0096524395
   -0.0114726014
   -0.0129596503
   -0.0140148379
   -0.0145739063
   -0.0146048955
   -0.0141060635
   -0.0131045091
   -0.0116555855
   -0.0098431015
   -0.0077795737
   -0.0056042619
   -0.0034749396
    0.0027731161
    0.0028874938
    0.0028862250
   -0.0050812022
   -0.0072587592
   -0.0093712462
   -0.0112968751
   -0.0129378078
   -0.0142200776
   -0.0150913661
   -0.0155185805
   -0.0154861792
   -0.0149949992
   -0.0140617726
   -0.0127191244
   -0.0110163862
   -0.0090211654
   -0.0068214404
   -0.0045264829
    0.0052922055
    0.0053552658
   -0.0043296272
   -0.0066289934
   -0.0088449200
   -0.0108815479
   -0.0126631568
   -0.0141320829
   -0.0152458954
   -0.0159750076
   -0.0163010838
   -0.0162160491
   -0.0157215845
   -0.0148288829
   -0.0135587540
   -0.0119422285
   -0.0100219114
   -0.0078541975
   -0.0055120827
   -0.0043108423
   -0.0067078024
   -0.0089747898
   -0.0110402482
   -0.0128492569
   -0.0143603355
   -0.0155426572
   -0.0163740351
   -0.0168396393
   -0.0169313767
   -0.0166474398
   -0.0159922016
   -0.0149760894
   -0.0136158177
   -0.0119348851
   -0.0099648732
   -0.0077474685
   -0.0053374474
   -0.0062849898
   -0.0086279015
   -0.0107627068
   -0.0126467469
   -0.0142479789
   -0.0155423963
   -0.0165121539
   -0.0171445835
   -0.0174316259
   -0.0173695842
   -0.0169589640
   -0.0162044171
   -0.0151147035
   -0.0137027848
   -0.0119863147
   -0.0099886026
   -0.0077404308
   -0.0052827568
   -0.0065947321
   -0.0089468804
   -0.0110728639
   -0.0129420224
   -0.0145314743
   -0.0158238949
   -0.0168062323
   -0.0174689362
   -0.0178056548
   -0.0178131401
   -0.0174911395
   -0.0168423660
   -0.0158724258
   -0.0145898254
   -0.0130061007
   -0.0111363371
   -0.0090002445
   -0.0066240466
   -0.0065605976
   -0.0089398539
   -0.0110845448
   -0.0129714510
   -0.0145832957
   -0.0159068822
   -0.0169320740
   -0.0176512305
   -0.0180590144
   -0.0181523541
   -0.0179304553
   -0.0173947529
   -0.0165488595
   -0.0153984928
   -0.0139514532
   -0.0122178430
   -0.0102106216
   -0.0079467609
   -0.0054493063
   -0.0051038954
   -0.0076263651
   -0.0099209944
   -0.0119662147
   -0.0137463565
   -0.0152496018
   -0.0164667196
   -0.0173904801
   -0.0180154274
   -0.0183378063
   -0.0183556077
   -0.0180686537
   -0.0174785009
   -0.0165884198
   -0.0154032702
   -0.0139295031
   -0.0121752146
   -0.0101506669
   -0.0078692806
   -0.0053494400
   -0.0063815893
   -0.0088062422
   -0.0109867221
   -0.0129083307
   -0.0145602030
   -0.0159339133
   -0.0170227316
   -0.0178213165
   -0.0183256648
   -0.0185331970
   -0.0184427912
   -0.0180548311
   -0.0173712045
   -0.0163951744
   -0.0151312597
   -0.0135852318
   -0.0117642158
   -0.0096771759
   -0.0073359204
   -0.0047569659
   -0.0042604715
   -0.0068786436
   -0.0092634692
   -0.0113982345
   -0.0132711745
   -0.0148734899
   -0.0161982258
   -0.0172397388
   -0.0179934943
   -0.0184561240
   -0.0186254795
   -0.0185007426
   -0.0180824731
   -0.0173725217
   -0.0163740139
   -0.0150911619
   -0.0135292654
   -0.0116947557
   -0.0095957259
   -0.0072428411
   -0.0046511693
   -0.0057215174
   -0.0082188349
   -0.0104709355
   -0.0124650241
   -0.0141918316
   -0.0156441391
   -0.0168161200
   -0.0177029866
   -0.0183010152
   -0.0186075838
   -0.0186213277
   -0.0183421743
   -0.0177713919
   -0.0169114725
   -0.0157660653
   -0.0143398662
   -0.0126386245
   -0.0106694250
   -0.0084413449
   -0.0059668318
   -0.0045379183
   -0.0071393017
   -0.0095027393
   -0.0116127406
   -0.0134583266
   -0.0150312184
   -0.0163248320
   -0.0173337560
   -0.0180536847
   -0.0184814379
   -0.0186150716
   -0.0184539968
   -0.0179989899
   -0.0172522155
   -0.0162170617
   -0.0148981015
   -0.0133010800
   -0.0114330491
   -0.0093029707
   -0.0069228235
   -0.0043095743
   -0.0051278734
   -0.0076749914
   -0.0099820472
   -0.0120328636
   -0.0138157568
   -0.0153217868
   -0.0165438547
   -0.0174762144
   -0.0181144001
   -0.0184552968
   -0.0184972293
   -0.0182400267
   -0.0176851030
   -0.0168353644
   -0.0156951626
   -0.0142702444
   -0.0125678630
   -0.0105971326
   -0.0083699351
   -0.0059024983
   -0.0064971857
   -0.0089136304
   -0.0110828509
   -0.0129882714
   -0.0146175427
   -0.0159610573
   -0.0170112064
   -0.0177620568
   -0.0182093321
   -0.0183504644
   -0.0181847001
   -0.0177131583
   -0.0169387913
   -0.0158663763
   -0.0145025127
   -0.0128557485
   -0.0109370080
   -0.0087605451
   -0.0063456286
   -0.0051144485
   -0.0076385916
   -0.0099336913
   -0.0119745374
   -0.0137426228
   -0.0152238745
   -0.0164073692
   -0.0172846725
   -0.0178495757
   -0.0180981092
   -0.0180285686
   -0.0176416150
   -0.0169402803
   -0.0159299938
   -0.0146186488
   -0.0130167820
   -0.0111381244
   -0.0090007235
   -0.0066288188
   -0.0051385290
   -0.0076373967
   -0.0099171228
   -0.0119446962
   -0.0136956077
   -0.0151512623
   -0.0162974310
   -0.0171233891
   -0.0176215542
   -0.0177874246
   -0.0176196057
   -0.0171198987
   -0.0162933089
   -0.0151482004
   -0.0136965152
   -0.0119542910
   -0.0099428012
   -0.0076903220
   -0.0052349424
   -0.0054577801
   -0.0079001825
   -0.0101316915
   -0.0121098331
   -0.0138026388
   -0.0151858915
   -0.0162413293
   -0.0169556564
   -0.0173201118
   -0.0173303435
   -0.0169864360
   -0.0162930398
   -0.0152595163
   -0.0139002802
   -0.0122354901
   -0.0102922901
   -0.0081068808
   -0.0057274417
   -0.0048988027
   -0.0073315871
   -0.0095863755
   -0.0116023107
   -0.0133328928
   -0.0147429033
   -0.0158060493
   -0.0165035820
   -0.0168235870
   -0.0167607671
   -0.0163164945
   -0.0154989741
   -0.0143236888
   -0.0128141102
   -0.0110030415
   -0.0089346969
   -0.0066676407
   -0.0042778835
    0.0073279418
   -0.0047193130
   -0.0070937936
   -0.0093269245
   -0.0113347488
   -0.0130516757
   -0.0144277304
   -0.0154261307
   -0.0160215758
   -0.0161994411
   -0.0159555572
   -0.0152963847
   -0.0142395645
   -0.0128148572
   -0.0110657865
   -0.0090520194
   -0.0068521844
   -0.0045658739
    0.0049348209
    0.0048645791
   -0.0059025289
   -0.0081524342
   -0.0102420868
   -0.0120681620
   -0.0135496143
   -0.0146261367
   -0.0152563134
   -0.0154166300
   -0.0151012307
   -0.0143224161
   -0.0131117196
   -0.0115216579
   -0.0096281512
   -0.0075327606
   -0.0053626179
    0.0024994841
    0.0024788879
    0.0023243024
   -0.0047314462
   -0.0069012634
   -0.0090309953
   -0.0109611025
   -0.0125574910
   -0.0137169817
   -0.0143683580
   -0.0144724268
   -0.0140226626
   -0.0130467266
   -0.0116086869
   -0.0098113938
   -0.0077969785
   -0.0057408063
   -0.0038322334
   -0.0022390140
   -0.0010647060
   -0.0003235269
    0.0000442967
    0.0001182935
   -0.0000635750
   -0.0005341467
   -0.0013736079
   -0.0026457684
   -0.0043337760
   -0.0063159738
   -0.0083912465
   -0.0103293117
   -0.0119161547
   -0.0129818368
   -0.0134143405
   -0.0131669920
   -0.0122641740
   -0.0108060497
   -0.0089694235
   -0.0069962726
   -0.0051571899
   -0.0036851060
   -0.0027069874
   -0.0022297311
   -0.0022067245
   -0.0026292785
   -0.0035472313
   -0.0049865022
   -0.0068391553
   -0.0088330750
   -0.0106032975
   -0.0118004068
   -0.0121779492
   -0.0116488382
   -0.0103196692
   -0.0084970924
   -0.0066333040
   -0.0051789258
   -0.0044110159
   -0.0044150434
   -0.0052191394
   -0.0067757063
   -0.0087187873
   -0.0103065277
   -0.0107658754
   -0.0097977296
   -0.0079500841
   -0.0064807623
   -0.0065301166
   -0.0082953336
   -0.0092033747
   -0.0082648230
    0.0013376181
    0.0015904875
    0.0009102211
   -0.0006564217
    0.0036927363
    0.0039820468
    0.0037282443
    0.0029232816
    0.0015538565
   -0.0003806492
   -0.0028517759
    0.0055067628
    0.0059631820
    0.0060864929
    0.0058691492
    0.0052888305
    0.0043195945
    0.0029382081
    0.0011284457
   -0.0011142644
   -0.0037755490
    0.0070882999
    0.0075760592
    0.0078647548
    0.0079551186
    0.0078284803
    0.0074584570
    0.0068171780
    0.0058781858
    0.0046177013
    0.0030154321
    0.0010555855
   -0.0012709902
   -0.0039626293
    0.0091909842
    0.0094207122
    0.0095611670
    0.0095933860
    0.0094896146
    0.0092201695
    0.0087565469
    0.0080725242
    0.0071443676
    0.0059505771
    0.0044716161
    0.0026899243
    0.0005904237
   -0.0018380920
    0.0109847858
    0.0110079550
    0.0110344221
    0.0110338612
    0.0109714828
    0.0108133019
    0.0105282988
    0.0100889135
    0.0094707512
    0.0086520557
    0.0076130760
    0.0063354520
    0.0048018479
    0.0029957125
    0.0009014297
   -0.0014948706
   -0.0042035020
    0.0125199977
    0.0123864709
    0.0122999860
    0.0122159795
    0.0120939822
    0.0118987434
    0.0116000218
    0.0111718689
    0.0105917966
    0.0098399510
    0.0088982931
    0.0077500395
    0.0063790473
    0.0047694805
    0.0029055667
    0.0007716318
   -0.0016473391
    0.0137502698
    0.0134965224
    0.0133288278
    0.0131947350
    0.0130498610
    0.0128571559
    0.0125857869
    0.0122098900
    0.0117074089
    0.0110591747
    0.0102480332
    0.0092581368
    0.0080744204
    0.0066820851
    0.0050662252
    0.0032115954
    0.0011025192
   -0.0012767914
   -0.0039414390
    0.0150995284
    0.0146175054
    0.0143036508
    0.0140904593
    0.0139223617
    0.0137541192
    0.0135489508
    0.0132767180
    0.0129124436
    0.0124350316
    0.0118262241
    0.0110697865
    0.0101507937
    0.0090550771
    0.0077687427
    0.0062777952
    0.0045677604
    0.0026235320
    0.0004292929
   -0.0020311668
    0.0157990677
    0.0152511187
    0.0148893732
    0.0146413846
    0.0144492295
    0.0142666955
    0.0140566949
    0.0137891672
    0.0134394017
    0.0129866400
    0.0124130392
    0.0117028316
    0.0108415888
    0.0098157216
    0.0086119385
    0.0072169024
    0.0056168481
    0.0037973005
    0.0017429546
   -0.0005623504
   -0.0031351937
    0.0158497447
    0.0153865630
    0.0150741175
    0.0148468751
    0.0146531878
    0.0144520552
    0.0142106457
    0.0139022149
    0.0135046381
    0.0129991450
    0.0123693802
    0.0116006810
    0.0106794288
    0.0095925507
    0.0083271134
    0.0068699371
    0.0052072752
    0.0033245524
    0.0012062673
   -0.0011639807
   -0.0038029609
    0.0160693620
    0.0155656701
    0.0152260396
    0.0149818910
    0.0147794447
    0.0145762063
    0.0143382411
    0.0140380622
    0.0136529628
    0.0131637897
    0.0125539102
    0.0118084620
    0.0109137509
    0.0098566776
    0.0086243319
    0.0072036214
    0.0055809316
    0.0037418742
    0.0016711158
   -0.0006475920
   -0.0032310434
    0.0160340558
    0.0155083322
    0.0151547485
    0.0149026221
    0.0146964527
    0.0144923786
    0.0142553663
    0.0139570765
    0.0135740880
    0.0130866740
    0.0124777503
    0.0117320437
    0.0108355043
    0.0097747248
    0.0085365226
    0.0071075599
    0.0054739891
    0.0036212172
    0.0015337824
   -0.0008045968
   -0.0034105620
    0.0159218127
    0.0153322952
    0.0149397857
    0.0146680624
    0.0144567324
    0.0142578603
    0.0140331242
    0.0137515058
    0.0133875274
    0.0129197525
    0.0123297531
    0.0116011938
    0.0107191116
    0.0096693778
    0.0084382011
    0.0070117077
    0.0053756456
    0.0035151202
    0.0014144948
   -0.0009424649
   -0.0035719847
    0.0152261269
    0.0147010357
    0.0143533541
    0.0141110482
    0.0139158459
    0.0137207764
    0.0134878491
    0.0131860112
    0.0127894917
    0.0122764477
    0.0116278854
    0.0108268182
    0.0098575600
    0.0087051305
    0.0073548223
    0.0057918283
    0.0040009444
    0.0019664848
   -0.0003275643
   -0.0028969127
    0.0141771891
    0.0137702428
    0.0135022599
    0.0133091146
    0.0131370488
    0.0129416377
    0.0126861907
    0.0123401989
    0.0118779335
    0.0112772291
    0.0105184924
    0.0095839319
    0.0084568414
    0.0071211344
    0.0055609051
    0.0037601960
    0.0017030048
   -0.0006263788
   -0.0032423587
    0.0129408261
    0.0126504913
    0.0124626478
    0.0123219012
    0.0121782987
    0.0119885920
    0.0117159487
    0.0113290092
    0.0108008251
    0.0101078449
    0.0092289821
    0.0081448760
    0.0068373217
    0.0052888041
    0.0034823534
    0.0014016950
   -0.0009680770
   -0.0036387694
    0.0112978456
    0.0112056073
    0.0111423073
    0.0110652880
    0.0109318593
    0.0107027124
    0.0103428358
    0.0098214049
    0.0091111727
    0.0081877126
    0.0070288077
    0.0056139157
    0.0039239896
    0.0019417120
   -0.0003475775
   -0.0029537443
    0.0094816566
    0.0095902304
    0.0096420229
    0.0096068092
    0.0094480223
    0.0091287658
    0.0086143435
    0.0078731254
    0.0068765332
    0.0055988897
    0.0040174404
    0.0021128618
   -0.0001291464
   -0.0027145987
    0.0072825841
    0.0076773018
    0.0079072451
    0.0079662044
    0.0078269568
    0.0074539690
    0.0068102453
    0.0058607329
    0.0045740854
    0.0029242283
    0.0008926713
   -0.0015270567
    0.0053468358
    0.0058691939
    0.0060806832
    0.0059722385
    0.0055117208
    0.0046592497
    0.0033768637
    0.0016358441
   -0.0005748692
   -0.0032354381
    0.0036979249
    0.0039761084
    0.0037114901
    0.0028690585
    0.0014100063
   -0.0006786260
    0.0016348556
    0.0012462168
   -0.0001571530
   -0.0009592877
    0.0006763504
    0.0012886361
   -0.0006520845
    0.0013701478
    0.0027592417
    0.0035265515
    0.0037083629
    0.0033339322
   -0.0021889739
    0.0002812479
    0.0022890663
    0.0038264993
    0.0049116263
    0.0055770636
    0.0058616700
    0.0058018740
    0.0054190399
   -0.0023202070
    0.0001976711
    0.0023287400
    0.0040734908
    0.0054469644
    0.0064731762
    0.0071821517
    0.0076080641
    0.0077873220
    0.0077553905
    0.0075403980
    0.0071513595
   -0.0026989487
   -0.0001253997
    0.0021047316
    0.0039968045
    0.0055648099
    0.0068279801
    0.0078091489
    0.0085341854
    0.0090319218
    0.0093342023
    0.0094757569
    0.0094930763
    0.0094213195
    0.0092875355
   -0.0021942972
    0.0003161964
    0.0025117528
    0.0044034766
    0.0060067372
    0.0073393191
    0.0084207354
    0.0092720997
    0.0099163824
    0.0103789836
    0.0106883701
    0.0108767193
    0.0109803833
    0.0110395473
    0.0110963935
    0.0111899916
   -0.0022091020
    0.0002991591
    0.0025119796
    0.0044427996
    0.0061072393
    0.0075219472
    0.0087041658
    0.0096718325
    0.0104438107
    0.0110404512
    0.0114842617
    0.0118007107
    0.0120192165
    0.0121741700
    0.0123058564
    0.0124610231
    0.0126921904
   -0.0040041624
   -0.0013110097
    0.0010921458
    0.0032187778
    0.0050842491
    0.0067044761
    0.0080954035
    0.0092729631
    0.0102532322
    0.0110527708
    0.0116891621
    0.0121816043
    0.0125516618
    0.0128242584
    0.0130287589
    0.0132003526
    0.0133815302
    0.0136235978
    0.0139877659
   -0.0031801817
   -0.0005832016
    0.0017368486
    0.0037954497
    0.0056085545
    0.0071918512
    0.0085605895
    0.0097296314
    0.0107137283
    0.0115278602
    0.0121877100
    0.0127102200
    0.0131142716
    0.0134215528
    0.0136575961
    0.0138531077
    0.0140455920
    0.0142813185
    0.0146176060
    0.0151251438
   -0.0035065997
   -0.0008847511
    0.0014648715
    0.0035584153
    0.0054120637
    0.0070414011
    0.0084613051
    0.0096860326
    0.0107294605
    0.0116054326
    0.0123281457
    0.0129126409
    0.0133753897
    0.0137349990
    0.0140130946
    0.0142354702
    0.0144334964
    0.0146459381
    0.0149213096
    0.0153206629
    0.0159209186
   -0.0031143721
   -0.0005387237
    0.0017711066
    0.0038317107
    0.0056592812
    0.0072691695
    0.0086758687
    0.0098931645
    0.0109343921
    0.0118127409
    0.0125417014
    0.0131354764
    0.0136095231
    0.0139812448
    0.0142707852
    0.0145021240
    0.0147043679
    0.0149135318
    0.0151747726
    0.0155452947
    0.0160978918
   -0.0028270646
   -0.0002842915
    0.0019962703
    0.0040313476
    0.0058370700
    0.0074286146
    0.0088202451
    0.0100254877
    0.0110573785
    0.0119288394
    0.0126530236
    0.0132438110
    0.0137162746
    0.0140873722
    0.0143767580
    0.0146077892
    0.0148088243
    0.0150149813
    0.0152702987
    0.0156306267
    0.0161671979
   -0.0033998441
   -0.0008007243
    0.0015321429
    0.0036155598
    0.0054658117
    0.0070982687
    0.0085273724
    0.0097667647
    0.0108295632
    0.0117287019
    0.0124772685
    0.0130890004
    0.0135787535
    0.0139631503
    0.0142613449
    0.0144960313
    0.0146946601
    0.0148910830
    0.0151276018
    0.0154576486
    0.0159490407
   -0.0028702593
   -0.0003234279
    0.0019575888
    0.0039894153
    0.0057881401
    0.0073690108
    0.0087464149
    0.0099340485
    0.0109452273
    0.0117932167
    0.0124916469
    0.0130549808
    0.0134991186
    0.0138420727
    0.0141048154
    0.0143124389
    0.0144954659
    0.0146916034
    0.0149479672
    0.0153236399
    0.0158926433
   -0.0020146023
    0.0004458326
    0.0026403290
    0.0045851568
    0.0062961625
    0.0077884594
    0.0090765022
    0.0101742875
    0.0110956624
    0.0118547499
    0.0124664047
    0.0129468003
    0.0133140783
    0.0135892257
    0.0137970763
    0.0139675969
    0.0141374158
    0.0143516504
    0.0146658385
    0.0151477398
   -0.0016020970
    0.0008156915
    0.0029614874
    0.0048511702
    0.0065004880
    0.0079247618
    0.0091389273
    0.0101577293
    0.0109961291
    0.0116697344
    0.0121953935
    0.0125918381
    0.0128804909
    0.0130864905
    0.0132397354
    0.0133761843
    0.0135391456
    0.0137801717
    0.0141589720
   -0.0024417789
    0.0000704428
    0.0022936478
    0.0042426152
    0.0059329837
    0.0073805641
    0.0086011662
    0.0096107326
    0.0104257482
    0.0110636582
    0.0115435320
    0.0118867993
    0.0121180303
    0.0122658872
    0.0123639120
    0.0124510956
    0.0125715509
    0.0127722107
   -0.0028603013
   -0.0002974277
    0.0019577630
    0.0039179254
    0.0055980716
    0.0070143972
    0.0081838214
    0.0091240499
    0.0098539424
    0.0103939741
    0.0107668935
    0.0109983905
    0.0111176011
    0.0111572378
    0.0111527489
    0.0111393796
   -0.0039337422
   -0.0012407228
    0.0011193263
    0.0031532216
    0.0048735854
    0.0062963217
    0.0074394843
    0.0083229892
    0.0089687050
    0.0094007874
    0.0096459552
    0.0097333073
    0.0096931521
    0.0095537465
    0.0093341046
   -0.0041115735
   -0.0013893000
    0.0009685936
    0.0029606859
    0.0045962481
    0.0058910579
    0.0068653010
    0.0075425912
    0.0079493335
    0.0081137428
    0.0080634899
    0.0078204059
    0.0073901725
   -0.0020157366
    0.0004010882
    0.0023892677
    0.0039487023
    0.0050926515
    0.0058427261
    0.0062250867
    0.0062658290
    0.0059828699
    0.0053714478
   -0.0020198195
    0.0003288353
    0.0021322670
    0.0033751434
    0.0040655144
    0.0042198961
    0.0038452966
   -0.0006517104
    0.0010403746
    0.0018669645
    0.0017869358
   -0.0005986610
   -0.0061399545
   -0.0068736322
   -0.0061331065
   -0.0049523269
   -0.0045898573
   -0.0052360355
   -0.0064925609
   -0.0076768983
   -0.0081878788
   -0.0078026649
   -0.0067010804
   -0.0053077147
   -0.0040688298
   -0.0032719504
   -0.0030148735
   -0.0032994179
   -0.0040928034
   -0.0052912589
   -0.0066812096
   -0.0079791789
   -0.0089181366
   -0.0093156604
   -0.0091022820
   -0.0083210527
   -0.0071108056
   -0.0056770878
   -0.0042488111
   -0.0030239449
   -0.0021238259
   -0.0015843423
   -0.0013915865
   -0.0015319625
   -0.0020139832
   -0.0028468078
   -0.0039990928
   -0.0053753303
   -0.0068266294
   -0.0081839356
   -0.0092919268
   -0.0100309307
   -0.0103264676
   -0.0101511515
   -0.0095230189
   -0.0085022054
   -0.0071862710
   -0.0057024093
   -0.0041941575
   -0.0028006354
   -0.0016312414
   -0.0007452831
   -0.0001486122
    0.0001880609
    0.0002980255
    0.0001920843
   -0.0001487643
   -0.0007584294
   -0.0016580443
   -0.0028314265
   -0.0042163299
   -0.0057135578
   -0.0072062742
   -0.0085793283
   -0.0097327756
   -0.0105886388
   -0.0110930789
   -0.0112163010
   -0.0109515765
   -0.0103143271
   -0.0093412647
   -0.0080896818
   -0.0066362920
   -0.0050744676
   -0.0035082589
   -0.0020417360
    0.0015483027
    0.0018610881
    0.0020117581
    0.0020235779
    0.0018900527
   -0.0035791071
   -0.0051417936
   -0.0067030784
   -0.0081747270
   -0.0094797343
   -0.0105555595
   -0.0113548525
   -0.0118448424
   -0.0120065095
   -0.0118338365
   -0.0113332431
   -0.0105233877
   -0.0094351611
   -0.0081119870
   -0.0066101065
   -0.0049981883
   -0.0033554512
    0.0036961769
    0.0037842789
    0.0037924670
   -0.0040339955
   -0.0056732581
   -0.0072558757
   -0.0087167099
   -0.0100015709
   -0.0110673941
   -0.0118814878
   -0.0124206329
   -0.0126702207
   -0.0126236864
   -0.0122821576
   -0.0116542512
   -0.0107561808
   -0.0096119988
   -0.0082541908
   -0.0067244388
   -0.0050742362
   -0.0033648984
    0.0055463739
   -0.0046328969
   -0.0063065953
   -0.0078828141
   -0.0093142345
   -0.0105626484
   -0.0115981066
   -0.0123978917
   -0.0129456007
   -0.0132305258
   -0.0132472569
   -0.0129953649
   -0.0124793610
   -0.0117086650
   -0.0106978060
   -0.0094668395
   -0.0080419794
   -0.0064565445
   -0.0047518778
   -0.0042863512
   -0.0060157728
   -0.0076430509
   -0.0091294269
   -0.0104438659
   -0.0115619476
   -0.0124648299
   -0.0131383767
   -0.0135725973
   -0.0137612666
   -0.0137016789
   -0.0133945499
   -0.0128439452
   -0.0120573355
   -0.0110457658
   -0.0098241743
   -0.0084119714
   -0.0068338586
   -0.0051209222
   -0.0054720823
   -0.0071635712
   -0.0087193566
   -0.0101129896
   -0.0113236415
   -0.0123350685
   -0.0131347903
   -0.0137135141
   -0.0140647632
   -0.0141846970
   -0.0140719646
   -0.0137276484
   -0.0131552476
   -0.0123607154
   -0.0113525779
   -0.0101422087
   -0.0087442597
   -0.0071774120
   -0.0054653038
   -0.0054919179
   -0.0072036169
   -0.0087741210
   -0.0101822350
   -0.0114113511
   -0.0124484890
   -0.0132835609
   -0.0139089024
   -0.0143189927
   -0.0145102790
   -0.0144810809
   -0.0142315672
   -0.0137637131
   -0.0130813224
   -0.0121900531
   -0.0110975492
   -0.0098137414
   -0.0083512520
   -0.0067261406
   -0.0049588601
   -0.0052050254
   -0.0069548092
   -0.0085624279
   -0.0100098785
   -0.0112831015
   -0.0123711114
   -0.0132652668
   -0.0139588999
   -0.0144470141
   -0.0147261462
   -0.0147943483
   -0.0146510882
   -0.0142972635
   -0.0137352043
   -0.0129686438
   -0.0120027979
   -0.0108444698
   -0.0095023410
   -0.0079874065
   -0.0063136445
   -0.0044990354
   -0.0055621012
   -0.0072980461
   -0.0088847911
   -0.0103080336
   -0.0115566606
   -0.0126219198
   -0.0134969256
   -0.0141762818
   -0.0146559234
   -0.0149330186
   -0.0150059291
   -0.0148741915
   -0.0145385114
   -0.0140007337
   -0.0132638853
   -0.0123321339
   -0.0112109361
   -0.0099071794
   -0.0084295417
   -0.0067890608
   -0.0049999496
   -0.0057534464
   -0.0074832955
   -0.0090601520
   -0.0104720702
   -0.0117097678
   -0.0127659240
   -0.0136347153
   -0.0143115647
   -0.0147929822
   -0.0150764974
   -0.0151606510
   -0.0150449904
   -0.0147300584
   -0.0142173948
   -0.0135095129
   -0.0126098956
   -0.0115230989
   -0.0102548382
   -0.0088122754
   -0.0072044724
   -0.0054431303
   -0.0049871600
   -0.0067836774
   -0.0084310430
   -0.0099173582
   -0.0112334484
   -0.0123721251
   -0.0133276500
   -0.0140954582
   -0.0146719692
   -0.0150545114
   -0.0152413160
   -0.0152314985
   -0.0150250984
   -0.0146230346
   -0.0140271050
   -0.0132399947
   -0.0122652611
   -0.0111074501
   -0.0097722041
   -0.0082666171
   -0.0065997028
   -0.0047832231
   -0.0043065192
   -0.0061578720
   -0.0078635317
   -0.0094111924
   -0.0107914777
   -0.0119970699
   -0.0130221591
   -0.0138620808
   -0.0145131341
   -0.0149724725
   -0.0152380841
   -0.0153088107
   -0.0151843418
   -0.0148652031
   -0.0143527822
   -0.0136492849
   -0.0127577592
   -0.0116821244
   -0.0104272636
   -0.0089992906
   -0.0074059041
   -0.0056570593
   -0.0048582809
   -0.0066704231
   -0.0083322850
   -0.0098326975
   -0.0111630742
   -0.0123166785
   -0.0132881390
   -0.0140731211
   -0.0146682267
   -0.0150708796
   -0.0152793382
   -0.0152926989
   -0.0151109151
   -0.0147347785
   -0.0141659327
   -0.0134068551
   -0.0124608820
   -0.0113322394
   -0.0100262152
   -0.0085494059
   -0.0069102354
   -0.0051196064
   -0.0039632676
   -0.0058397139
   -0.0075726383
   -0.0091488182
   -0.0105581732
   -0.0117928666
   -0.0128466750
   -0.0137146186
   -0.0143927309
   -0.0148779506
   -0.0151680978
   -0.0152618823
   -0.0151588788
   -0.0148595788
   -0.0143653794
   -0.0136785518
   -0.0128022917
   -0.0117407302
   -0.0104990751
   -0.0090838404
   -0.0075032787
   -0.0057680147
   -0.0038919928
   -0.0046588329
   -0.0064812156
   -0.0081558671
   -0.0096697156
   -0.0110126970
   -0.0121769021
   -0.0131560540
   -0.0139451388
   -0.0145402398
   -0.0149384117
   -0.0151377245
   -0.0151372131
   -0.0149369078
   -0.0145378489
   -0.0139420745
   -0.0131526395
   -0.0121736620
   -0.0110104178
   -0.0096695548
   -0.0081594593
   -0.0064908761
   -0.0046777306
   -0.0042266673
   -0.0060727840
   -0.0077770896
   -0.0093237545
   -0.0107005557
   -0.0118979242
   -0.0129082999
   -0.0137256664
   -0.0143453421
   -0.0147638400
   -0.0149788331
   -0.0149891438
   -0.0147947563
   -0.0143968314
   -0.0137977204
   -0.0130009612
   -0.0120114100
   -0.0108353077
   -0.0094805939
   -0.0079573555
   -0.0062784884
   -0.0044606891
   -0.0056120581
   -0.0073452759
   -0.0089259873
   -0.0103387436
   -0.0115714804
   -0.0126146623
   -0.0134607817
   -0.0141040276
   -0.0145400768
   -0.0147660640
   -0.0147805156
   -0.0145833976
   -0.0141761183
   -0.0135615326
   -0.0127440176
   -0.0117295801
   -0.0105260430
   -0.0091434279
   -0.0075945061
   -0.0058956250
   -0.0040678232
   -0.0042594636
   -0.0060759952
   -0.0077591213
   -0.0092864172
   -0.0106402735
   -0.0118068744
   -0.0127753457
   -0.0135372133
   -0.0140860874
   -0.0144174873
   -0.0145287536
   -0.0144190383
   -0.0140893275
   -0.0135424674
   -0.0127832496
   -0.0118185065
   -0.0106573958
   -0.0093117674
   -0.0077968059
   -0.0061319020
   -0.0043417988
   -0.0048265786
   -0.0065860638
   -0.0082096777
   -0.0096716962
   -0.0109517766
   -0.0120339384
   -0.0129056953
   -0.0135575547
   -0.0139826609
   -0.0141766561
   -0.0141376218
   -0.0138660389
   -0.0133648831
   -0.0126396872
   -0.0116987410
   -0.0105533882
   -0.0092184980
   -0.0077132386
   -0.0060620191
   -0.0042957128
   -0.0045298771
   -0.0062827728
   -0.0079121502
   -0.0093845116
   -0.0106731348
   -0.0117569451
   -0.0126195896
   -0.0132487894
   -0.0136359150
   -0.0137757877
   -0.0136666097
   -0.0133099675
   -0.0127109443
   -0.0118782874
   -0.0108247737
   -0.0095676975
   -0.0081296332
   -0.0065394492
   -0.0048334507
   -0.0042164791
   -0.0059524640
   -0.0075827707
   -0.0090633045
   -0.0103583600
   -0.0114396086
   -0.0122851978
   -0.0128789553
   -0.0132099509
   -0.0132722195
   -0.0130647104
   -0.0125913723
   -0.0118613276
   -0.0108893009
   -0.0096961555
   -0.0083097068
   -0.0067657986
   -0.0051092454
    0.0055868604
   -0.0046086199
   -0.0062874906
   -0.0078607695
   -0.0092740004
   -0.0104827420
   -0.0114519797
   -0.0121553704
   -0.0125746081
   -0.0126990211
   -0.0125255015
   -0.0120585649
   -0.0113107089
   -0.0103029317
   -0.0090654952
   -0.0076388995
   -0.0060747101
   -0.0044357659
    0.0038312279
    0.0037632739
   -0.0029527829
   -0.0045991603
   -0.0062343303
   -0.0077765197
   -0.0091537764
   -0.0103064966
   -0.0111879919
   -0.0117642835
   -0.0120137871
   -0.0119271707
   -0.0115075942
   -0.0107711179
   -0.0097474866
   -0.0084810068
   -0.0070312194
   -0.0054727162
   -0.0038925211
   -0.0023837460
    0.0018867736
    0.0020543124
    0.0020712741
    0.0019506762
    0.0016746547
   -0.0031772805
   -0.0047432111
   -0.0063263435
   -0.0078203470
   -0.0091280546
   -0.0101683511
   -0.0108793882
   -0.0112199614
   -0.0111702548
   -0.0107325927
   -0.0099324787
   -0.0088195533
   -0.0074680709
   -0.0059753683
   -0.0044560722
   -0.0030297819
   -0.0018020690
   -0.0008439247
   -0.0001797027
    0.0002074619
    0.0003525814
    0.0002796007
   -0.0000172719
   -0.0005701911
   -0.0014129545
   -0.0025482914
   -0.0039257650
   -0.0054414626
   -0.0069569636
   -0.0083252790
   -0.0094132606
   -0.0101162863
   -0.0103667412
   -0.0101391968
   -0.0094539074
   -0.0083790273
   -0.0070296235
   -0.0055596273
   -0.0041415967
   -0.0029331219
   -0.0020407914
   -0.0015042411
   -0.0013160746
   -0.0014647288
   -0.0019622545
   -0.0028276996
   -0.0040359969
   -0.0054756945
   -0.0069515085
   -0.0082286608
   -0.0090895848
   -0.0093805345
   -0.0090432493
   -0.0081340056
   -0.0068274784
   -0.0053924984
   -0.0041258083
   -0.0032598620
   -0.0029115823
   -0.0031188524
   -0.0038888735
   -0.0051424417
   -0.0066035828
   -0.0078105918
   -0.0082963173
   -0.0078279467
   -0.0065923148
   -0.0052053887
   -0.0044193769
   -0.0047232190
   -0.0060553186
   -0.0071535582
   -0.0061518607
   -0.0061399545
    0.0008453106
    0.0002639172
   -0.0009524162
    0.0024781877
    0.0026523240
    0.0024118719
    0.0017606654
    0.0007005132
   -0.0007548104
    0.0038128281
    0.0041718207
    0.0042608380
    0.0040846236
    0.0036351304
    0.0029000897
    0.0018690073
    0.0005376282
   -0.0010877650
   -0.0029848172
    0.0053392932
    0.0056197629
    0.0057274137
    0.0056627071
    0.0054154972
    0.0049710847
    0.0043139207
    0.0034299033
    0.0023078946
    0.0009410982
   -0.0006711116
   -0.0025204726
    0.0067530091
    0.0069519240
    0.0070474341
    0.0070373349
    0.0069104020
    0.0066513423
    0.0062437767
    0.0056718202
    0.0049209517
    0.0039784650
    0.0028338155
    0.0014791440
   -0.0000899021
   -0.0018727014
    0.0081639564
    0.0082381659
    0.0082655860
    0.0082381198
    0.0081413458
    0.0079583806
    0.0076720467
    0.0072660071
    0.0067252037
    0.0060360275
    0.0051863033
    0.0041652572
    0.0029636008
    0.0015737405
   -0.0000096796
   -0.0017888342
    0.0094596364
    0.0094045322
    0.0093428999
    0.0092576505
    0.0091297685
    0.0089404226
    0.0086719564
    0.0083082581
    0.0078348327
    0.0072386407
    0.0065079450
    0.0056321202
    0.0046015076
    0.0034073815
    0.0020420279
    0.0004990296
   -0.0012261541
   -0.0031351768
    0.0106806970
    0.0105010553
    0.0103605633
    0.0102377673
    0.0101102380
    0.0099564880
    0.0097568439
    0.0094937021
    0.0091514272
    0.0087161918
    0.0081756512
    0.0075187136
    0.0067352776
    0.0058160071
    0.0047522330
    0.0035358363
    0.0021593193
    0.0006159884
   -0.0010996451
   -0.0029910906
    0.0117011751
    0.0114156061
    0.0112001755
    0.0110274986
    0.0108714858
    0.0107084854
    0.0105175619
    0.0102804058
    0.0099810753
    0.0096056118
    0.0091417365
    0.0085784869
    0.0079059299
    0.0071149305
    0.0061969315
    0.0051438210
    0.0039478334
    0.0026015395
    0.0010979409
   -0.0005692491
   -0.0024051039
    0.0124960437
    0.0121341432
    0.0118633888
    0.0116517426
    0.0114704382
    0.0112943021
    0.0111016003
    0.0108736670
    0.0105944399
    0.0102500160
    0.0098282667
    0.0093184214
    0.0087107934
    0.0079964952
    0.0071672385
    0.0062151189
    0.0051325279
    0.0039120313
    0.0025463873
    0.0010285995
   -0.0006478392
   -0.0024885097
    0.0127854593
    0.0124468959
    0.0121887458
    0.0119789674
    0.0117900456
    0.0115985731
    0.0113846875
    0.0111314647
    0.0108244242
    0.0104510130
    0.0100002250
    0.0094622605
    0.0088282017
    0.0080898042
    0.0072392773
    0.0062691245
    0.0051720397
    0.0039407894
    0.0025682332
    0.0010473652
   -0.0006284826
   -0.0024652716
    0.0131494495
    0.0127841832
    0.0125060930
    0.0122818201
    0.0120831572
    0.0118863439
    0.0116713744
    0.0114213122
    0.0111217211
    0.0107601342
    0.0103256693
    0.0098086341
    0.0092002544
    0.0084924229
    0.0076775050
    0.0067481368
    0.0056971400
    0.0045174064
    0.0032018253
    0.0017433542
    0.0001350737
   -0.0016294840
   -0.0035558967
    0.0133547445
    0.0129715315
    0.0126800644
    0.0124460952
    0.0122408613
    0.0120402891
    0.0118241669
    0.0115754576
    0.0112796522
    0.0109242735
    0.0104984280
    0.0099924351
    0.0093975580
    0.0087057204
    0.0079093278
    0.0070010840
    0.0059738490
    0.0048205556
    0.0035341397
    0.0021075416
    0.0005337874
   -0.0011937828
   -0.0030811223
    0.0135761699
    0.0131390948
    0.0128105250
    0.0125534147
    0.0123366398
    0.0121341749
    0.0119242213
    0.0116884364
    0.0114112976
    0.0110795042
    0.0106815122
    0.0102071525
    0.0096472914
    0.0089935748
    0.0082381862
    0.0073736906
    0.0063928640
    0.0052885856
    0.0040537633
    0.0026813099
    0.0011641950
   -0.0005044011
   -0.0023307212
    0.0135075124
    0.0130580768
    0.0127210189
    0.0124586684
    0.0122391850
    0.0120358467
    0.0118262276
    0.0115914599
    0.0113155228
    0.0109847275
    0.0105871660
    0.0101123685
    0.0095509432
    0.0088943028
    0.0081344330
    0.0072637123
    0.0062747755
    0.0051603643
    0.0039132876
    0.0025264024
    0.0009926852
   -0.0006945790
   -0.0025413914
    0.0128498724
    0.0125051166
    0.0122389009
    0.0120186172
    0.0118166210
    0.0116095600
    0.0113776880
    0.0111042279
    0.0107747723
    0.0103768534
    0.0098994650
    0.0093327537
    0.0086677435
    0.0078960701
    0.0070097916
    0.0060012841
    0.0048630665
    0.0035877972
    0.0021682710
    0.0005975354
   -0.0011308257
   -0.0030221869
    0.0126609205
    0.0122725750
    0.0119795092
    0.0117471413
    0.0115453055
    0.0113480488
    0.0111332309
    0.0108819364
    0.0105779231
    0.0102071595
    0.0097573270
    0.0092174879
    0.0085777422
    0.0078289814
    0.0069626589
    0.0059706366
    0.0048450768
    0.0035783698
    0.0021631886
    0.0005926352
   -0.0011394395
   -0.0030377965
    0.0118121017
    0.0115154751
    0.0112851251
    0.0110906122
    0.0109047693
    0.0107038121
    0.0104671102
    0.0101768060
    0.0098173768
    0.0093752050
    0.0088382161
    0.0081955076
    0.0074371395
    0.0065538457
    0.0055369208
    0.0043781011
    0.0030695468
    0.0016039753
   -0.0000251037
   -0.0018228154
   -0.0037920261
    0.0109161213
    0.0106934062
    0.0105128438
    0.0103475719
    0.0101724711
    0.0099648950
    0.0097047402
    0.0093743144
    0.0089580075
    0.0084419651
    0.0078137935
    0.0070622247
    0.0061769523
    0.0051484361
    0.0039678304
    0.0026270703
    0.0011190404
   -0.0005619409
   -0.0024192861
    0.0099770113
    0.0098189250
    0.0096873534
    0.0095613283
    0.0094178869
    0.0092344574
    0.0089899640
    0.0086652721
    0.0082431852
    0.0077082907
    0.0070467736
    0.0062461481
    0.0052951459
    0.0041835873
    0.0029024901
    0.0014443046
   -0.0001965058
   -0.0020224654
    0.0086703647
    0.0086396362
    0.0085907359
    0.0085091926
    0.0083756688
    0.0081694091
    0.0078700416
    0.0074585040
    0.0069173390
    0.0062307754
    0.0053847197
    0.0043667128
    0.0031661017
    0.0017743495
    0.0001857917
   -0.0016010774
   -0.0035815109
    0.0072769075
    0.0073594377
    0.0073681516
    0.0072922374
    0.0071142409
    0.0068141469
    0.0063717755
    0.0057680149
    0.0049855272
    0.0040092121
    0.0028266707
    0.0014290192
   -0.0001878102
   -0.0020208446
    0.0057885851
    0.0059865552
    0.0060434768
    0.0059534000
    0.0057002780
    0.0052638043
    0.0046230382
    0.0037587659
    0.0026552678
    0.0013021226
   -0.0003032442
   -0.0021517367
    0.0042585543
    0.0045372157
    0.0045826344
    0.0043899686
    0.0039417816
    0.0032165650
    0.0021951294
    0.0008661247
   -0.0007678156
   -0.0026816402
    0.0028654262
    0.0030069337
    0.0027703189
    0.0021406699
    0.0011007218
   -0.0003512458
   -0.0021811698
    0.0012737714
    0.0011094051
    0.0002899005
   -0.0011681637
   -0.0011597129
    0.0001181839
    0.0006658190
   -0.0011318810
    0.0004352402
    0.0015659845
    0.0022459100
    0.0024860399
    0.0022982757
   -0.0026204143
   -0.0007330081
    0.0008616963
    0.0021346253
    0.0030823400
    0.0037167999
    0.0040575203
    0.0041240041
    0.0039268921
   -0.0013384726
    0.0003938077
    0.0018687842
    0.0030814943
    0.0040381385
    0.0047523200
    0.0052423386
    0.0055288683
    0.0056321381
    0.0055677791
    0.0053405659
   -0.0025238012
   -0.0006432769
    0.0010191353
    0.0024565569
    0.0036708899
    0.0046700120
    0.0054660385
    0.0060742273
    0.0065122947
    0.0067996762
    0.0069565619
    0.0070021451
    0.0069515451
    0.0068107380
   -0.0016715761
    0.0001177257
    0.0017053548
    0.0030918958
    0.0042826560
    0.0052862098
    0.0061135445
    0.0067776538
    0.0072933413
    0.0076771305
    0.0079472108
    0.0081231689
    0.0082253013
    0.0082732166
    0.0082830593
   -0.0018842038
   -0.0000743721
    0.0015480014
    0.0029851743
    0.0042426579
    0.0053281449
    0.0062509315
    0.0070216282
    0.0076521024
    0.0081555346
    0.0085465642
    0.0088414952
    0.0090584162
    0.0092172396
    0.0093394035
    0.0094469696
    0.0095607406
   -0.0023050780
   -0.0004593914
    0.0012084193
    0.0027015225
    0.0040255066
    0.0051875306
    0.0061958157
    0.0070594470
    0.0077883237
    0.0083931882
    0.0088858517
    0.0092793620
    0.0095883238
    0.0098291883
    0.0100205328
    0.0101832792
    0.0103406615
    0.0105177787
    0.0107402770
   -0.0019911419
   -0.0001789711
    0.0014629234
    0.0029392576
    0.0042563058
    0.0054212986
    0.0064420998
    0.0073270809
    0.0080851174
    0.0087256782
    0.0092589905
    0.0096962467
    0.0100498935
    0.0103339705
    0.0105644497
    0.0107596750
    0.0109407397
    0.0111317714
    0.0113600440
    0.0116554860
   -0.0038053958
   -0.0018425569
   -0.0000479330
    0.0015821765
    0.0030533395
    0.0043721355
    0.0055457655
    0.0065817868
    0.0074880440
    0.0082726951
    0.0089442899
    0.0095119288
    0.0099854521
    0.0103757033
    0.0106948390
    0.0109566476
    0.0111770347
    0.0113744402
    0.0115704004
    0.0117900254
    0.0120624108
    0.0124207425
   -0.0026789622
   -0.0008162441
    0.0008836997
    0.0024263386
    0.0038181441
    0.0050661125
    0.0061775001
    0.0071597210
    0.0080203455
    0.0087671571
    0.0094082906
    0.0099523548
    0.0104086667
    0.0107875023
    0.0111003735
    0.0113604128
    0.0115828067
    0.0117852807
    0.0119887148
    0.0122177339
    0.0125014204
    0.0128738033
   -0.0033809947
   -0.0014640451
    0.0002908271
    0.0018890410
    0.0033370053
    0.0046416275
    0.0058100214
    0.0068493874
    0.0077669842
    0.0085701760
    0.0092665334
    0.0098639773
    0.0103709195
    0.0107965143
    0.0111508952
    0.0114455007
    0.0116934305
    0.0119099238
    0.0121128645
    0.0123234607
    0.0125669115
    0.0128732268
    0.0132779290
   -0.0027030280
   -0.0008452156
    0.0008536159
    0.0023995094
    0.0037991888
    0.0050596538
    0.0061879982
    0.0071913198
    0.0080767600
    0.0088515337
    0.0095230646
    0.0100991191
    0.0105879889
    0.0109986853
    0.0113412421
    0.0116269835
    0.0118689457
    0.0120823014
    0.0122849536
    0.0124981423
    0.0127472210
    0.0130625045
    0.0134800770
   -0.0033308902
   -0.0014227846
    0.0003249734
    0.0019181720
    0.0033634287
    0.0046676776
    0.0058379915
    0.0068814228
    0.0078050486
    0.0086159854
    0.0093214948
    0.0099291244
    0.0104468748
    0.0108833744
    0.0112481481
    0.0115519112
    0.0118068854
    0.0120272731
    0.0122297289
    0.0124340018
    0.0126636051
    0.0129466576
    0.0133166892
   -0.0020508869
   -0.0002497917
    0.0013939707
    0.0028867579
    0.0042354310
    0.0054470169
    0.0065286104
    0.0074872954
    0.0083302165
    0.0090646322
    0.0096980610
    0.0102384291
    0.0106942638
    0.0110749356
    0.0113909096
    0.0116541279
    0.0118783875
    0.0120797993
    0.0122774216
    0.0124938644
    0.0127560446
    0.0130959371
    0.0135511825
   -0.0034316153
   -0.0015135372
    0.0002416164
    0.0018393266
    0.0032860268
    0.0045886122
    0.0057541797
    0.0067898874
    0.0077029491
    0.0085007127
    0.0091907058
    0.0097808394
    0.0102795310
    0.0106959630
    0.0110403124
    0.0113240816
    0.0115604784
    0.0117648263
    0.0119551159
    0.0121525338
    0.0123821326
    0.0126733940
    0.0130606567
   -0.0023426634
   -0.0005140577
    0.0011515253
    0.0026598918
    0.0040176516
    0.0052318429
    0.0063096998
    0.0072586042
    0.0080861042
    0.0088000038
    0.0094084803
    0.0099202895
    0.0103449343
    0.0106930053
    0.0109764115
    0.0112088016
    0.0114059637
    0.0115862991
    0.0117713151
    0.0119860657
    0.0122594641
    0.0126242012
   -0.0034163739
   -0.0014919864
    0.0002628775
    0.0018526023
    0.0032830809
    0.0045610549
    0.0056937406
    0.0066886697
    0.0075536756
    0.0082968996
    0.0089269537
    0.0094530726
    0.0098853263
    0.0102349020
    0.0105144042
    0.0107381839
    0.0109227678
    0.0110871827
    0.0112532841
    0.0114459166
    0.0116925790
   -0.0035080483
   -0.0015702023
    0.0001926884
    0.0017838530
    0.0032085779
    0.0044733859
    0.0055855960
    0.0065530721
    0.0073841856
    0.0080878414
    0.0086736128
    0.0091519428
    0.0095343560
    0.0098337645
    0.0100647288
    0.0102437828
    0.0103896458
    0.0105232491
    0.0106674584
    0.0108460387
   -0.0034309412
   -0.0014934689
    0.0002620034
    0.0018371878
    0.0032365969
    0.0044665501
    0.0055345739
    0.0064490969
    0.0072193829
    0.0078555494
    0.0083687019
    0.0087711467
    0.0090765731
    0.0093002940
    0.0094593316
    0.0095723549
    0.0096591962
    0.0097396127
    0.0098308274
   -0.0021106721
   -0.0002940201
    0.0013299836
    0.0027634475
    0.0040115568
    0.0050815789
    0.0059823511
    0.0067240642
    0.0073181654
    0.0077774698
    0.0081161970
    0.0083500285
    0.0084959602
    0.0085717281
    0.0085945906
    0.0085788425
    0.0085315054
   -0.0024829550
   -0.0006273771
    0.0010201844
    0.0024581897
    0.0036900988
    0.0047228586
    0.0055659863
    0.0062311000
    0.0067316450
    0.0070826627
    0.0073004484
    0.0074017197
    0.0074020621
    0.0073129457
    0.0071367458
   -0.0017052258
    0.0000576423
    0.0015858925
    0.0028767901
    0.0039343608
    0.0047673703
    0.0053880645
    0.0058111833
    0.0060527661
    0.0061283683
    0.0060498706
    0.0058202518
   -0.0028486755
   -0.0009534173
    0.0006783840
    0.0020293742
    0.0030959091
    0.0038835593
    0.0044037061
    0.0046703503
    0.0046958587
    0.0044845843
   -0.0013641860
    0.0002741023
    0.0015556378
    0.0024639520
    0.0029982313
    0.0031635288
    0.0029591619
   -0.0006727200
    0.0006072145
    0.0013275652
    0.0014526657
