[1] 0.5294006600000003 0.6170102187500003 0.0 0.00023283000000073883 
[31] 0.2241586800000004 1.6422204587500002 1.3894503185292706 1.286874450000001 
[61] 0.00034318999999971567 4.28661181875 4.689100346702617 4.14445926 
[91] 0.026259460000000345 6.39833418875 6.702277132659219 6.284701050000001 
[121] 0.001958789999999766 4.16520697875 4.604057055432349 3.9608035800000008 
[151] 0.23905936999999966 1.57411841875 1.297120553557761 1.1451967800000005 
[181] 0.5292107000000001 0.6166992187500003 0.002674359187949449 0.0 
[211] 0.21120557999999967 1.7068860887499997 1.4722635666839778 1.2977424400000004 
[241] 0.0 4.36121509875 4.836013526306488 4.16392288 
[271] 0.02595143000000011 6.395531528749999 6.695634326490108 6.2829985200000005 
[301] 0.00241217000000038 4.086237318749999 4.456085903046187 3.93995303 
[331] 0.2519953800000003 1.5149882587500003 1.22021557536209 1.1352760000000006 
