    0.0040674999
    0.0042018519
    0.0042949519
    0.0044095751
    0.0044595722
    0.0046326725
    0.0047367349
    0.0048127361
    0.0050733254
    0.0051895438
    0.0051193533
    0.0052568906
    0.0055357078
    0.0055588678
    0.0054197361
    0.0055477810
    0.0060137157
    0.0058916326
    0.0061665114
    0.0064209587
    0.0064362177
    0.0068008180
    0.0068093699
    0.0072968197
    0.0079008282
    0.0087856053
    0.0092516328
    0.0104231053
    0.0102634022
    0.0096766717
    0.0090960470
    0.0085565435
    0.0076925935
    0.0069866433
    0.0068708389
    0.0061015891
    0.0063707355
    0.0051669815
    0.0049382062
    0.0038993611
    0.0039616656
    0.0033610677
    0.0029460110
    0.0032186615
    0.0017502690
    0.0015523853
    0.0019903420
    0.0008349739
    0.0003116832
    0.0003897125
    0.0010511990
    0.0003131961
   -0.0004992322
   -0.0007560424
   -0.0004506011
   -0.0007556540
   -0.0017641969
   -0.0022754161
   -0.0022628154
   -0.0017471840
   -0.0030204311
   -0.0036083649
   -0.0037145156
   -0.0033423589
   -0.0025424846
   -0.0029732593
   -0.0040080226
   -0.0046512944
   -0.0048500872
   -0.0046012364
   -0.0039484500
   -0.0047032231
   -0.0056926777
   -0.0063214293
   -0.0065400885
   -0.0063475164
   -0.0057879765
   -0.0066764431
   -0.0074697807
   -0.0079207618
   -0.0079908701
   -0.0076874888
   -0.0070635913
   -0.0062223075
   -0.0073740820
   -0.0082615318
   -0.0088777934
   -0.0091579605
   -0.0090859585
   -0.0086911860
   -0.0080500054
   -0.0088532789
   -0.0097580864
   -0.0104421368
   -0.0108297159
   -0.0108936734
   -0.0106515617
   -0.0101651118
   -0.0095408600
   -0.0098632211
   -0.0107110657
   -0.0114793396
   -0.0120500098
   -0.0123507070
   -0.0123551508
   -0.0120810306
   -0.0115900197
   -0.0109874164
   -0.0104132894
   -0.0107027971
   -0.0114315501
   -0.0121988127
   -0.0128669238
   -0.0133341908
   -0.0135444908
   -0.0134872812
   -0.0131961207
   -0.0127480648
   -0.0122589734
   -0.0118668848
   -0.0116991986
   -0.0118324375
   -0.0122640398
   -0.0129135571
   -0.0136526923
   -0.0143462745
   -0.0148847469
   -0.0151998390
   -0.0152678651
   -0.0151084815
   -0.0147831095
   -0.0143904484
   -0.0140525806
   -0.0138868574
   -0.0139696680
   -0.0143086341
   -0.0148398630
   -0.0154522588
   -0.0160242588
   -0.0164550709
   -0.0166814116
   -0.0166826413
   -0.0164808913
   -0.0161396047
   -0.0157577415
   -0.0154527912
   -0.0153307018
   -0.0154505201
   -0.0158020689
   -0.0163103934
   -0.0168642180
   -0.0173521378
   -0.0176897094
   -0.0178325500
   -0.0177797605
   -0.0175730453
   -0.0172923562
   -0.0170430860
   -0.0169306035
   -0.0170264671
   -0.0173412409
   -0.0178203073
   -0.0183656779
   -0.0188703815
   -0.0192482014
   -0.0194500207
   -0.0194691526
   -0.0193407045
   -0.0191363838
   -0.0189513216
   -0.0188793213
   -0.0189814009
   -0.0192619982
   -0.0196672924
   -0.0201071883
   -0.0204873481
   -0.0207360503
   -0.0208188180
   -0.0207431844
   -0.0205574224
   -0.0203422757
   -0.0201920540
   -0.0201850340
   -0.0203535789
   -0.0206708034
   -0.0210625390
   -0.0214372279
   -0.0217169233
   -0.0218573862
   -0.0218565006
   -0.0217540225
   -0.0216231970
   -0.0215515290
   -0.0216112241
   -0.0218298584
   -0.0221781035
   -0.0225829202
   -0.0229577120
   -0.0232326075
   -0.0233732495
   -0.0233875762
   -0.0233229131
   -0.0232531687
   -0.0232548379
   -0.0233767240
   -0.0236180466
   -0.0239290453
   -0.0242339247
   -0.0244620433
   -0.0245721519
   -0.0245640538
   -0.0244787084
   -0.0243864039
   -0.0243625200
   -0.0244559648
   -0.0246661694
   -0.0249439962
   -0.0252164847
   -0.0254192682
   -0.0255211144
   -0.0255337452
   -0.0255077811
   -0.0255139674
   -0.0256125216
   -0.0258230305
   -0.0261137384
   -0.0264184168
   -0.0266692102
   -0.0268260660
   -0.0268913625
   -0.0269074623
   -0.0269381098
   -0.0270370592
   -0.0272185576
   -0.0274491232
   -0.0276673636
   -0.0278179592
   -0.0278794906
   -0.0278747562
   -0.0278607262
   -0.0278997934
   -0.0280243157
   -0.0282170681
   -0.0284236910
   -0.0285878697
   -0.0286848719
   -0.0287351226
   -0.0287925788
   -0.0289111006
   -0.0291074440
   -0.0293483848
   -0.0295739967
   -0.0297383257
   -0.0298380502
   -0.0299121807
   -0.0300127986
   -0.0301641002
   -0.0303422030
   -0.0304956088
   -0.0305885198
   -0.0306309943
   -0.0306727182
   -0.0307628006
   -0.0309071879
   -0.0310658732
   -0.0311947881
   -0.0312904142
   -0.0313934220
   -0.0315456383
   -0.0317419161
   -0.0319331521
   -0.0320799280
   -0.0321936166
   -0.0323157030
   -0.0324586854
   -0.0325876722
   -0.0326736084
   -0.0327421304
   -0.0328408760
   -0.0329701983
   -0.0330946586
   -0.0332178830
   -0.0333751995
   -0.0335508374
   -0.0336993514
   -0.0338294613
   -0.0339495890
   -0.0340388166
   -0.0341370325
   -0.0342627882
   -0.0344221642
   -0.0345661732
   -0.0346753431
    0.0067979050
    0.0064372832
    0.0063359443
    0.0078671385
    0.0088345643
    0.0088526389
    0.0080077262
    0.0066200582
    0.0071079821
    0.0084886798
    0.0095756352
    0.0102520233
    0.0104218522
    0.0100820787
    0.0093311008
    0.0083199490
    0.0084369904
    0.0094488559
    0.0103596065
    0.0110823926
    0.0115219864
    0.0116215116
    0.0113782947
    0.0108457667
    0.0101273453
    0.0093569791
    0.0086478620
    0.0093994373
    0.0100186543
    0.0107341029
    0.0114387983
    0.0120225827
    0.0124021799
    0.0125295802
    0.0123932521
    0.0120181249
    0.0114665197
    0.0108398313
    0.0102781271
    0.0099484510
    0.0103990530
    0.0105980268
    0.0110761770
    0.0116718752
    0.0122522382
    0.0127200974
    0.0130115795
    0.0130923190
    0.0129548366
    0.0126178137
    0.0121278589
    0.0115639730
    0.0110451752
    0.0107414943
    0.0108856052
    0.0108909416
    0.0110786787
    0.0115289909
    0.0120705425
    0.0125836884
    0.0129875411
    0.0132309873
    0.0132869670
    0.0131494445
    0.0128327106
    0.0123730246
    0.0118330442
    0.0113100539
    0.0109501417
    0.0109722413
    0.0111532471
    0.0107607453
    0.0109053585
    0.0113229740
    0.0118394107
    0.0123382798
    0.0127422704
    0.0130020241
    0.0130896841
    0.0129953258
    0.0127258277
    0.0123056560
    0.0117801517
    0.0112217687
    0.0107414087
    0.0105084460
    0.0107877721
    0.0101438781
    0.0100712213
    0.0103885413
    0.0108803123
    0.0114068434
    0.0118759072
    0.0122271143
    0.0124228665
    0.0124433098
    0.0122837677
    0.0119541870
    0.0114804893
    0.0109081284
    0.0103087785
    0.0097922723
    0.0095280251
    0.0087912068
    0.0087312969
    0.0090773179
    0.0096044844
    0.0101692419
    0.0106774708
    0.0110673233
    0.0112995855
    0.0113521420
    0.0112171207
    0.0108998883
    0.0104198924
    0.0098133292
    0.0091384717
    0.0084850649
    0.0079910913
    0.0078740862
    0.0066042289
    0.0068004908
    0.0073157043
    0.0079510196
    0.0085789098
    0.0091155911
    0.0095061577
    0.0097160639
    0.0097263045
    0.0095309937
    0.0091367146
    0.0085634865
    0.0078476163
    0.0070470573
    0.0062509735
    0.0055965307
    0.0043738725
    0.0051417307
    0.0059182160
    0.0066044906
    0.0071352468
    0.0074681054
    0.0075774530
    0.0074511003
    0.0070888296
    0.0065024499
    0.0057175734
    0.0047771737
    0.0037480924
    0.0027322355
    0.0016038618
    0.0026166976
    0.0034973651
    0.0041789956
    0.0046173396
    0.0047846285
    0.0046660477
    0.0042579920
    0.0035678021
    0.0026146949
    0.0014321238
    0.0000719672
   -0.0014591033
   -0.0002989912
    0.0005701676
    0.0011096681
    0.0012939650
    0.0011081051
    0.0005462438
   -0.0003891492
   -0.0016874793
   -0.0033303349
   -0.0049983000
   -0.0038482681
   -0.0031763276
   -0.0030015607
   -0.0033389002
   -0.0042001632
   -0.0055963560
   -0.0084638536
   -0.0082144805
   -0.0087246819
    0.0068125922
    0.0063167329
    0.0077113836
    0.0084290713
    0.0078820628
    0.0064878885
    0.0068329502
    0.0082885014
    0.0093761754
    0.0099319120
    0.0098684639
    0.0092385380
    0.0082016845
    0.0069077513
    0.0080043525
    0.0091263137
    0.0100935125
    0.0108234934
    0.0112181931
    0.0112248697
    0.0108566761
    0.0101912422
    0.0093522522
    0.0084623011
    0.0088310459
    0.0095393042
    0.0103064469
    0.0110622459
    0.0116976802
    0.0121200252
    0.0122724598
    0.0121390859
    0.0117455116
    0.0111587581
    0.0104858547
    0.0098659937
    0.0094410388
    0.0101799012
    0.0105384560
    0.0111030139
    0.0117295000
    0.0122960481
    0.0127140163
    0.0129278956
    0.0129128926
    0.0126732964
    0.0122427087
    0.0116866163
    0.0111073508
    0.0106506674
    0.0105101540
    0.0108612470
    0.0109097563
    0.0112976864
    0.0118342837
    0.0123804544
    0.0128393144
    0.0131474204
    0.0132684876
    0.0131895455
    0.0129195772
    0.0124903928
    0.0119602394
    0.0114207620
    0.0110088709
    0.0109259166
    0.0109162093
    0.0109061001
    0.0112532158
    0.0117555812
    0.0122768999
    0.0127256521
    0.0130422244
    0.0131911944
    0.0131569614
    0.0129418052
    0.0125662103
    0.0120713547
    0.0115246576
    0.0110296446
    0.0107433527
    0.0109076319
    0.0103108654
    0.0104099081
    0.0108100217
    0.0113277843
    0.0118425699
    0.0122745565
    0.0125721941
    0.0127049744
    0.0126594224
    0.0124374182
    0.0120564172
    0.0115518240
    0.0109818672
    0.0104365612
    0.0100535913
    0.0100475374
    0.0093291925
    0.0091352942
    0.0094089253
    0.0099039172
    0.0104636338
    0.0109855455
    0.0114021563
    0.0116703361
    0.0117651621
    0.0116766763
    0.0114085837
    0.0109788598
    0.0104221719
    0.0097948761
    0.0091839307
    0.0087228514
    0.0086211391
    0.0072720258
    0.0073985134
    0.0078705142
    0.0084819244
    0.0091007497
    0.0096403596
    0.0100439548
    0.0102757821
    0.0103161169
    0.0101586655
    0.0098098922
    0.0092898758
    0.0086352318
    0.0079044483
    0.0071874937
    0.0066228201
    0.0050312755
    0.0057266869
    0.0064790857
    0.0071768679
    0.0077464871
    0.0081399798
    0.0083277391
    0.0082944874
    0.0080373910
    0.0075657609
    0.0069024467
    0.0060870318
    0.0051818062
    0.0042820426
    0.0018887933
    0.0028605186
    0.0037989418
    0.0046100097
    0.0052312884
    0.0056220971
    0.0057577665
    0.0056265113
    0.0052280350
    0.0045735861
    0.0036875281
    0.0026105296
    0.0014053066
   -0.0009549102
    0.0002661920
    0.0012645850
    0.0019887844
    0.0024045602
    0.0024908942
    0.0022376733
    0.0016446028
    0.0007211331
   -0.0005127919
   -0.0020253433
   -0.0045146706
   -0.0031424681
   -0.0021732867
   -0.0016327945
   -0.0015391226
   -0.0019037569
   -0.0027326361
   -0.0040276088
   -0.0057891312
   -0.0077809625
   -0.0067767635
   -0.0064175888
   -0.0067160264
   -0.0076900592
    0.0068912643
    0.0078392889
    0.0074667674
    0.0059919912
    0.0071498526
    0.0085605399
    0.0094086674
    0.0095102734
    0.0088973202
    0.0077677421
    0.0080215841
    0.0092182654
    0.0101651099
    0.0107605179
    0.0109238296
    0.0106467436
    0.0100010177
    0.0091143914
    0.0081083787
    0.0084143240
    0.0093176069
    0.0101960712
    0.0109922617
    0.0116060473
    0.0119541334
    0.0119933491
    0.0117271891
    0.0112061679
    0.0105248458
    0.0098113233
    0.0091954258
    0.0097337723
    0.0101840605
    0.0108033629
    0.0114752421
    0.0120817431
    0.0125308374
    0.0127631819
    0.0127522541
    0.0125034823
    0.0120545692
    0.0114775705
    0.0108823212
    0.0104185605
    0.0102681868
    0.0106564947
    0.0108698328
    0.0113454756
    0.0119184381
    0.0124637858
    0.0128936311
    0.0131515709
    0.0132081105
    0.0130579951
    0.0127196302
    0.0122369842
    0.0116841000
    0.0111732412
    0.0108675329
    0.0109984197
    0.0112515450
    0.0109045015
    0.0110699663
    0.0115017658
    0.0120287166
    0.0125331069
    0.0129357375
    0.0131862148
    0.0132570775
    0.0131405342
    0.0128475950
    0.0124093765
    0.0118809404
    0.0113486044
    0.0109427426
    0.0108600474
    0.0109011075
    0.0105518733
    0.0107178784
    0.0111421829
    0.0116569534
    0.0121506054
    0.0125490933
    0.0128051867
    0.0128920426
    0.0127999289
    0.0125349726
    0.0121199785
    0.0115974035
    0.0110353124
    0.0105379753
    0.0102646796
    0.0104647834
    0.0096100383
    0.0097490271
    0.0101707340
    0.0106983413
    0.0112162442
    0.0116480659
    0.0119443812
    0.0120755955
    0.0120280790
    0.0118024469
    0.0114136958
    0.0108932309
    0.0102932858
    0.0096948884
    0.0092220624
    0.0090678076
    0.0080485411
    0.0080744379
    0.0084730454
    0.0090310002
    0.0096116865
    0.0101253513
    0.0105131242
    0.0107377561
    0.0107785449
    0.0106285953
    0.0102940191
    0.0097948525
    0.0091678079
    0.0084717426
    0.0077971895
    0.0072833942
    0.0058844415
    0.0064645376
    0.0071424572
    0.0077961635
    0.0083454080
    0.0087376222
    0.0089399107
    0.0089345369
    0.0087166134
    0.0082936654
    0.0076866843
    0.0069331463
    0.0060925733
    0.0052563945
    0.0045653897
    0.0026707219
    0.0034501670
    0.0043045276
    0.0051081047
    0.0057781139
    0.0062599592
    0.0065188401
    0.0065349864
    0.0063011732
    0.0058219257
    0.0051142251
    0.0042098921
    0.0031601020
    0.0020432409
    0.0000765966
    0.0011902008
    0.0021434267
    0.0028722385
    0.0033340433
    0.0035020895
    0.0033621385
    0.0029108746
    0.0021556019
    0.0011150969
   -0.0001783343
   -0.0016753390
   -0.0033868637
   -0.0020821428
   -0.0011089161
   -0.0005031933
   -0.0002894402
   -0.0004826867
   -0.0010898144
   -0.0021105821
   -0.0035385733
   -0.0069214831
   -0.0057108898
   -0.0050503550
   -0.0049552918
   -0.0054405201
   -0.0065214089
   -0.0105493649
   -0.0108100752
    0.0048951357
    0.0049643482
    0.0050127391
    0.0050670277
    0.0050952185
    0.0051782518
    0.0052351504
    0.0052811700
    0.0054041195
    0.0054643924
    0.0054424075
    0.0055048449
    0.0056277424
    0.0056455221
    0.0055938563
    0.0056532883
    0.0058901045
    0.0058492142
    0.0059722533
    0.0061312576
    0.0061310332
    0.0063313573
    0.0063216308
    0.0066111174
    0.0069097689
    0.0071311469
    0.0074271362
    0.0079085215
    0.0083683117
    0.0075988038
    0.0072624942
    0.0066991936
    0.0062085910
    0.0061717530
    0.0056940562
    0.0050128804
    0.0049819489
    0.0042679054
    0.0043996016
    0.0038636432
    0.0037245415
    0.0028951454
    0.0028450487
    0.0023151429
    0.0020353926
    0.0020987959
    0.0015788717
    0.0013918637
    0.0015329329
    0.0008786887
    0.0004712449
    0.0003724515
    0.0005815722
   -0.0002639115
   -0.0005137573
   -0.0004684534
   -0.0001372234
   -0.0007142908
   -0.0011071006
   -0.0012241648
   -0.0010626422
   -0.0006438977
   -0.0015828814
   -0.0020775424
   -0.0023194974
   -0.0022970950
   -0.0020220528
   -0.0025103691
   -0.0030043125
   -0.0032681537
   -0.0032837191
   -0.0030558779
   -0.0026125366
   -0.0032008166
   -0.0036995669
   -0.0039851700
   -0.0040375953
   -0.0038599903
   -0.0034784045
   -0.0044099422
   -0.0048872846
   -0.0051615608
   -0.0052160077
   -0.0050562536
   -0.0047099793
   -0.0051735116
   -0.0056968378
   -0.0060554261
   -0.0062171177
   -0.0061720585
   -0.0059322290
   -0.0055314527
   -0.0056944758
   -0.0062482142
   -0.0066719789
   -0.0069238165
   -0.0069842800
   -0.0068559862
   -0.0065633934
   -0.0061524102
   -0.0067637687
   -0.0073248961
   -0.0077751860
   -0.0080702690
   -0.0081875509
   -0.0081260257
   -0.0079058161
   -0.0075675793
   -0.0071704442
   -0.0075391092
   -0.0080640183
   -0.0085419231
   -0.0089134729
   -0.0091379864
   -0.0091955489
   -0.0090873889
   -0.0088356180
   -0.0084825314
   -0.0080879886
   -0.0080933356
   -0.0085700337
   -0.0090515339
   -0.0094714569
   -0.0097782403
   -0.0099398792
   -0.0099455290
   -0.0098055549
   -0.0095509588
   -0.0092315028
   -0.0089109330
   -0.0086579918
   -0.0091524728
   -0.0096064772
   -0.0100861784
   -0.0105257740
   -0.0108712563
   -0.0110865658
   -0.0111560800
   -0.0110849762
   -0.0108985754
   -0.0106404957
   -0.0103682334
   -0.0101448984
   -0.0100272496
   -0.0100526964
   -0.0102295265
   -0.0105348136
   -0.0109205885
   -0.0113260545
   -0.0116906976
   -0.0119647841
   -0.0121156279
   -0.0121304023
   -0.0120167922
   -0.0118024174
   -0.0115325487
   -0.0112648378
   -0.0110599785
   -0.0109691332
   -0.0110214280
   -0.0112160315
   -0.0115225630
   -0.0118895156
   -0.0122570645
   -0.0125698104
   -0.0127858843
   -0.0128820882
   -0.0128557649
   -0.0127248489
   -0.0125260699
   -0.0123106770
   -0.0121362849
   -0.0120553161
   -0.0121022073
   -0.0122840212
   -0.0125784993
   -0.0129404055
   -0.0133134182
   -0.0136430256
   -0.0138864535
   -0.0140186588
   -0.0140346874
   -0.0139498210
   -0.0137976587
   -0.0136255527
   -0.0134865668
   -0.0134281467
   -0.0134801382
   -0.0136465107
   -0.0139042147
   -0.0142099232
   -0.0145116042
   -0.0147606249
   -0.0149209302
   -0.0149744642
   -0.0149232835
   -0.0147893024
   -0.0146114543
   -0.0144394742
   -0.0143239979
   -0.0143043036
   -0.0143973502
   -0.0145928816
   -0.0148566836
   -0.0151405956
   -0.0153951027
   -0.0155803403
   -0.0156731914
   -0.0156706617
   -0.0155901497
   -0.0154667110
   -0.0153469054
   -0.0152788002
   -0.0152996882
   -0.0154251748
   -0.0156443624
   -0.0159232776
   -0.0162151139
   -0.0164727584
   -0.0166596724
   -0.0167566817
   -0.0167648432
   -0.0167048971
   -0.0166133611
   -0.0165348991
   -0.0165112800
   -0.0165694859
   -0.0167132424
   -0.0169218840
   -0.0171570996
   -0.0173745343
   -0.0175356790
   -0.0176168229
   -0.0176137348
   -0.0175424763
   -0.0174363813
   -0.0173387551
   -0.0172918549
   -0.0173243585
   -0.0174420823
   -0.0176261571
   -0.0178396338
   -0.0180395928
   -0.0181895523
   -0.0182687548
   -0.0182767180
   -0.0182332516
   -0.0181738742
   -0.0181404468
   -0.0181687367
   -0.0182763533
   -0.0184563290
   -0.0186796913
   -0.0189055830
   -0.0190945682
   -0.0192198881
   -0.0192741349
   -0.0192706796
   -0.0192398241
   -0.0192200350
   -0.0192455121
   -0.0193339256
   -0.0194797083
   -0.0196562512
   -0.0198261018
   -0.0199543051
   -0.0200197569
   -0.0200215696
   -0.0199794171
   -0.0199279407
   -0.0199055023
   -0.0199404008
   -0.0200397313
   -0.0201867146
   -0.0203480128
   -0.0204873332
   -0.0205790893
   -0.0206171932
   -0.0206171277
   -0.0206104803
   -0.0206332946
   -0.0207112049
   -0.0208480721
   -0.0210239796
   -0.0212041388
   -0.0213537227
   -0.0214517231
   -0.0214984479
   -0.0215148222
   -0.0215335029
   -0.0215842810
   -0.0216798351
   -0.0218094094
   -0.0219442592
   -0.0220520199
   -0.0221121180
   -0.0221254163
   -0.0221142143
   -0.0221124402
   -0.0221492844
   -0.0222341459
   -0.0223519736
   -0.0224722366
   -0.0225662934
   -0.0226228286
   -0.0226539440
   -0.0226886273
   -0.0227564190
   -0.0228692867
   -0.0230137634
   -0.0231588760
   -0.0232748997
   -0.0233506921
   -0.0233992962
   -0.0234486924
   -0.0235224331
   -0.0236227018
   -0.0237285857
   -0.0238117328
   -0.0238576092
   -0.0238770140
   -0.0238993445
   -0.0239510820
   -0.0240356946
   -0.0241320832
   -0.0242141161
   -0.0242742604
   -0.0243305296
   -0.0244099779
   -0.0245219896
   -0.0246475554
   -0.0247567346
   -0.0248371379
   -0.0249039859
   -0.0249801908
   -0.0250676418
   -0.0251446476
   -0.0251946122
   -0.0252305891
   -0.0252814953
   -0.0253556583
   -0.0254339044
   -0.0255047724
   -0.0255855889
   -0.0256902569
   -0.0257982854
   -0.0258867225
   -0.0259649997
   -0.0260397583
   -0.0260952322
   -0.0261444638
   -0.0262114676
   -0.0262910376
   -0.0263913134
   -0.0264839575
   -0.0265435272
   -0.0266198928
    0.0062412120
    0.0060675114
    0.0060237180
    0.0067923340
    0.0072874233
    0.0073037581
    0.0068849977
    0.0062003444
    0.0064339506
    0.0071305315
    0.0076891347
    0.0080493064
    0.0081531643
    0.0079943617
    0.0076271881
    0.0071335566
    0.0071162812
    0.0076282454
    0.0080975145
    0.0084902832
    0.0087520465
    0.0088427183
    0.0087532171
    0.0085091236
    0.0081654913
    0.0077914734
    0.0074393070
    0.0079351327
    0.0082659559
    0.0086271071
    0.0089657792
    0.0092276106
    0.0093723818
    0.0093802980
    0.0092539963
    0.0090185897
    0.0087204622
    0.0084235423
    0.0081996073
    0.0084060429
    0.0084712200
    0.0086759719
    0.0089616577
    0.0092634519
    0.0095255202
    0.0097066467
    0.0097817369
    0.0097418975
    0.0095942984
    0.0093624159
    0.0090866051
    0.0088246213
    0.0086509269
    0.0086517373
    0.0087864660
    0.0087925057
    0.0089638006
    0.0092196052
    0.0094930693
    0.0097331355
    0.0099038162
    0.0099829459
    0.0099611266
    0.0098412076
    0.0096384278
    0.0093814025
    0.0091137386
    0.0088965195
    0.0088111142
    0.0089611137
    0.0090732352
    0.0088178778
    0.0088284383
    0.0089987321
    0.0092455229
    0.0095059646
    0.0097342203
    0.0098985435
    0.0099791515
    0.0099667877
    0.0098620711
    0.0096755445
    0.0094284596
    0.0091544190
    0.0089020880
    0.0087392470
    0.0087584672
    0.0090846135
    0.0089085920
    0.0085827420
    0.0085535875
    0.0087014536
    0.0089382404
    0.0091995838
    0.0094390866
    0.0096243069
    0.0097339701
    0.0097562754
    0.0096879075
    0.0095337933
    0.0093075050
    0.0090323889
    0.0087436499
    0.0084916283
    0.0083469304
    0.0084081974
    0.0088139755
    0.0082205789
    0.0079874106
    0.0080214208
    0.0082081816
    0.0084660455
    0.0087364702
    0.0089777428
    0.0091608375
    0.0092667396
    0.0092847975
    0.0092118211
    0.0090517890
    0.0088162576
    0.0085253269
    0.0082095227
    0.0079127909
    0.0076972610
    0.0076506730
    0.0078983621
    0.0071653674
    0.0070826780
    0.0072161272
    0.0074645478
    0.0077565150
    0.0080411889
    0.0082825528
    0.0084557957
    0.0085449139
    0.0085413022
    0.0084430262
    0.0082546909
    0.0079878020
    0.0076618873
    0.0073062854
    0.0069631762
    0.0066923023
    0.0065784792
    0.0058037868
    0.0058614730
    0.0060921072
    0.0064053623
    0.0067375888
    0.0070435763
    0.0072914406
    0.0074593166
    0.0075333552
    0.0075064266
    0.0073775507
    0.0071518498
    0.0068410042
    0.0064643138
    0.0060506012
    0.0056411797
    0.0052945393
    0.0050939307
    0.0040523070
    0.0042212074
    0.0045419673
    0.0049274274
    0.0053162086
    0.0056646953
    0.0059420692
    0.0061271538
    0.0062064069
    0.0061727147
    0.0060247995
    0.0057671623
    0.0054104673
    0.0049725492
    0.0044801258
    0.0039714770
    0.0035007281
    0.0031445950
    0.0019576762
    0.0023713329
    0.0028540223
    0.0033386200
    0.0037773203
    0.0041360464
    0.0043909456
    0.0045260927
    0.0045320807
    0.0044052467
    0.0041474086
    0.0037660006
    0.0032747872
    0.0026950743
    0.0020576691
    0.0014059887
   -0.0001799240
    0.0004717793
    0.0010888195
    0.0016273291
    0.0020556806
    0.0023514626
    0.0024995893
    0.0024910283
    0.0023220917
    0.0019942031
    0.0015139927
    0.0008937692
    0.0001524859
   -0.0006828977
   -0.0022968529
   -0.0015070861
   -0.0008525441
   -0.0003586217
   -0.0000437304
    0.0000795698
    0.0000037475
   -0.0002742144
   -0.0007530158
   -0.0014271188
   -0.0022867299
   -0.0033177300
   -0.0046438858
   -0.0038215198
   -0.0032326592
   -0.0028904685
   -0.0028047951
   -0.0029823366
   -0.0034269979
   -0.0041403590
   -0.0051225959
   -0.0068073624
   -0.0063182615
   -0.0061844923
   -0.0064132878
   -0.0070128336
    0.0062499016
    0.0060090726
    0.0067099965
    0.0070755438
    0.0068033124
    0.0061120277
    0.0062965443
    0.0070282315
    0.0075843735
    0.0078777971
    0.0078553524
    0.0075438716
    0.0070313496
    0.0063947912
    0.0069047989
    0.0074721734
    0.0079684116
    0.0083597368
    0.0085897305
    0.0086214337
    0.0084566627
    0.0081367773
    0.0077286706
    0.0072936559
    0.0077037698
    0.0080705617
    0.0084536952
    0.0088074942
    0.0090763185
    0.0092172034
    0.0092096637
    0.0090587779
    0.0087948270
    0.0084702067
    0.0081514507
    0.0079013053
    0.0082803721
    0.0084587566
    0.0087340097
    0.0090467501
    0.0093362304
    0.0095533444
    0.0096653574
    0.0096572442
    0.0095318461
    0.0093098535
    0.0090298844
    0.0087481024
    0.0085357640
    0.0084711155
    0.0087167461
    0.0087465492
    0.0089324525
    0.0091972602
    0.0094745378
    0.0097128002
    0.0098758604
    0.0099420825
    0.0099035012
    0.0097654578
    0.0095468553
    0.0092810585
    0.0090174448
    0.0088232243
    0.0087844681
    0.0089696919
    0.0088172328
    0.0088923393
    0.0090984358
    0.0093588380
    0.0096154663
    0.0098263448
    0.0099632294
    0.0100098751
    0.0099608918
    0.0098213914
    0.0096073090
    0.0093465659
    0.0090810447
    0.0088697526
    0.0087930184
    0.0089577840
    0.0088474120
    0.0086427570
    0.0086883502
    0.0088775281
    0.0091309422
    0.0093904358
    0.0096143189
    0.0097740277
    0.0098518115
    0.0098393437
    0.0097370459
    0.0095541429
    0.0093093700
    0.0090325418
    0.0087671767
    0.0085745047
    0.0085395705
    0.0087802533
    0.0083481801
    0.0081598787
    0.0082203029
    0.0084209081
    0.0086836313
    0.0089523074
    0.0091869594
    0.0093600098
    0.0094538267
    0.0094591892
    0.0093745294
    0.0092058257
    0.0089670684
    0.0086815059
    0.0083837993
    0.0081234126
    0.0079699969
    0.0080217778
    0.0075400116
    0.0073538839
    0.0074256584
    0.0076423437
    0.0079241753
    0.0082143200
    0.0084723930
    0.0086702991
    0.0087894899
    0.0088193779
    0.0087563548
    0.0086035521
    0.0083710655
    0.0080769100
    0.0077486506
    0.0074261649
    0.0071659610
    0.0070480582
    0.0071870364
    0.0061927490
    0.0062268067
    0.0064415669
    0.0067451949
    0.0070729242
    0.0073787236
    0.0076301497
    0.0078049955
    0.0078891918
    0.0078756029
    0.0077633564
    0.0075578063
    0.0072710584
    0.0069230335
    0.0065433998
    0.0061746567
    0.0058769837
    0.0057360397
    0.0045611214
    0.0046970664
    0.0049948784
    0.0053656068
    0.0057466295
    0.0060934914
    0.0063748305
    0.0065690940
    0.0066625332
    0.0066479579
    0.0065241412
    0.0062957209
    0.0059736309
    0.0055761188
    0.0051304981
    0.0046759125
    0.0042677779
    0.0039847579
    0.0028388629
    0.0032803967
    0.0037508046
    0.0041962569
    0.0045784350
    0.0048703898
    0.0050538376
    0.0051174914
    0.0050561269
    0.0048701043
    0.0045654574
    0.0041544348
    0.0036566141
    0.0031007274
    0.0025275949
    0.0019945955
    0.0006528826
    0.0012645175
    0.0018470096
    0.0023573166
    0.0027646259
    0.0030473898
    0.0031913739
    0.0031884341
    0.0030359007
    0.0027363798
    0.0022979400
    0.0017348351
    0.0010686339
    0.0003300376
   -0.0019878299
   -0.0011800691
   -0.0004667876
    0.0001191263
    0.0005537665
    0.0008203742
    0.0009080970
    0.0008112766
    0.0005290309
    0.0000651364
   -0.0005717346
   -0.0013676411
   -0.0023027833
   -0.0043577006
   -0.0034320989
   -0.0027015061
   -0.0021834329
   -0.0018909396
   -0.0018329192
   -0.0020144761
   -0.0024372372
   -0.0030996515
   -0.0039974782
   -0.0065327374
   -0.0057229228
   -0.0052231697
   -0.0050403505
   -0.0051806195
   -0.0056494136
   -0.0064521773
   -0.0088126983
   -0.0089036847
    0.0062951666
    0.0067757240
    0.0065930330
    0.0058626789
    0.0064475288
    0.0071618406
    0.0076006735
    0.0076609502
    0.0073569058
    0.0067965126
    0.0069077119
    0.0075167882
    0.0080102854
    0.0083353395
    0.0084415856
    0.0083188806
    0.0080057450
    0.0075724554
    0.0070806680
    0.0075742061
    0.0080153904
    0.0084333924
    0.0087814606
    0.0090077333
    0.0090781730
    0.0089860364
    0.0087537525
    0.0084297265
    0.0080788613
    0.0077621297
    0.0080627692
    0.0083123705
    0.0086298316
    0.0089654112
    0.0092619627
    0.0094720344
    0.0095649319
    0.0095291226
    0.0093728049
    0.0091237713
    0.0088287308
    0.0085508273
    0.0083624449
    0.0083273583
    0.0086011903
    0.0086052517
    0.0087713878
    0.0090333041
    0.0093238973
    0.0095867887
    0.0097801064
    0.0098771188
    0.0098658441
    0.0097487594
    0.0095428491
    0.0092802892
    0.0090094665
    0.0087958915
    0.0087215512
    0.0088790472
    0.0089413222
    0.0088066399
    0.0088896471
    0.0091005900
    0.0093645457
    0.0096232504
    0.0098340774
    0.0099682893
    0.0100096031
    0.0099532430
    0.0098056035
    0.0095846935
    0.0093212857
    0.0090609252
    0.0088668111
    0.0088233299
    0.0090393793
    0.0089032447
    0.0087304090
    0.0087921015
    0.0089877474
    0.0092409691
    0.0094951263
    0.0097095048
    0.0098563748
    0.0099189505
    0.0098901429
    0.0097720525
    0.0095761042
    0.0093239333
    0.0090491439
    0.0088000735
    0.0086441095
    0.0086738229
    0.0090155343
    0.0085726973
    0.0083618889
    0.0084037634
    0.0085900513
    0.0088419584
    0.0091023751
    0.0093304614
    0.0094979798
    0.0095869308
    0.0095879722
    0.0094997597
    0.0093287676
    0.0090898628
    0.0088075885
    0.0085183401
    0.0082739189
    0.0081469415
    0.0082392973
    0.0080864174
    0.0077215833
    0.0076774288
    0.0078236169
    0.0080679674
    0.0083446581
    0.0086066349
    0.0088207131
    0.0089644160
    0.0090239286
    0.0089929501
    0.0088721388
    0.0086691930
    0.0083995283
    0.0080876640
    0.0077695772
    0.0074964054
    0.0073403228
    0.0074038745
    0.0066699138
    0.0066486835
    0.0068213355
    0.0070931553
    0.0073972055
    0.0076858570
    0.0079254501
    0.0080928866
    0.0081734812
    0.0081596248
    0.0080502044
    0.0078504426
    0.0075724624
    0.0072363238
    0.0068719918
    0.0065223885
    0.0062482639
    0.0061359959
    0.0051835440
    0.0052654603
    0.0055173705
    0.0058492318
    0.0061975965
    0.0065174250
    0.0067769187
    0.0069542506
    0.0070355083
    0.0070134756
    0.0068869902
    0.0066609048
    0.0063465050
    0.0059625845
    0.0055372288
    0.0051107253
    0.0047401190
    0.0045065091
    0.0034826009
    0.0038463107
    0.0042627870
    0.0046729926
    0.0050349712
    0.0053190868
    0.0055050530
    0.0055800429
    0.0055375088
    0.0053767039
    0.0051026247
    0.0047264630
    0.0042666575
    0.0037506430
    0.0032176241
    0.0027229616
    0.0011715604
    0.0016792038
    0.0022126338
    0.0027154572
    0.0031473713
    0.0034797504
    0.0036929010
    0.0037742353
    0.0037171972
    0.0035207812
    0.0031894244
    0.0027334421
    0.0021699288
    0.0015242172
    0.0008323079
   -0.0012641510
   -0.0005439892
    0.0001218132
    0.0006923443
    0.0011379859
    0.0014377569
    0.0015776267
    0.0015494028
    0.0013500861
    0.0009817070
    0.0004514363
   -0.0002279600
   -0.0010372387
   -0.0019494835
   -0.0036063275
   -0.0027361799
   -0.0020222635
   -0.0014880419
   -0.0011507402
   -0.0010222838
   -0.0011098740
   -0.0014164534
   -0.0019409995
   -0.0026786508
   -0.0036209550
   -0.0059628383
   -0.0050920241
   -0.0044868634
   -0.0041581122
   -0.0041142753
   -0.0043615684
   -0.0049042427
   -0.0057453473
   -0.0080488357
   -0.0077152611
   -0.0077856508
   -0.0082686220
    0.0051268959
    0.0051641107
    0.0051901190
    0.0052172420
    0.0052329580
    0.0052753124
    0.0053071243
    0.0053344840
    0.0053967557
    0.0054292222
    0.0054222161
    0.0054526501
    0.0055110869
    0.0055221291
    0.0055011296
    0.0055309553
    0.0056151738
    0.0056566917
    0.0056430135
    0.0057035926
    0.0057977201
    0.0057958830
    0.0059047416
    0.0058968049
    0.0060649746
    0.0060979458
    0.0062274288
    0.0063431654
    0.0061501994
    0.0057474505
    0.0053797597
    0.0051063947
    0.0045911583
    0.0041375561
    0.0038738025
    0.0037846672
    0.0032236937
    0.0031859756
    0.0026567241
    0.0026798507
    0.0023815378
    0.0022457202
    0.0023011960
    0.0016549962
    0.0015483055
    0.0016254870
    0.0012228271
    0.0010000083
    0.0009523718
    0.0010808945
    0.0007068945
    0.0005275575
    0.0005181307
    0.0006760174
   -0.0001191615
   -0.0002539208
   -0.0002252695
   -0.0000399451
   -0.0006650463
   -0.0008656615
   -0.0009116392
   -0.0008022629
   -0.0009949664
   -0.0012633036
   -0.0013883600
   -0.0013638984
   -0.0011955997
   -0.0016645181
   -0.0019818895
   -0.0021669911
   -0.0022099325
   -0.0021124307
   -0.0018876342
   -0.0023701893
   -0.0026732777
   -0.0028539526
   -0.0029001877
   -0.0028112959
   -0.0025978783
   -0.0028683054
   -0.0031675650
   -0.0033513912
   -0.0034077497
   -0.0033359484
   -0.0031465548
   -0.0033758653
   -0.0037525812
   -0.0040368929
   -0.0042082363
   -0.0042570720
   -0.0041848759
   -0.0040040083
   -0.0037373069
   -0.0043619973
   -0.0046634425
   -0.0048686718
   -0.0049619061
   -0.0049380957
   -0.0048030127
   -0.0045730516
   -0.0042747053
   -0.0047596507
   -0.0050793794
   -0.0053175788
   -0.0054548263
   -0.0054823799
   -0.0054023472
   -0.0052275465
   -0.0049810211
   -0.0055568108
   -0.0058849336
   -0.0061380041
   -0.0062962403
   -0.0063502557
   -0.0063012623
   -0.0061608677
   -0.0059505364
   -0.0057002731
   -0.0061465967
   -0.0064682504
   -0.0067416070
   -0.0069401338
   -0.0070465564
   -0.0070537457
   -0.0069650291
   -0.0067939951
   -0.0065637856
   -0.0063055342
   -0.0065231286
   -0.0068384954
   -0.0071279774
   -0.0073613171
   -0.0075164894
   -0.0075812959
   -0.0075539672
   -0.0074431821
   -0.0072675605
   -0.0070543367
   -0.0068369156
   -0.0069831262
   -0.0072832353
   -0.0076006932
   -0.0079006164
   -0.0081523897
   -0.0083329693
   -0.0084287028
   -0.0084361212
   -0.0083620004
   -0.0082228624
   -0.0080436495
   -0.0078553667
   -0.0076913815
   -0.0075826228
   -0.0077584800
   -0.0079754285
   -0.0082359899
   -0.0085079207
   -0.0087587933
   -0.0089604639
   -0.0090922015
   -0.0091425145
   -0.0091100080
   -0.0090034431
   -0.0088410620
   -0.0086490968
   -0.0084589462
   -0.0083030942
   -0.0082099817
   -0.0081989678
   -0.0082765071
   -0.0084348751
   -0.0086537926
   -0.0089044877
   -0.0091548830
   -0.0093747235
   -0.0095395986
   -0.0096335869
   -0.0096506421
   -0.0095950379
   -0.0094809527
   -0.0093311936
   -0.0091746780
   -0.0090426786
   -0.0089639153
   -0.0089593914
   -0.0090382088
   -0.0091957347
   -0.0094145275
   -0.0096679717
   -0.0099252648
   -0.0101566394
   -0.0103375740
   -0.0104516626
   -0.0104921879
   -0.0104625775
   -0.0103759785
   -0.0102538743
   -0.0101235320
   -0.0100141538
   -0.0099520915
   -0.0099559243
   -0.0100326790
   -0.0101763367
   -0.0103691702
   -0.0105854230
   -0.0107962836
   -0.0109747783
   -0.0110997473
   -0.0111584656
   -0.0111480237
   -0.0110755629
   -0.0109576300
   -0.0108181939
   -0.0106855096
   -0.0105875864
   -0.0105471287
   -0.0105769200
   -0.0106770782
   -0.0108350749
   -0.0110285690
   -0.0112300165
   -0.0114119236
   -0.0115513507
   -0.0116332323
   -0.0116521561
   -0.0116129527
   -0.0115301405
   -0.0114260061
   -0.0113274143
   -0.0112612812
   -0.0112494335
   -0.0113039826
   -0.0114245521
   -0.0115984279
   -0.0118033965
   -0.0120125215
   -0.0121993329
   -0.0123423719
   -0.0124283220
   -0.0124536787
   -0.0124250478
   -0.0123581832
   -0.0122756616
   -0.0122031461
   -0.0121646275
   -0.0121773690
   -0.0122480927
   -0.0123713057
   -0.0125307272
   -0.0127029698
   -0.0128626635
   -0.0129873678
   -0.0130614642
   -0.0130785605
   -0.0130424776
   -0.0129666628
   -0.0128722084
   -0.0127843179
   -0.0127274587
   -0.0127201189
   -0.0127705356
   -0.0128746876
   -0.0130174013
   -0.0131760512
   -0.0133258171
   -0.0134448669
   -0.0135184534
   -0.0135414169
   -0.0135189629
   -0.0134658121
   -0.0134035800
   -0.0133566807
   -0.0133469795
   -0.0133886181
   -0.0134844515
   -0.0136252079
   -0.0137919643
   -0.0139607775
   -0.0141082331
   -0.0142163378
   -0.0142758468
   -0.0142877906
   -0.0142631593
   -0.0142207279
   -0.0141831212
   -0.0141716929
   -0.0142012041
   -0.0142759061
   -0.0143883699
   -0.0145215774
   -0.0146534358
   -0.0147623516
   -0.0148322031
   -0.0148558410
   -0.0148365405
   -0.0147874317
   -0.0147288143
   -0.0146835642
   -0.0146715673
   -0.0147042927
   -0.0147816460
   -0.0148920759
   -0.0150160053
   -0.0151313627
   -0.0152194033
   -0.0152692774
   -0.0152805051
   -0.0152630798
   -0.0152351399
   -0.0152183884
   -0.0152323104
   -0.0152883592
   -0.0153864492
   -0.0155148875
   -0.0156539946
   -0.0157818687
   -0.0158804580
   -0.0159401983
   -0.0159622625
   -0.0159580207
   -0.0159459313
   -0.0159462296
   -0.0159747374
   -0.0160377281
   -0.0161297941
   -0.0162356895
   -0.0163354566
   -0.0164107627
   -0.0164505122
   -0.0164541761
   -0.0164320228
   -0.0164023243
   -0.0163858179
   -0.0163990297
   -0.0164486379
   -0.0165291328
   -0.0166250384
   -0.0167166313
   -0.0167869407
   -0.0168274558
   -0.0168409507
   -0.0168405572
   -0.0168453599
   -0.0168735075
   -0.0169352746
   -0.0170288848
   -0.0171410901
   -0.0172523064
   -0.0173440406
   -0.0174055887
   -0.0174377103
   -0.0174519680
   -0.0174661054
   -0.0174967621
   -0.0175522670
   -0.0176289530
   -0.0177127461
   -0.0177855310
   -0.0178331299
   -0.0178514863
   -0.0178486739
   -0.0178417176
   -0.0178493849
   -0.0178837168
   -0.0179444174
   -0.0180193656
   -0.0180909330
   -0.0181449291
   -0.0181776861
   -0.0181979079
   -0.0182223686
   -0.0182671550
   -0.0183387748
   -0.0184301995
   -0.0185245298
   -0.0186040673
   -0.0186597181
   -0.0186955015
   -0.0187256217
   -0.0187655596
   -0.0188221645
   -0.0188890505
   -0.0189508772
   -0.0189935474
   -0.0190140236
   -0.0190229149
   -0.0190380823
   -0.0190727770
   -0.0191267367
   -0.0191871365
   -0.0192391821
   -0.0192780727
   -0.0193130829
   -0.0193600151
   -0.0194274336
   -0.0195084617
   -0.0195858629
   -0.0196464928
   -0.0196920185
   -0.0197355587
   -0.0197871786
   -0.0198425699
   -0.0198877711
   -0.0199156913
   -0.0199360018
   -0.0199658038
   -0.0200109040
   -0.0200610257
   -0.0201064524
   -0.0201533682
   -0.0202144014
   -0.0202867631
   -0.0203532453
   -0.0204067603
   -0.0204563810
   -0.0205034842
   -0.0205379368
   -0.0205658087
   -0.0206039829
   -0.0206507391
   -0.0207065193
   -0.0207738349
   -0.0208320587
   -0.0208731404
   -0.0209058364
   -0.0209628668
    0.0058062363
    0.0057270552
    0.0057116095
    0.0060841863
    0.0063290697
    0.0063411957
    0.0061425066
    0.0058203309
    0.0059377169
    0.0062723884
    0.0065465949
    0.0067300134
    0.0067883762
    0.0067158759
    0.0065429952
    0.0063149960
    0.0063018898
    0.0065416705
    0.0067672182
    0.0069665327
    0.0071091536
    0.0071687500
    0.0071365596
    0.0070254085
    0.0068662403
    0.0066973417
    0.0065454313
    0.0067407428
    0.0068746001
    0.0070374948
    0.0072089759
    0.0073581871
    0.0074573695
    0.0074891655
    0.0074498149
    0.0073498331
    0.0072129228
    0.0070728298
    0.0069667631
    0.0069234605
    0.0070865750
    0.0071078209
    0.0071993731
    0.0073353883
    0.0074830270
    0.0076118490
    0.0076985489
    0.0077290550
    0.0076993285
    0.0076155361
    0.0074939248
    0.0073603376
    0.0072488762
    0.0071987629
    0.0072476935
    0.0073840296
    0.0072898490
    0.0073056342
    0.0073966464
    0.0075260073
    0.0076607816
    0.0077746575
    0.0078489371
    0.0078727061
    0.0078427766
    0.0077636974
    0.0076478055
    0.0075154110
    0.0073949705
    0.0073228716
    0.0073421406
    0.0074988021
    0.0074676743
    0.0073377527
    0.0073340884
    0.0074124688
    0.0075335643
    0.0076649422
    0.0077814488
    0.0078649766
    0.0079040734
    0.0078935625
    0.0078344018
    0.0077336978
    0.0076049726
    0.0074686757
    0.0073528483
    0.0072938236
    0.0073367008
    0.0075347406
    0.0073554083
    0.0072233804
    0.0072208291
    0.0072997371
    0.0074207340
    0.0075527003
    0.0076719402
    0.0077613395
    0.0078096201
    0.0078108914
    0.0077643250
    0.0076741344
    0.0075497936
    0.0074064767
    0.0072658142
    0.0071569477
    0.0071178170
    0.0071966945
    0.0074534579
    0.0071455379
    0.0069681852
    0.0069380466
    0.0070021896
    0.0071186517
    0.0072547828
    0.0073857014
    0.0074930739
    0.0075641230
    0.0075909695
    0.0075702235
    0.0075027878
    0.0073939202
    0.0072535129
    0.0070966448
    0.0069444524
    0.0068253536
    0.0067767157
    0.0068470560
    0.0070987176
    0.0066754564
    0.0065107740
    0.0064930513
    0.0065682674
    0.0066946446
    0.0068401479
    0.0069805178
    0.0070978113
    0.0071793335
    0.0072168936
    0.0072063533
    0.0071473819
    0.0070434508
    0.0069020285
    0.0067350097
    0.0065594673
    0.0063986925
    0.0062837518
    0.0062555850
    0.0063679558
    0.0060104585
    0.0058600317
    0.0058577542
    0.0059483803
    0.0060897978
    0.0062499869
    0.0064047610
    0.0065361490
    0.0066312703
    0.0066815149
    0.0066820619
    0.0066315611
    0.0065321069
    0.0063893255
    0.0062127220
    0.0060163025
    0.0058194340
    0.0056481792
    0.0055371769
    0.0055322501
    0.0056941440
    0.0050124481
    0.0049914009
    0.0050801622
    0.0052318270
    0.0054108732
    0.0055904644
    0.0057504971
    0.0058762120
    0.0059572621
    0.0059870748
    0.0059624287
    0.0058833061
    0.0057528874
    0.0055777284
    0.0053681810
    0.0051390704
    0.0049106504
    0.0047100625
    0.0045733552
    0.0045484020
    0.0038761674
    0.0038980191
    0.0040264731
    0.0042142446
    0.0044256472
    0.0046337225
    0.0048182529
    0.0049643083
    0.0050612875
    0.0051022760
    0.0050835795
    0.0050045441
    0.0048675255
    0.0046780163
    0.0044450079
    0.0041815597
    0.0039056436
    0.0036413996
    0.0034209278
    0.0032868019
    0.0025434994
    0.0027367518
    0.0029794247
    0.0032366855
    0.0034821773
    0.0036960922
    0.0038637690
    0.0039747272
    0.0040220542
    0.0040019496
    0.0039135300
    0.0037587958
    0.0035427289
    0.0032736075
    0.0029635465
    0.0026292355
    0.0022930693
    0.0019847346
    0.0011101082
    0.0014246471
    0.0017464135
    0.0020486074
    0.0023109260
    0.0025182270
    0.0026595321
    0.0027273727
    0.0027173784
    0.0026280008
    0.0024604428
    0.0022187529
    0.0019100307
    0.0015448498
    0.0011378954
    0.0007088214
    0.0002834751
   -0.0006625765
   -0.0002396378
    0.0001618059
    0.0005188442
    0.0008140117
    0.0010342334
    0.0011701064
    0.0012154045
    0.0011667168
    0.0010232885
    0.0007869984
    0.0004624149
    0.0000570333
   -0.0004183568
   -0.0009492082
   -0.0020519266
   -0.0015703628
   -0.0011679015
   -0.0008580857
   -0.0006510554
   -0.0005539624
   -0.0005713078
   -0.0007050966
   -0.0009549802
   -0.0013182597
   -0.0017898298
   -0.0023621257
   -0.0030250508
   -0.0041720985
   -0.0035946221
   -0.0031375703
   -0.0028107932
   -0.0026219075
   -0.0025763581
   -0.0026775208
   -0.0029268506
   -0.0033240061
   -0.0038670281
   -0.0045526541
   -0.0056009532
   -0.0051792066
   -0.0049416329
   -0.0048928547
   -0.0050365076
   -0.0053752826
   -0.0059112779
   -0.0075587524
   -0.0075296505
    0.0058111696
    0.0056997903
    0.0060408665
    0.0062209613
    0.0060908706
    0.0057622185
    0.0058660340
    0.0062182754
    0.0064908507
    0.0066393158
    0.0066321235
    0.0064830628
    0.0062409437
    0.0061950129
    0.0064629064
    0.0067021676
    0.0068997403
    0.0070236045
    0.0070493951
    0.0069755235
    0.0068249157
    0.0066353828
    0.0064396196
    0.0066239391
    0.0067811817
    0.0069562545
    0.0071334501
    0.0072821899
    0.0073738989
    0.0073915804
    0.0073338192
    0.0072152043
    0.0070639465
    0.0069159810
    0.0068039644
    0.0069993559
    0.0070223101
    0.0071082676
    0.0072419252
    0.0073928426
    0.0075289599
    0.0076241269
    0.0076617158
    0.0076360587
    0.0075527931
    0.0074286244
    0.0072903225
    0.0071724887
    0.0071127628
    0.0071424997
    0.0072951652
    0.0072504961
    0.0073005577
    0.0074117012
    0.0075482337
    0.0076787090
    0.0077787154
    0.0078319885
    0.0078306587
    0.0077752597
    0.0076747535
    0.0075465365
    0.0074163741
    0.0073179573
    0.0072912874
    0.0073786865
    0.0075176954
    0.0073575118
    0.0073310800
    0.0073960297
    0.0075120290
    0.0076445627
    0.0077662444
    0.0078569958
    0.0079037991
    0.0079004155
    0.0078471960
    0.0077510708
    0.0076257806
    0.0074922528
    0.0073791130
    0.0073230701
    0.0073687073
    0.0075666973
    0.0073950232
    0.0072663353
    0.0072660516
    0.0073468420
    0.0074692728
    0.0076019111
    0.0077207922
    0.0078086747
    0.0078544000
    0.0078524479
    0.0078026665
    0.0077102692
    0.0075860699
    0.0074469499
    0.0073166312
    0.0072266439
    0.0072174585
    0.0073395193
    0.0072161718
    0.0070495818
    0.0070266550
    0.0070955440
    0.0072147572
    0.0073518777
    0.0074822076
    0.0075876075
    0.0076556213
    0.0076788318
    0.0076544666
    0.0075842775
    0.0074746025
    0.0073367169
    0.0071874248
    0.0070499888
    0.0069553863
    0.0069440059
    0.0070676794
    0.0068388006
    0.0066542328
    0.0066232384
    0.0066906343
    0.0068134403
    0.0069585479
    0.0071008239
    0.0072216327
    0.0073077762
    0.0073507556
    0.0073462647
    0.0072939733
    0.0071975034
    0.0070646228
    0.0069077007
    0.0067444416
    0.0065989579
    0.0065033199
    0.0064996373
    0.0066428901
    0.0063503723
    0.0060992825
    0.0060297219
    0.0060789308
    0.0061988507
    0.0063527772
    0.0065128355
    0.0066581310
    0.0067734031
    0.0068481023
    0.0068757483
    0.0068535539
    0.0067822672
    0.0066662197
    0.0065135724
    0.0063368155
    0.0061535644
    0.0059876845
    0.0058709559
    0.0058453874
    0.0059664430
    0.0052720574
    0.0052305089
    0.0053058137
    0.0054496490
    0.0056253912
    0.0058053322
    0.0059686871
    0.0061001991
    0.0061891467
    0.0062286841
    0.0062154326
    0.0061492757
    0.0060333871
    0.0058743768
    0.0056827267
    0.0054734596
    0.0052671210
    0.0050912057
    0.0049822489
    0.0049886888
    0.0041902593
    0.0042077554
    0.0043318788
    0.0045157711
    0.0047240494
    0.0049299880
    0.0051135714
    0.0052600646
    0.0053590835
    0.0054039181
    0.0053911356
    0.0053203918
    0.0051944122
    0.0050191371
    0.0048041244
    0.0045631398
    0.0043150720
    0.0040852443
    0.0039073326
    0.0038260160
    0.0029142053
    0.0030909189
    0.0033225762
    0.0035735781
    0.0038170238
    0.0040327148
    0.0042056970
    0.0043253116
    0.0043845139
    0.0043794381
    0.0043091777
    0.0041757592
    0.0039842338
    0.0037430128
    0.0034643914
    0.0031653382
    0.0028686390
    0.0026045594
    0.0024131172
    0.0014479853
    0.0017335155
    0.0020437663
    0.0023485319
    0.0026249422
    0.0028558589
    0.0030287183
    0.0031347507
    0.0031684744
    0.0031273481
    0.0030116360
    0.0028244618
    0.0025719490
    0.0022636037
    0.0019129112
    0.0015381365
    0.0011635264
    0.0008209448
   -0.0001243625
    0.0002776571
    0.0006639812
    0.0010114386
    0.0013024374
    0.0015239048
    0.0016665277
    0.0017242016
    0.0016937031
    0.0015745406
    0.0013688958
    0.0010817599
    0.0007212053
    0.0002987886
   -0.0001698365
   -0.0006640772
   -0.0018655468
   -0.0013589862
   -0.0009092097
   -0.0005333730
   -0.0002445069
   -0.0000521821
    0.0000370881
    0.0000195050
   -0.0001061787
   -0.0003387109
   -0.0006743338
   -0.0011066405
   -0.0016263535
   -0.0022210943
   -0.0033813031
   -0.0028469320
   -0.0024228945
   -0.0021190663
   -0.0019427669
   -0.0018989303
   -0.0019902327
   -0.0022172360
   -0.0025784305
   -0.0030703496
   -0.0036876902
   -0.0054682326
   -0.0048832643
   -0.0044591865
   -0.0042019508
   -0.0041161818
   -0.0042050799
   -0.0044704423
   -0.0049129127
   -0.0055323423
   -0.0068210930
   -0.0066450490
   -0.0067027171
   -0.0069975279
    0.0058357333
    0.0060723097
    0.0059868596
    0.0056387533
    0.0059281965
    0.0062768405
    0.0064960581
    0.0065298673
    0.0063844980
    0.0061185181
    0.0061802027
    0.0064739856
    0.0067187916
    0.0068872897
    0.0069487475
    0.0068947669
    0.0067466486
    0.0065442035
    0.0063200238
    0.0065363606
    0.0067402372
    0.0069430247
    0.0071242060
    0.0072532436
    0.0073064771
    0.0072759657
    0.0071720656
    0.0070213385
    0.0068596717
    0.0067193353
    0.0068435333
    0.0069250845
    0.0070500637
    0.0072065061
    0.0073659215
    0.0074978375
    0.0075782610
    0.0075938323
    0.0075434328
    0.0074383662
    0.0073015174
    0.0071650378
    0.0070654972
    0.0070347096
    0.0072084816
    0.0071816158
    0.0072394584
    0.0073558546
    0.0074975232
    0.0076329460
    0.0077368338
    0.0077921105
    0.0077905953
    0.0077332344
    0.0076300793
    0.0075001867
    0.0073712383
    0.0072783599
    0.0072612048
    0.0073575903
    0.0074069727
    0.0073179930
    0.0073393112
    0.0074326537
    0.0075610716
    0.0076929579
    0.0078035919
    0.0078755750
    0.0078987302
    0.0078699780
    0.0077932629
    0.0076796436
    0.0075475490
    0.0074230916
    0.0073402271
    0.0073403091
    0.0074700386
    0.0074996669
    0.0073279258
    0.0072954699
    0.0073558678
    0.0074682786
    0.0075990497
    0.0077218603
    0.0078173277
    0.0078724797
    0.0078803304
    0.0078395959
    0.0077546539
    0.0076357272
    0.0074992796
    0.0073686773
    0.0072750084
    0.0072579338
    0.0073662306
    0.0073702602
    0.0071672146
    0.0071167677
    0.0071667871
    0.0072744683
    0.0074057844
    0.0075344869
    0.0076410975
    0.0077120363
    0.0077390425
    0.0077187362
    0.0076524665
    0.0075463801
    0.0074117379
    0.0072654613
    0.0071310256
    0.0070396214
    0.0070316794
    0.0071585946
    0.0071048253
    0.0068542699
    0.0067751942
    0.0068096108
    0.0069116195
    0.0070454436
    0.0071836329
    0.0073056288
    0.0073966394
    0.0074468542
    0.0074509031
    0.0074075665
    0.0073197164
    0.0071944742
    0.0070435960
    0.0068841724
    0.0067395924
    0.0066410012
    0.0066291801
    0.0067570821
    0.0064749663
    0.0062866127
    0.0062544756
    0.0063223931
    0.0064470739
    0.0065953744
    0.0067421311
    0.0068686237
    0.0069614290
    0.0070116167
    0.0070142559
    0.0069681103
    0.0068756006
    0.0067429188
    0.0065804099
    0.0064031906
    0.0062320945
    0.0060950524
    0.0060289986
    0.0060825444
    0.0063196071
    0.0056167359
    0.0055272795
    0.0055664746
    0.0056836595
    0.0058403035
    0.0060071689
    0.0061622685
    0.0062893590
    0.0063769467
    0.0064175653
    0.0064073426
    0.0063457536
    0.0062356428
    0.0060833445
    0.0058991076
    0.0056977126
    0.0054994559
    0.0053315330
    0.0052300429
    0.0052427799
    0.0045922343
    0.0045850859
    0.0046859909
    0.0048482872
    0.0050366902
    0.0052245389
    0.0053918542
    0.0055239490
    0.0056105186
    0.0056449595
    0.0056240046
    0.0055475188
    0.0054185072
    0.0052432958
    0.0050319200
    0.0047987829
    0.0045635878
    0.0043527441
    0.0042013462
    0.0041559802
    0.0033510233
    0.0033851596
    0.0035265113
    0.0037272995
    0.0039514731
    0.0041717895
    0.0043678030
    0.0045243954
    0.0046307884
    0.0046798831
    0.0046678027
    0.0045936961
    0.0044596849
    0.0042709943
    0.0040362779
    0.0037681717
    0.0034841147
    0.0032075482
    0.0029696391
    0.0028116852
    0.0019476595
    0.0021737625
    0.0024409424
    0.0027158398
    0.0029732106
    0.0031941016
    0.0033645181
    0.0034745420
    0.0035177177
    0.0034906733
    0.0033929128
    0.0032268332
    0.0029978290
    0.0027146501
    0.0023899388
    0.0020410154
    0.0016910489
    0.0013706673
    0.0002449888
    0.0005786137
    0.0009289754
    0.0012662159
    0.0015676019
    0.0018160070
    0.0019988326
    0.0021072148
    0.0021355176
    0.0020810377
    0.0019438253
    0.0017267082
    0.0014354726
    0.0010791547
    0.0006705706
    0.0002270644
   -0.0002285030
   -0.0014078399
   -0.0009477294
   -0.0005216205
   -0.0001506047
    0.0001491979
    0.0003658078
    0.0004907058
    0.0005184119
    0.0004462216
    0.0002740365
    0.0000043719
   -0.0003575192
   -0.0008034486
   -0.0013219371
   -0.0018977408
   -0.0029160072
   -0.0024004522
   -0.0019751333
   -0.0016526617
   -0.0014424784
   -0.0013512353
   -0.0013829960
   -0.0015394427
   -0.0018199546
   -0.0022216293
   -0.0027393081
   -0.0033655828
   -0.0044807289
   -0.0040121373
   -0.0036887445
   -0.0035172132
   -0.0035023007
   -0.0036468948
   -0.0039521717
   -0.0044177679
   -0.0050420735
   -0.0064433988
   -0.0060849016
   -0.0059322738
   -0.0059894054
   -0.0062596220
   -0.0067459152
    0.0050314835
    0.0050522257
    0.0050666353
    0.0050807941
    0.0050895989
    0.0051122820
    0.0051304803
    0.0051467771
    0.0051801262
    0.0051982121
    0.0051959834
    0.0052116462
    0.0052411989
    0.0052476695
    0.0052383266
    0.0052541306
    0.0052974474
    0.0053234721
    0.0053190799
    0.0053510346
    0.0054063703
    0.0054048591
    0.0054647353
    0.0054597263
    0.0055577171
    0.0055724744
    0.0056502359
    0.0057134490
    0.0059199043
    0.0059857543
    0.0049424346
    0.0046794412
    0.0044856315
    0.0041277436
    0.0038048160
    0.0035729311
    0.0031365483
    0.0027888347
    0.0027732716
    0.0025100699
    0.0025148751
    0.0021106841
    0.0020151232
    0.0020302336
    0.0016574229
    0.0015913111
    0.0016328066
    0.0013464376
    0.0012925811
    0.0013428511
    0.0009414426
    0.0007964822
    0.0007515899
    0.0008073487
    0.0004209047
    0.0003133810
    0.0003033457
    0.0003901299
    0.0000636393
   -0.0000207963
   -0.0000107853
    0.0000911665
   -0.0003994652
   -0.0005493818
   -0.0006095499
   -0.0005785195
   -0.0004609988
   -0.0008191331
   -0.0009932159
   -0.0010841369
   -0.0010871234
   -0.0010034646
   -0.0012672573
   -0.0013953142
   -0.0014402354
   -0.0014008838
   -0.0012821298
   -0.0018122369
   -0.0019684792
   -0.0020457180
   -0.0020413067
   -0.0019584769
   -0.0018061945
   -0.0021393219
   -0.0023475474
   -0.0024894520
   -0.0025560981
   -0.0025442567
   -0.0024564568
   -0.0023009368
   -0.0025101266
   -0.0027109292
   -0.0028480376
   -0.0029130243
   -0.0029031802
   -0.0028215775
   -0.0026769229
   -0.0031796921
   -0.0033693682
   -0.0034947587
   -0.0035492659
   -0.0035318917
   -0.0034472470
   -0.0033053438
   -0.0036674980
   -0.0038582365
   -0.0039926118
   -0.0040615410
   -0.0040613579
   -0.0039939519
   -0.0038666675
   -0.0036920261
   -0.0039739757
   -0.0041725825
   -0.0043214432
   -0.0044102120
   -0.0044339275
   -0.0043931682
   -0.0042940317
   -0.0041478399
   -0.0043499658
   -0.0045865319
   -0.0047898536
   -0.0049451455
   -0.0050423870
   -0.0050768326
   -0.0050491764
   -0.0049654815
   -0.0048368309
   -0.0046786853
   -0.0048369873
   -0.0050561049
   -0.0052559725
   -0.0054196409
   -0.0055341016
   -0.0055911508
   -0.0055878085
   -0.0055264898
   -0.0054148693
   -0.0052654474
   -0.0050947453
   -0.0053386514
   -0.0055406655
   -0.0057164182
   -0.0058512325
   -0.0059349278
   -0.0059624426
   -0.0059341026
   -0.0058556261
   -0.0057376948
   -0.0055953081
   -0.0054465265
   -0.0057046786
   -0.0059188634
   -0.0061272883
   -0.0063121029
   -0.0064586082
   -0.0065564058
   -0.0066001198
   -0.0065896830
   -0.0065302799
   -0.0064319800
   -0.0063090040
   -0.0061784899
   -0.0060588425
   -0.0062445753
   -0.0064218811
   -0.0066073510
   -0.0067828883
   -0.0069320361
   -0.0070416309
   -0.0071028641
   -0.0071119636
   -0.0070704372
   -0.0069849520
   -0.0068668943
   -0.0067314541
   -0.0065962014
   -0.0064792448
   -0.0065733054
   -0.0067276768
   -0.0069003231
   -0.0070734006
   -0.0072297516
   -0.0073548093
   -0.0074379676
   -0.0074734886
   -0.0074609101
   -0.0074050501
   -0.0073156623
   -0.0072065657
   -0.0070943508
   -0.0069965588
   -0.0069295039
   -0.0069060023
   -0.0069334761
   -0.0070127639
   -0.0071380122
   -0.0072975855
   -0.0074758780
   -0.0076555431
   -0.0078197226
   -0.0079540265
   -0.0080479245
   -0.0080956876
   -0.0080967942
   -0.0080559411
   -0.0079825967
   -0.0078901396
   -0.0077944257
   -0.0077120129
   -0.0076579350
   -0.0076435716
   -0.0076748905
   -0.0077514806
   -0.0078666236
   -0.0080084023
   -0.0081615582
   -0.0083096965
   -0.0084374475
   -0.0085322848
   -0.0085858144
   -0.0085945887
   -0.0085603926
   -0.0084901227
   -0.0083951238
   -0.0082900633
   -0.0081912734
   -0.0081146483
   -0.0080733744
   -0.0080759059
   -0.0081245894
   -0.0082152684
   -0.0083380365
   -0.0084788553
   -0.0086217269
   -0.0087510296
   -0.0088534873
   -0.0089197073
   -0.0089451635
   -0.0089306287
   -0.0088820690
   -0.0088100463
   -0.0087285548
   -0.0086533158
   -0.0085996746
   -0.0085802572
   -0.0086029760
   -0.0086696462
   -0.0087756781
   -0.0089108780
   -0.0090611702
   -0.0092108102
   -0.0093447052
   -0.0094503687
   -0.0095194192
   -0.0095484359
   -0.0095392686
   -0.0094988245
   -0.0094382113
   -0.0093714233
   -0.0093134336
   -0.0092779982
   -0.0092754311
   -0.0093108606
   -0.0093832943
   -0.0094858348
   -0.0096068849
   -0.0097321587
   -0.0098469579
   -0.0099383269
   -0.0099968291
   -0.0100176696
   -0.0100013182
   -0.0099534177
   -0.0098841701
   -0.0098070420
   -0.0097369645
   -0.0096880198
   -0.0096711797
   -0.0096923498
   -0.0097512992
   -0.0098417340
   -0.0099525070
   -0.0100696012
   -0.0101785491
   -0.0102666824
   -0.0103249513
   -0.0103491256
   -0.0103403538
   -0.0103049523
   -0.0102536314
   -0.0101999500
   -0.0101582610
   -0.0101413219
   -0.0101580138
   -0.0102116132
   -0.0102992010
   -0.0104121727
   -0.0105379296
   -0.0106621023
   -0.0107710780
   -0.0108540400
   -0.0109045918
   -0.0109215501
   -0.0109090544
   -0.0108759465
   -0.0108344323
   -0.0107980913
   -0.0107795297
   -0.0107880435
   -0.0108277777
   -0.0108968896
   -0.0109879350
   -0.0110893724
   -0.0111878064
   -0.0112704665
   -0.0113273855
   -0.0113530291
   -0.0113471211
   -0.0113147744
   -0.0112656811
   -0.0112126143
   -0.0111692313
   -0.0111475535
   -0.0111555872
   -0.0111956876
   -0.0112640720
   -0.0113516729
   -0.0114460787
   -0.0115340780
   -0.0116041750
   -0.0116486910
   -0.0116650389
   -0.0116561750
   -0.0116301006
   -0.0115984408
   -0.0115743229
   -0.0115697347
   -0.0115929964
   -0.0116469235
   -0.0117281079
   -0.0118277360
   -0.0119334922
   -0.0120321869
   -0.0121124333
   -0.0121667392
   -0.0121928722
   -0.0121941598
   -0.0121788067
   -0.0121582982
   -0.0121449767
   -0.0121494168
   -0.0121779099
   -0.0122310271
   -0.0123034361
   -0.0123852186
   -0.0124642011
   -0.0125287632
   -0.0125703360
   -0.0125852184
   -0.0125753597
   -0.0125480410
   -0.0125143929
   -0.0124870545
   -0.0124772785
   -0.0124922788
   -0.0125334133
   -0.0125958928
   -0.0126700828
   -0.0127439850
   -0.0128062290
   -0.0128487599
   -0.0128687048
   -0.0128690095
   -0.0128577484
   -0.0128463230
   -0.0128465837
   -0.0128678205
   -0.0129142078
   -0.0129836058
   -0.0130681284
   -0.0131562548
   -0.0132358766
   -0.0132973910
   -0.0133359836
   -0.0133527579
   -0.0133543022
   -0.0133509814
   -0.0133540802
   -0.0133725893
   -0.0134106178
   -0.0134660639
   -0.0135312959
   -0.0135954660
   -0.0136476916
   -0.0136802890
   -0.0136908698
   -0.0136832078
   -0.0136661880
   -0.0136514140
   -0.0136498355
   -0.0136683962
   -0.0137078924
   -0.0137627713
   -0.0138231002
   -0.0138778387
   -0.0139184295
   -0.0139415564
   -0.0139501503
   -0.0139525166
   -0.0139596458
   -0.0139815068
   -0.0140235284
   -0.0140845688
   -0.0141572420
   -0.0142304733
   -0.0142933324
   -0.0143387609
   -0.0143658069
   -0.0143798206
   -0.0143903481
   -0.0144075356
   -0.0144381044
   -0.0144826656
   -0.0145354407
   -0.0145866022
   -0.0146263139
   -0.0146487385
   -0.0146544613
   -0.0146505167
   -0.0146476630
   -0.0146561568
   -0.0146814426
   -0.0147219554
   -0.0147699835
   -0.0148153434
   -0.0148501498
   -0.0148724654
   -0.0148872301
   -0.0149040260
   -0.0149324416
   -0.0149772688
   -0.0150358757
   -0.0150993551
   -0.0151568171
   -0.0152006875
   -0.0152303081
   -0.0152518589
   -0.0152747750
   -0.0153062215
   -0.0153468340
   -0.0153903044
   -0.0154271349
   -0.0154505732
   -0.0154609241
   -0.0154658228
   -0.0154759433
   -0.0154985501
   -0.0155331936
   -0.0155724068
   -0.0156073471
   -0.0156343109
   -0.0156575673
   -0.0156862878
   -0.0157273857
   -0.0157797841
   -0.0158346293
   -0.0158818064
   -0.0159175151
   -0.0159464853
   -0.0159769750
   -0.0160124943
   -0.0160481692
   -0.0160756742
   -0.0160921449
   -0.0161042411
   -0.0161223288
   -0.0161505293
   -0.0161834657
   -0.0162142122
   -0.0162439260
   -0.0162805078
   -0.0163271676
   -0.0163761351
   -0.0164176863
   -0.0164519432
   -0.0164848941
   -0.0165153677
   -0.0165371251
   -0.0165539199
   -0.0165766758
   -0.0166062264
   -0.0166396744
   -0.0166818867
   -0.0167272967
   -0.0167644161
   -0.0167915477
   -0.0168106289
   -0.0168432089
   -0.0168800739
    0.0053828828
    0.0053508775
    0.0053486761
    0.0055168929
    0.0056297558
    0.0056381247
    0.0055527609
    0.0054155515
    0.0054767133
    0.0056228964
    0.0057457021
    0.0058318987
    0.0058620536
    0.0058318688
    0.0057583620
    0.0056661273
    0.0056776850
    0.0057731906
    0.0058674868
    0.0059579722
    0.0060281514
    0.0060614800
    0.0060511827
    0.0060038148
    0.0059371487
    0.0058728591
    0.0058248151
    0.0059188269
    0.0059534678
    0.0060100238
    0.0060828337
    0.0061557298
    0.0062111550
    0.0062363186
    0.0062264231
    0.0061857341
    0.0061269881
    0.0060691076
    0.0060328658
    0.0060338859
    0.0061600137
    0.0061149044
    0.0061128694
    0.0061498153
    0.0062108524
    0.0062776993
    0.0063336241
    0.0063663237
    0.0063693842
    0.0063428604
    0.0062933378
    0.0062334822
    0.0061810109
    0.0061566820
    0.0061807159
    0.0062670266
    0.0063192559
    0.0062284668
    0.0062010727
    0.0062228829
    0.0062750606
    0.0063387115
    0.0063975029
    0.0064390728
    0.0064556857
    0.0064444920
    0.0064076238
    0.0063521488
    0.0062899480
    0.0062373603
    0.0062144108
    0.0062432551
    0.0063452248
    0.0063452019
    0.0062446270
    0.0062155195
    0.0062371226
    0.0062887138
    0.0063518084
    0.0064112356
    0.0064555997
    0.0064774293
    0.0064731917
    0.0064432764
    0.0063920085
    0.0063276758
    0.0062625882
    0.0062130251
    0.0061990496
    0.0062438069
    0.0063720077
    0.0063226948
    0.0061959110
    0.0061500576
    0.0061612920
    0.0062077362
    0.0062705810
    0.0063345107
    0.0063877419
    0.0064219561
    0.0064321706
    0.0064166436
    0.0063768439
    0.0063174714
    0.0062465773
    0.0061757265
    0.0061201760
    0.0060990543
    0.0061353358
    0.0062554173
    0.0061794633
    0.0060444527
    0.0059947229
    0.0060044174
    0.0060511089
    0.0061160622
    0.0061841934
    0.0062438170
    0.0062864228
    0.0063064513
    0.0063011305
    0.0062704069
    0.0062169320
    0.0061461527
    0.0060664727
    0.0059895028
    0.0059303863
    0.0059081457
    0.0059460359
    0.0060716813
    0.0060028072
    0.0058270672
    0.0057499837
    0.0057428893
    0.0057814804
    0.0058456764
    0.0059192569
    0.0059894773
    0.0060466812
    0.0060840032
    0.0060971268
    0.0060841564
    0.0060455272
    0.0059840360
    0.0059049456
    0.0058161477
    0.0057284831
    0.0056560884
    0.0056168821
    0.0056331188
    0.0057319410
    0.0059458100
    0.0056694601
    0.0054776936
    0.0053918161
    0.0053811212
    0.0054201307
    0.0054880556
    0.0055681774
    0.0056473187
    0.0057153411
    0.0057647894
    0.0057906147
    0.0057899800
    0.0057621425
    0.0057084486
    0.0056323622
    0.0055396203
    0.0054384392
    0.0053398554
    0.0052581508
    0.0052114185
    0.0052222512
    0.0053185303
    0.0055342393
    0.0052660073
    0.0050345649
    0.0049234774
    0.0048987172
    0.0049324136
    0.0050019599
    0.0050892242
    0.0051798176
    0.0052625252
    0.0053288587
    0.0053727016
    0.0053900677
    0.0053789519
    0.0053392385
    0.0052727101
    0.0051831073
    0.0050762893
    0.0049604826
    0.0048466116
    0.0047487712
    0.0046848425
    0.0046772415
    0.0047538747
    0.0049492038
    0.0043880071
    0.0042971806
    0.0042911914
    0.0043419931
    0.0044270242
    0.0045282649
    0.0046314435
    0.0047254202
    0.0048017010
    0.0048540780
    0.0048783779
    0.0048722974
    0.0048352797
    0.0047685363
    0.0046750707
    0.0045597990
    0.0044297901
    0.0042945279
    0.0041663609
    0.0040610468
    0.0039984607
    0.0040035260
    0.0041073063
    0.0035815507
    0.0035228550
    0.0035453032
    0.0036210493
    0.0037278028
    0.0038478007
    0.0039669835
    0.0040743690
    0.0041615406
    0.0042223081
    0.0042524281
    0.0042494365
    0.0042125489
    0.0041426194
    0.0040421885
    0.0039155936
    0.0037691420
    0.0036113941
    0.0034535361
    0.0033098801
    0.0031985474
    0.0031422944
    0.0025829020
    0.0026218142
    0.0027173899
    0.0028460726
    0.0029890601
    0.0031314340
    0.0032614568
    0.0033700500
    0.0034503962
    0.0034976398
    0.0035086903
    0.0034820964
    0.0034179823
    0.0033180656
    0.0031857157
    0.0030261152
    0.0028464620
    0.0026562844
    0.0024678807
    0.0022968388
    0.0021627779
    0.0015420591
    0.0016828527
    0.0018504103
    0.0020264130
    0.0021962815
    0.0023485133
    0.0024741972
    0.0025666022
    0.0026209185
    0.0026340396
    0.0026044472
    0.0025321648
    0.0024187325
    0.0022672970
    0.0020827262
    0.0018718088
    0.0016435494
    0.0014095234
    0.0011843917
    0.0009864810
    0.0002661600
    0.0004655932
    0.0006835586
    0.0009023806
    0.0011078861
    0.0012888543
    0.0014365279
    0.0015442664
    0.0016072961
    0.0016224982
    0.0015882982
    0.0015046240
    0.0013728697
    0.0011959854
    0.0009785612
    0.0007270106
    0.0004498216
    0.0001578429
   -0.0001352982
   -0.0007801804
   -0.0004995509
   -0.0002372905
   -0.0000051457
    0.0001875591
    0.0003336220
    0.0004276817
    0.0004660394
    0.0004465391
    0.0003684647
    0.0002325438
    0.0000409435
   -0.0002026518
   -0.0004929159
   -0.0008227472
   -0.0011830660
   -0.0020716651
   -0.0017371998
   -0.0014446392
   -0.0012029749
   -0.0010193221
   -0.0008990724
   -0.0008460447
   -0.0008626132
   -0.0009497487
   -0.0011070866
   -0.0013329123
   -0.0016241294
   -0.0019762455
   -0.0023832849
   -0.0035407611
   -0.0031535769
   -0.0028326384
   -0.0025847844
   -0.0024154334
   -0.0023286408
   -0.0023271423
   -0.0024124279
   -0.0025847644
   -0.0028432430
   -0.0031858290
   -0.0036094401
   -0.0045654987
   -0.0042639454
   -0.0040644235
   -0.0039704624
   -0.0039846117
   -0.0041084410
   -0.0043425998
   -0.0046868997
   -0.0051405241
   -0.0059098382
   -0.0057970098
   -0.0058245360
   -0.0059943954
    0.0053855274
    0.0053391178
    0.0054944563
    0.0055772439
    0.0055204719
    0.0053773616
    0.0054379815
    0.0055935807
    0.0057160922
    0.0057855168
    0.0057840526
    0.0057186992
    0.0056158493
    0.0056218305
    0.0057320592
    0.0058338306
    0.0059237834
    0.0059843158
    0.0060000370
    0.0059687457
    0.0059033139
    0.0058253190
    0.0057522344
    0.0058585110
    0.0059073283
    0.0059712415
    0.0060470855
    0.0061189898
    0.0061691164
    0.0061851688
    0.0061641745
    0.0061133416
    0.0060485008
    0.0059900414
    0.0059559718
    0.0059523200
    0.0060784183
    0.0060771134
    0.0061124902
    0.0061727315
    0.0062399146
    0.0062964659
    0.0063291209
    0.0063309416
    0.0063021643
    0.0062501841
    0.0061888293
    0.0061367408
    0.0061143735
    0.0061389995
    0.0062411213
    0.0061899373
    0.0061931406
    0.0062348285
    0.0062958887
    0.0063582519
    0.0064072826
    0.0064329974
    0.0064306496
    0.0064008816
    0.0063497320
    0.0062884143
    0.0062328184
    0.0062025176
    0.0062188227
    0.0063013067
    0.0063339985
    0.0062424527
    0.0062194764
    0.0062451504
    0.0062989570
    0.0063623932
    0.0064202981
    0.0064614519
    0.0064788094
    0.0064695405
    0.0064350491
    0.0063809604
    0.0063171039
    0.0062574696
    0.0062199529
    0.0062257572
    0.0062980231
    0.0064591410
    0.0064498200
    0.0062737236
    0.0061896704
    0.0061747355
    0.0062060949
    0.0062631364
    0.0063284601
    0.0063882436
    0.0064322954
    0.0064539919
    0.0064501857
    0.0064211512
    0.0063705861
    0.0063056696
    0.0062371896
    0.0061796536
    0.0061513657
    0.0061742983
    0.0062735006
    0.0062843122
    0.0061205750
    0.0060496588
    0.0060453372
    0.0060841812
    0.0061462506
    0.0062152481
    0.0062784157
    0.0063263046
    0.0063526081
    0.0063539704
    0.0063299071
    0.0062827895
    0.0062179035
    0.0061435936
    0.0060714873
    0.0060167687
    0.0059984620
    0.0060396410
    0.0061673674
    0.0061327882
    0.0059305655
    0.0058338754
    0.0058134714
    0.0058441107
    0.0059046874
    0.0059780130
    0.0060504750
    0.0061116997
    0.0061542331
    0.0061733028
    0.0061666761
    0.0061345764
    0.0060796744
    0.0060071987
    0.0059251043
    0.0058443309
    0.0057791773
    0.0057477095
    0.0057722605
    0.0058798473
    0.0061023820
    0.0058724134
    0.0056342780
    0.0055141768
    0.0054797902
    0.0055039031
    0.0055640853
    0.0056421542
    0.0057236550
    0.0057973754
    0.0058549483
    0.0058905563
    0.0059007171
    0.0058841579
    0.0058417442
    0.0057765460
    0.0056939227
    0.0056017465
    0.0055106872
    0.0054346270
    0.0053911733
    0.0054022815
    0.0054949691
    0.0057019850
    0.0053122582
    0.0051219449
    0.0050406814
    0.0050366467
    0.0050837590
    0.0051608873
    0.0052511058
    0.0053410587
    0.0054204351
    0.0054815463
    0.0055190450
    0.0055297034
    0.0055122834
    0.0054674870
    0.0053979923
    0.0053085525
    0.0052061932
    0.0051004835
    0.0050039595
    0.0049326171
    0.0049065949
    0.0049509818
    0.0050967792
    0.0045922937
    0.0044766955
    0.0044532986
    0.0044927825
    0.0045714922
    0.0046704938
    0.0047747417
    0.0048724667
    0.0049546616
    0.0050146879
    0.0050480339
    0.0050521011
    0.0050261221
    0.0049711056
    0.0048898993
    0.0047872930
    0.0046702334
    0.0045481020
    0.0044331361
    0.0043409522
    0.0042912699
    0.0043087660
    0.0044241747
    0.0037866795
    0.0037281925
    0.0037503862
    0.0038256868
    0.0039319987
    0.0040517179
    0.0041709292
    0.0042787700
    0.0043669568
    0.0044294376
    0.0044621082
    0.0044626820
    0.0044305554
    0.0043668136
    0.0042742644
    0.0041575611
    0.0040233955
    0.0038807818
    0.0037414698
    0.0036204692
    0.0035367319
    0.0035140621
    0.0035821811
    0.0028329897
    0.0028723419
    0.0029674387
    0.0030951136
    0.0032369125
    0.0033781939
    0.0035074758
    0.0036159075
    0.0036968855
    0.0037457691
    0.0037596799
    0.0037374031
    0.0036793076
    0.0035873908
    0.0034653508
    0.0033187468
    0.0031552242
    0.0029848724
    0.0028206453
    0.0026789794
    0.0025805371
    0.0025511534
    0.0017456214
    0.0018222771
    0.0019528121
    0.0021137650
    0.0022863657
    0.0024557054
    0.0026100268
    0.0027402129
    0.0028393938
    0.0029026359
    0.0029267612
    0.0029101886
    0.0028528963
    0.0027564195
    0.0026238888
    0.0024602000
    0.0022721847
    0.0020689093
    0.0018620792
    0.0016665178
    0.0015008293
    0.0007025791
    0.0009053175
    0.0011193827
    0.0013289049
    0.0015212677
    0.0016865684
    0.0018172239
    0.0019076239
    0.0019539379
    0.0019539349
    0.0019069093
    0.0018136665
    0.0016765252
    0.0014994442
    0.0012881441
    0.0010503518
    0.0007961048
    0.0005381252
    0.0002923270
   -0.0006939498
   -0.0004232803
   -0.0001515329
    0.0001062281
    0.0003379304
    0.0005340267
    0.0006871476
    0.0007918385
    0.0008443265
    0.0008424182
    0.0007853868
    0.0006739607
    0.0005103581
    0.0002983378
    0.0000433574
   -0.0002472737
   -0.0005641483
   -0.0008954691
   -0.0019542678
   -0.0016067554
   -0.0012867162
   -0.0010052471
   -0.0007712445
   -0.0005916515
   -0.0004716407
   -0.0004148088
   -0.0004232524
   -0.0004976662
   -0.0006373529
   -0.0008402041
   -0.0011026714
   -0.0014196745
   -0.0017844967
   -0.0021886995
   -0.0030167473
   -0.0026485875
   -0.0023413994
   -0.0021020206
   -0.0019357530
   -0.0018464438
   -0.0018365803
   -0.0019073214
   -0.0020585530
   -0.0022889113
   -0.0025957700
   -0.0029752913
   -0.0034224417
   -0.0044681615
   -0.0040741307
   -0.0037688656
   -0.0035570369
   -0.0034422313
   -0.0034269167
   -0.0035124761
   -0.0036992175
   -0.0039864617
   -0.0043726540
   -0.0057354721
   -0.0054278966
   -0.0052451738
   -0.0051897816
   -0.0052635432
   -0.0054676449
   -0.0058027071
    0.0053976518
    0.0055072305
    0.0054712588
    0.0054549988
    0.0056128162
    0.0057147476
    0.0057326647
    0.0056692209
    0.0055549601
    0.0055966874
    0.0057240702
    0.0058344600
    0.0059147976
    0.0059469648
    0.0059249301
    0.0058605367
    0.0057763083
    0.0056891050
    0.0057931434
    0.0058710241
    0.0059558813
    0.0060397189
    0.0061052267
    0.0061369479
    0.0061282959
    0.0060840845
    0.0060193446
    0.0059546042
    0.0059076015
    0.0058823331
    0.0060050140
    0.0060336394
    0.0060893501
    0.0061601231
    0.0062283990
    0.0062778818
    0.0062976247
    0.0062840724
    0.0062416418
    0.0061821981
    0.0061234125
    0.0060855342
    0.0060860839
    0.0061320687
    0.0061857711
    0.0061532200
    0.0061678738
    0.0062164304
    0.0062809237
    0.0063437094
    0.0063904628
    0.0064117450
    0.0064037342
    0.0063684862
    0.0063138230
    0.0062529473
    0.0062035438
    0.0061860459
    0.0062205730
    0.0063218007
    0.0063581014
    0.0062522417
    0.0062146703
    0.0062296716
    0.0062779446
    0.0063405602
    0.0064011859
    0.0064472158
    0.0064703156
    0.0064665979
    0.0064367029
    0.0063857874
    0.0063234667
    0.0062636951
    0.0062243541
    0.0062264179
    0.0062922063
    0.0064421225
    0.0064356862
    0.0062787683
    0.0062067814
    0.0061990957
    0.0062341715
    0.0062921152
    0.0063559691
    0.0064122860
    0.0064512845
    0.0064668750
    0.0064566201
    0.0064216941
    0.0063669167
    0.0063007943
    0.0062356074
    0.0061874571
    0.0061761250
    0.0062245998
    0.0063578430
    0.0062593414
    0.0061365947
    0.0060940865
    0.0061076348
    0.0061555801
    0.0062195385
    0.0062846216
    0.0063393833
    0.0063756839
    0.0063885315
    0.0063759830
    0.0063390895
    0.0062819260
    0.0062116780
    0.0061388356
    0.0060773920
    0.0060450770
    0.0060634928
    0.0061579931
    0.0063569899
    0.0061072724
    0.0059603376
    0.0059023109
    0.0059067536
    0.0059508773
    0.0060157008
    0.0060858926
    0.0061495005
    0.0061976769
    0.0062244220
    0.0062264258
    0.0062029476
    0.0061558067
    0.0060894290
    0.0060109950
    0.0059306653
    0.0058618868
    0.0058217637
    0.0058314673
    0.0059165698
    0.0061071417
    0.0058894915
    0.0057016351
    0.0056162345
    0.0056039344
    0.0056399753
    0.0057039377
    0.0057793306
    0.0058531331
    0.0059154018
    0.0059589333
    0.0059790202
    0.0059732889
    0.0059416137
    0.0058860955
    0.0058111670
    0.0057237321
    0.0056334332
    0.0055529887
    0.0054986494
    0.0054907528
    0.0055543291
    0.0057196825
    0.0054576371
    0.0052784097
    0.0052024315
    0.0051993358
    0.0052440950
    0.0053163706
    0.0053998551
    0.0054816992
    0.0055520274
    0.0056035738
    0.0056313871
    0.0056326717
    0.0056066511
    0.0055545560
    0.0054796667
    0.0053874393
    0.0052857350
    0.0051851046
    0.0050992556
    0.0050455639
    0.0050457817
    0.0051268458
    0.0053217602
    0.0048912936
    0.0047264399
    0.0046647695
    0.0046752442
    0.0047326518
    0.0048166798
    0.0049111305
    0.0050032313
    0.0050831453
    0.0051435234
    0.0051792466
    0.0051871942
    0.0051661350
    0.0051166662
    0.0050412473
    0.0049442990
    0.0048323822
    0.0047144787
    0.0046023667
    0.0045111355
    0.0044598285
    0.0044723080
    0.0045782278
    0.0040729654
    0.0039968855
    0.0040027842
    0.0040630992
    0.0041557107
    0.0042629748
    0.0043709184
    0.0044686535
    0.0045478764
    0.0046025272
    0.0046285465
    0.0046236902
    0.0045874500
    0.0045210364
    0.0044274240
    0.0043114765
    0.0041801551
    0.0040428237
    0.0039116505
    0.0038021610
    0.0037339555
    0.0037316085
    0.0038257908
    0.0032222816
    0.0031632423
    0.0031878651
    0.0032676993
    0.0033799642
    0.0035065014
    0.0036329320
    0.0037479877
    0.0038430116
    0.0039115913
    0.0039492640
    0.0039533536
    0.0039228463
    0.0038583593
    0.0037621663
    0.0036382915
    0.0034926819
    0.0033334620
    0.0031712973
    0.0030198712
    0.0028965052
    0.0028229905
    0.0021482891
    0.0021951914
    0.0022994732
    0.0024372552
    0.0025894817
    0.0027410012
    0.0028798980
    0.0029969275
    0.0030851227
    0.0031394969
    0.0031568289
    0.0031355349
    0.0030756164
    0.0029786319
    0.0028478112
    0.0026881363
    0.0025065962
    0.0023124631
    0.0021177070
    0.0019375297
    0.0017910393
    0.0010729212
    0.0012356476
    0.0014198709
    0.0016080535
    0.0017862587
    0.0019435087
    0.0020713189
    0.0021633418
    0.0022150866
    0.0022237571
    0.0021881265
    0.0021084884
    0.0019866915
    0.0018261897
    0.0016321899
    0.0014118792
    0.0011746936
    0.0009327286
    0.0007012174
   -0.0001719821
    0.0000614710
    0.0002991770
    0.0005258933
    0.0007294811
    0.0009003916
    0.0010312994
    0.0011168229
    0.0011532906
    0.0011386307
    0.0010722674
    0.0009551106
    0.0007896029
    0.0005797817
    0.0003314592
    0.0000524051
   -0.0002473652
   -0.0005552399
   -0.0013094238
   -0.0010109804
   -0.0007383280
   -0.0005022688
   -0.0003113391
   -0.0001720663
   -0.0000892154
   -0.0000659400
   -0.0001038786
   -0.0002032383
   -0.0003627735
   -0.0005797803
   -0.0008500046
   -0.0011675134
   -0.0015245777
   -0.0019114604
   -0.0026937309
   -0.0023401893
   -0.0020352216
   -0.0017872543
   -0.0016029119
   -0.0014871857
   -0.0014435356
   -0.0014739929
   -0.0015792260
   -0.0017585425
   -0.0020099210
   -0.0023299876
   -0.0027139800
   -0.0031557589
   -0.0037930439
   -0.0034664553
   -0.0032208975
   -0.0030612587
   -0.0029911325
   -0.0030128457
   -0.0031275176
   -0.0033350878
   -0.0036343876
   -0.0040232052
   -0.0051813329
   -0.0049103571
   -0.0047522535
   -0.0047099261
   -0.0047853579
   -0.0049796860
   -0.0052932496
