[14] 7.2151956800000026 7.108793090000001 7.854063086619135 0.0 
[44] 2.8383141100000007 2.11338838 4.566287881694734 3.01858425 
[74] 0.85761544 0.9229999099999997 2.822486975812353 3.7702582600000003 
[104] 2.8197419800000016 2.86365696 3.428274808335118 3.75633105 
[134] 1.6264038500000009 1.74432556 2.917560536880046 3.8181430499999998 
[164] 0.0 0.0 1.3895025468664244 3.71957394 
[194] 4.0604628300000005 3.1544302 5.580753525253385 2.80019977 
[224] 8.83814398 4.3368532800000015 3.347916810074821 1.5868397300000001 
[254] 4.04829971 4.62455952 3.0037074454594404 4.27107402 
[284] 0.5969612900000012 1.3242823799999996 0.0 4.42178769 
[314] 2.3288265300000006 2.568495780000001 2.9965942567796446 3.9729677800000003 
[344] 6.837883160000002 5.1708295400000015 9.214078964374494 2.0580302400000003 
