   -0.0011985819
   -0.0009723880
   -0.0008489051
   -0.0008394351
   -0.0009394918
   -0.0011303781
   -0.0009776127
   -0.0005978914
   -0.0002885365
   -0.0000802526
    0.0000107112
   -0.0000203095
   -0.0001680139
   -0.0004179941
   -0.0007473340
   -0.0011255958
   -0.0010499297
   -0.0005654319
   -0.0001066539
    0.0002844808
    0.0005784230
    0.0007564129
    0.0008089697
    0.0007347586
    0.0005398158
    0.0002369758
   -0.0001548012
   -0.0006115318
   -0.0011063298
   -0.0008899763
   -0.0003283957
    0.0002086417
    0.0006843826
    0.0010693696
    0.0013422339
    0.0014894557
    0.0015048225
    0.0013888914
    0.0011485244
    0.0007964345
    0.0003505816
   -0.0001668504
   -0.0007311053
   -0.0013172232
   -0.0009741541
   -0.0003450990
    0.0002689572
    0.0008345317
    0.0013208838
    0.0017028263
    0.0019618674
    0.0020864660
    0.0020718545
    0.0019197604
    0.0016380543
    0.0012403872
    0.0007456002
    0.0001767869
   -0.0004400745
   -0.0010778052
   -0.0013814783
   -0.0007089410
   -0.0000291494
    0.0006268775
    0.0012262610
    0.0017382775
    0.0021371925
    0.0024037700
    0.0025258857
    0.0024986223
    0.0023241261
    0.0020113529
    0.0015757070
    0.0010384092
    0.0004255550
   -0.0002332187
   -0.0009060619
   -0.0008073691
   -0.0000915946
    0.0006131108
    0.0012700630
    0.0018436113
    0.0023024499
    0.0026219689
    0.0027855891
    0.0027853119
    0.0026218171
    0.0023043500
    0.0018502930
    0.0012844945
    0.0006381201
   -0.0000528313
   -0.0007485387
   -0.0014038217
   -0.0014103969
   -0.0007135117
    0.0000241284
    0.0007576988
    0.0014416661
    0.0020321495
    0.0024907381
    0.0027876936
    0.0029040477
    0.0028326287
    0.0025784054
    0.0021583140
    0.0016004980
    0.0009429114
    0.0002314039
   -0.0004816671
   -0.0011361263
   -0.0012876031
   -0.0006077499
    0.0001411696
    0.0008960584
    0.0015944035
    0.0021767752
    0.0025924368
    0.0028046647
    0.0027944046
    0.0025622252
    0.0021287955
    0.0015339029
    0.0008339802
    0.0000986270
   -0.0005926018
   -0.0011551521
   -0.0013055920
   -0.0007362608
   -0.0000183168
    0.0007557046
    0.0014885866
    0.0020855303
    0.0024657670
    0.0025752634
    0.0023963590
    0.0019528028
    0.0013096190
    0.0005672912
   -0.0001501712
   -0.0007185148
   -0.0010598312
   -0.0011738559
   -0.0010630841
   -0.0006832894
   -0.0000471293
    0.0007295384
    0.0014728290
    0.0019989661
    0.0021632731
    0.0019099212
    0.0013063678
    0.0005457013
   -0.0001031063
   -0.0004101259
   -0.0002624107
    0.0003411132
    0.0011426965
    0.0016139351
    0.0013158851
    0.0005230894
    0.0005091806
    0.0008464739
   -0.0014608846
   -0.0015936660
   -0.0014827658
   -0.0016700343
   -0.0017139880
   -0.0014581704
   -0.0013682672
   -0.0015090610
   -0.0014333058
   -0.0015066226
   -0.0018905088
   -0.0018315848
   -0.0014139794
   -0.0015689522
   -0.0014042064
   -0.0019296455
   -0.0020862937
   -0.0018903517
   -0.0015733868
   -0.0016540980
   -0.0016461780
   -0.0020914349
   -0.0022395795
   -0.0021181876
   -0.0016996063
   -0.0017631783
   -0.0017719580
   -0.0017934285
   -0.0021809371
   -0.0023396806
   -0.0023105350
   -0.0020711362
   -0.0015511375
   -0.0016506170
   -0.0019602859
   -0.0019041831
   -0.0014859656
   -0.0015411562
   -0.0020228889
   -0.0022716418
   -0.0023732309
   -0.0023638564
   -0.0022195674
   -0.0018649889
   -0.0017283695
   -0.0020763950
   -0.0021216509
   -0.0018877499
   -0.0017393516
   -0.0020594518
   -0.0022057994
   -0.0022674894
   -0.0022887860
   -0.0022575693
   -0.0021089576
   -0.0017419892
   -0.0018479666
   -0.0021773489
   -0.0022649311
   -0.0021475312
   -0.0018197953
   -0.0016106679
   -0.0018876167
   -0.0019728010
   -0.0019744473
   -0.0019757020
   -0.0020121759
   -0.0020623386
   -0.0020536424
   -0.0018804513
   -0.0018097593
   -0.0021673459
   -0.0023161316
   -0.0023131282
   -0.0021786155
   -0.0018951144
   -0.0014179055
   -0.0015092050
   -0.0017158149
   -0.0016986814
   -0.0015697505
   -0.0014777230
   -0.0016386469
   -0.0017985413
   -0.0018419499
   -0.0016491974
   -0.0019087535
   -0.0021740494
   -0.0022782023
   -0.0022831878
   -0.0022190212
   -0.0020804415
   -0.0018326816
   -0.0014262336
   -0.0013507912
   -0.0015760322
   -0.0015178414
   -0.0015087627
   -0.0016715276
   -0.0015551678
   -0.0015980945
   -0.0019380368
   -0.0020795098
   -0.0021031219
   -0.0020753640
   -0.0020350576
   -0.0019872832
   -0.0019056177
   -0.0017429794
   -0.0014498435
   -0.0014131118
   -0.0015529550
   -0.0013947898
   -0.0014138657
   -0.0015750823
   -0.0013939884
   -0.0016161297
   -0.0018201526
   -0.0018410878
   -0.0017601641
   -0.0016554034
   -0.0015843964
   -0.0015723574
   -0.0016081108
   -0.0016499769
   -0.0016408540
   -0.0015288419
   -0.0015685140
   -0.0016125520
   -0.0013623170
   -0.0015019723
   -0.0015391132
   -0.0014882086
   -0.0016365278
   -0.0015754897
   -0.0013576233
   -0.0014952486
   -0.0015215887
   -0.0014339455
   -0.0015735766
   -0.0017554660
   -0.0017698941
   -0.0015272482
   -0.0013890086
   -0.0016400983
   -0.0015618613
   -0.0014945408
   -0.0015117676
   -0.0015245993
   -0.0016489693
   -0.0016805863
   -0.0016738582
   -0.0016825756
   -0.0017394343
   -0.0018428725
   -0.0019540616
   -0.0020027775
   -0.0018988139
   -0.0015470238
   -0.0016202040
   -0.0018032924
   -0.0017274827
   -0.0015038540
   -0.0014864502
   -0.0015666951
   -0.0014580010
   -0.0014643046
   -0.0017584669
   -0.0019339985
   -0.0020406517
   -0.0021190641
   -0.0021839145
   -0.0022154313
   -0.0021593289
   -0.0019338398
   -0.0014434363
   -0.0017256017
   -0.0019751991
   -0.0019998246
   -0.0019092450
   -0.0017995113
   -0.0017346336
   -0.0017320946
   -0.0017586616
   -0.0017408328
   -0.0015876250
   -0.0017682657
   -0.0020548279
   -0.0022294025
   -0.0023234710
   -0.0023370630
   -0.0022328934
   -0.0019396348
   -0.0014554221
   -0.0019516975
   -0.0021704114
   -0.0022183589
   -0.0021865325
   -0.0021318495
   -0.0020656190
   -0.0019517243
   -0.0017173473
   -0.0015473582
   -0.0019773246
   -0.0022305789
   -0.0023390740
   -0.0022993721
   -0.0020674124
   -0.0015667155
   -0.0017391954
   -0.0021452693
   -0.0023182928
   -0.0023477979
   -0.0022884181
   -0.0021469824
   -0.0018816912
   -0.0019363427
   -0.0021963026
   -0.0022433762
   -0.0020570191
   -0.0015799500
   -0.0017970319
   -0.0021906419
   -0.0023440439
   -0.0023249020
   -0.0021559776
   -0.0018063954
   -0.0018596384
   -0.0020930544
   -0.0020350015
   -0.0016590525
   -0.0019429760
   -0.0022218200
   -0.0022484878
   -0.0020492149
   -0.0015957113
   -0.0015619355
   -0.0019054266
   -0.0018805609
   -0.0014917114
   -0.0019295282
   -0.0021196712
   -0.0020027196
   -0.0015654890
   -0.0016965161
   -0.0017424301
   -0.0014023632
   -0.0015728842
   -0.0019135168
   -0.0018995939
   -0.0014885243
   -0.0015941420
   -0.0015722685
   -0.0014940672
   -0.0017652346
   -0.0016789837
   -0.0014654128
   -0.0015327472
   -0.0015039409
   -0.0016121222
   -0.0015455958
   -0.0013577893
   -0.0014598824
   -0.0005487845
   -0.0000866085
   -0.0002952868
   -0.0010115185
   -0.0013180321
   -0.0007184584
    0.0000924744
    0.0006790011
    0.0007651854
    0.0003312404
   -0.0004241945
   -0.0011852760
   -0.0007513280
    0.0000967693
    0.0008534029
    0.0013595711
    0.0015177571
    0.0013030586
    0.0007612785
   -0.0000008004
   -0.0008277632
   -0.0013601115
   -0.0005339181
    0.0003190858
    0.0010891869
    0.0016829661
    0.0020321622
    0.0020993254
    0.0018792200
    0.0013976451
    0.0007090443
   -0.0001063636
   -0.0009437477
   -0.0013888232
   -0.0005532850
    0.0002969798
    0.0010879093
    0.0017524046
    0.0022363467
    0.0025024257
    0.0025314746
    0.0023223559
    0.0018913511
    0.0012713748
    0.0005109790
   -0.0003267090
   -0.0011630815
   -0.0011721432
   -0.0003344337
    0.0004957415
    0.0012619887
    0.0019131036
    0.0024075702
    0.0027157039
    0.0028201522
    0.0027156448
    0.0024085848
    0.0019167716
    0.0012690996
    0.0005050842
   -0.0003259676
   -0.0011652839
   -0.0009780726
   -0.0001579964
    0.0006427964
    0.0013758805
    0.0019985341
    0.0024767668
    0.0027862793
    0.0029124010
    0.0028496476
    0.0026013578
    0.0021795237
    0.0016047555
    0.0009061777
    0.0001209573
   -0.0007067681
   -0.0009893107
   -0.0002011609
    0.0005708623
    0.0012799497
    0.0018862322
    0.0023585911
    0.0026748589
    0.0028212985
    0.0027920528
    0.0025887090
    0.0022201495
    0.0017026045
    0.0010597555
    0.0003225938
   -0.0004713926
   -0.0012799664
   -0.0012817499
   -0.0005473936
    0.0001962030
    0.0008960466
    0.0015087397
    0.0020010801
    0.0023493652
    0.0025383795
    0.0025605283
    0.0024152557
    0.0021088116
    0.0016543105
    0.0010719627
    0.0003892063
   -0.0003596209
   -0.0011346606
   -0.0011873609
   -0.0005031068
    0.0001866888
    0.0008231935
    0.0013630695
    0.0017756141
    0.0020404020
    0.0021456493
    0.0020871541
    0.0018677918
    0.0014974684
    0.0009933919
    0.0003805408
   -0.0003080597
   -0.0010317119
   -0.0008325890
   -0.0001960392
    0.0003989448
    0.0009012550
    0.0012769673
    0.0015047378
    0.0015731649
    0.0014793697
    0.0012284920
    0.0008338182
    0.0003174610
   -0.0002885926
   -0.0009412900
   -0.0009005829
   -0.0003354332
    0.0001637823
    0.0005489484
    0.0007910618
    0.0008747637
    0.0007957483
    0.0005598856
    0.0001835811
   -0.0003047477
   -0.0008619396
   -0.0013395993
   -0.0008423683
   -0.0004100818
   -0.0000982834
    0.0000628879
    0.0000609528
   -0.0001017852
   -0.0004081845
   -0.0008236367
   -0.0012900318
   -0.0012386536
   -0.0009361531
   -0.0007798100
   -0.0007866607
   -0.0009501179
   -0.0012384788
    0.0003999302
   -0.0000578237
    0.0002633921
    0.0009633333
    0.0012403112
    0.0008546666
    0.0000946354
   -0.0005929982
   -0.0009104405
   -0.0008131867
   -0.0003559316
    0.0003601719
    0.0011207707
    0.0016879296
    0.0018990854
    0.0017031171
    0.0011561733
    0.0003936675
   -0.0004111424
   -0.0010881288
   -0.0008988231
   -0.0002446801
    0.0005260299
    0.0012805417
    0.0018981381
    0.0022880537
    0.0023970977
    0.0022123935
    0.0017600832
    0.0011001951
    0.0003173166
   -0.0004920243
   -0.0012305108
   -0.0011787618
   -0.0005202801
    0.0002404177
    0.0010071818
    0.0016979912
    0.0022461959
    0.0026021005
    0.0027348048
    0.0026332264
    0.0023062038
    0.0017816579
    0.0011044385
    0.0003322183
   -0.0004706995
   -0.0012397923
   -0.0008450861
   -0.0000995128
    0.0006617793
    0.0013768888
    0.0019942943
    0.0024721412
    0.0027791698
    0.0028956581
    0.0028139487
    0.0025386538
    0.0020866335
    0.0014865041
    0.0007772747
    0.0000054447
   -0.0007796112
   -0.0007666495
   -0.0000218513
    0.0007113431
    0.0013883519
    0.0019708240
    0.0024269709
    0.0027324438
    0.0028710091
    0.0028349285
    0.0026251934
    0.0022517400
    0.0017335729
    0.0010985419
    0.0003823004
   -0.0003742438
   -0.0011294030
   -0.0012000320
   -0.0004807495
    0.0002360031
    0.0009124837
    0.0015149007
    0.0020139097
    0.0023856445
    0.0026124195
    0.0026831772
    0.0025937336
    0.0023470391
    0.0019535061
    0.0014313536
    0.0008067773
    0.0001134148
   -0.0006095956
   -0.0013220493
   -0.0008445790
   -0.0001577732
    0.0004949284
    0.0010830562
    0.0015793058
    0.0019608185
    0.0022100380
    0.0023151834
    0.0022705343
    0.0020767216
    0.0017411322
    0.0012784889
    0.0007115157
    0.0000714501
   -0.0006022712
   -0.0012643406
   -0.0011790699
   -0.0005356983
    0.0000775995
    0.0006319851
    0.0011008614
    0.0014616619
    0.0016969032
    0.0017947358
    0.0017492789
    0.0015610029
    0.0012372673
    0.0007932251
    0.0002531025
   -0.0003481934
   -0.0009635149
   -0.0009179707
   -0.0003625001
    0.0001407544
    0.0005636498
    0.0008823897
    0.0010788241
    0.0011410580
    0.0010638561
    0.0008491540
    0.0005069991
    0.0000571698
   -0.0004681396
   -0.0010201001
   -0.0012945435
   -0.0008244982
   -0.0003931856
   -0.0000347305
    0.0002231413
    0.0003603181
    0.0003647780
    0.0002330047
   -0.0000290826
   -0.0004041872
   -0.0008598094
   -0.0013410613
   -0.0012966321
   -0.0009641556
   -0.0006898591
   -0.0005102351
   -0.0004493110
   -0.0005189379
   -0.0007182851
   -0.0010315879
   -0.0014226061
   -0.0013898077
   -0.0013016483
   -0.0013261100
   -0.0013937657
   -0.0011647810
   -0.0011011357
   -0.0012183212
   -0.0010088712
   -0.0006097379
   -0.0003409118
   -0.0002382685
   -0.0003143166
   -0.0005615348
   -0.0009508106
   -0.0009576615
   -0.0004134056
    0.0000515731
    0.0003864967
    0.0005619314
    0.0005641650
    0.0003928508
    0.0000608991
   -0.0004032906
   -0.0009500708
   -0.0007684376
   -0.0001388804
    0.0004242494
    0.0008733085
    0.0011772916
    0.0013178227
    0.0012870174
    0.0010865998
    0.0007281341
    0.0002345052
   -0.0003568747
   -0.0009878679
   -0.0010974277
   -0.0003894075
    0.0002944361
    0.0009006356
    0.0013903839
    0.0017367101
    0.0019224749
    0.0019390797
    0.0017858173
    0.0014698744
    0.0010070186
    0.0004230940
   -0.0002434234
   -0.0009373693
   -0.0013346959
   -0.0005725049
    0.0001830342
    0.0008809295
    0.0014804055
    0.0019505846
    0.0022696014
    0.0024236968
    0.0024065122
    0.0022187711
    0.0018683983
    0.0013711194
    0.0007514908
    0.0000443761
   -0.0007034001
   -0.0006555737
    0.0001471387
    0.0008994663
    0.0015604692
    0.0020973143
    0.0024854980
    0.0027084708
    0.0027571202
    0.0026294659
    0.0023306274
    0.0018731882
    0.0012778455
    0.0005741760
   -0.0001987916
   -0.0009930152
   -0.0006525213
    0.0001810627
    0.0009638978
    0.0016536281
    0.0022153823
    0.0026226160
    0.0028571313
    0.0029087949
    0.0027753004
    0.0024622046
    0.0019832576
    0.0013609180
    0.0006267780
   -0.0001786793
   -0.0010078625
   -0.0006257253
    0.0002272420
    0.0010251766
    0.0017213919
    0.0022774318
    0.0026642289
    0.0028623966
    0.0028621298
    0.0026631616
    0.0022749522
    0.0017170502
    0.0010194513
    0.0002223472
   -0.0006255410
   -0.0006939468
    0.0001720752
    0.0009807587
    0.0016758348
    0.0022116416
    0.0025545116
    0.0026834258
    0.0025902569
    0.0022799870
    0.0017710911
    0.0010958144
    0.0002997002
   -0.0005604424
   -0.0014204901
   -0.0010370063
   -0.0001652316
    0.0006687004
    0.0013862317
    0.0019247545
    0.0022390993
    0.0023030558
    0.0021103892
    0.0016755971
    0.0010343190
    0.0002426381
   -0.0006256825
   -0.0010389753
   -0.0001765896
    0.0006336936
    0.0012796707
    0.0016781753
    0.0017783069
    0.0015651963
    0.0010625963
    0.0003334236
   -0.0005232598
   -0.0013781355
   -0.0010544847
   -0.0002110923
    0.0005386244
    0.0010163535
    0.0011101382
    0.0007911261
    0.0001254597
   -0.0007261342
   -0.0007032852
    0.0000506562
    0.0003799317
    0.0000757390
   -0.0007128561
   -0.0005500693
   -0.0006327150
   -0.0009163416
   -0.0009469571
   -0.0008894035
   -0.0008760394
   -0.0009043288
   -0.0008983609
   -0.0007307754
   -0.0005810494
   -0.0004675859
   -0.0004013796
   -0.0003872563
   -0.0004247162
   -0.0005084918
   -0.0006289991
   -0.0007728912
   -0.0007961831
   -0.0005842441
   -0.0003744909
   -0.0001886056
   -0.0000424403
    0.0000534106
    0.0000930227
    0.0000746298
    0.0000002149
   -0.0001248581
   -0.0002922742
   -0.0004913791
   -0.0007101684
   -0.0007185483
   -0.0004608631
   -0.0002025881
    0.0000369279
    0.0002416069
    0.0003991215
    0.0005009194
    0.0005420290
    0.0005208255
    0.0004387701
    0.0003001266
    0.0001116240
   -0.0001180443
   -0.0003789579
   -0.0006610488
   -0.0006731175
   -0.0003673098
   -0.0000640733
    0.0002208287
    0.0004726192
    0.0006787866
    0.0008296652
    0.0009186224
    0.0009420503
    0.0008992367
    0.0007921877
    0.0006254080
    0.0004055836
    0.0001411299
   -0.0001584165
   -0.0004832448
   -0.0008242147
   -0.0006957038
   -0.0003451768
    0.0000004005
    0.0003280310
    0.0006240538
    0.0008758147
    0.0010726976
    0.0012066651
    0.0012724806
    0.0012677486
    0.0011928410
    0.0010507541
    0.0008468925
    0.0005887535
    0.0002855109
   -0.0000525422
   -0.0004146150
   -0.0007899495
   -0.0008611073
   -0.0004737829
   -0.0000887103
    0.0002827800
    0.0006275254
    0.0009321673
    0.0011845032
    0.0013744211
    0.0014944381
    0.0015399662
    0.0015093941
    0.0014040273
    0.0012279729
    0.0009879019
    0.0006927405
    0.0003532490
   -0.0000184438
   -0.0004092486
   -0.0008051304
   -0.0008629909
   -0.0004508851
   -0.0000386117
    0.0003604750
    0.0007318307
    0.0010607831
    0.0013337801
    0.0015394194
    0.0016691348
    0.0017176122
    0.0016829544
    0.0015666913
    0.0013736703
    0.0011118433
    0.0007919246
    0.0004269922
    0.0000320748
   -0.0003760192
   -0.0007782315
   -0.0007838153
   -0.0003582102
    0.0000719292
    0.0004886948
    0.0008740894
    0.0012106687
    0.0014827152
    0.0016773227
    0.0017852370
    0.0018013557
    0.0017249628
    0.0015597559
    0.0013136886
    0.0009986573
    0.0006300755
    0.0002264211
   -0.0001909820
   -0.0005975188
   -0.0009637026
   -0.0007655391
   -0.0003406996
    0.0001005591
    0.0005330914
    0.0009328626
    0.0012772604
    0.0015463491
    0.0017242828
    0.0018004725
    0.0017703251
    0.0016355939
    0.0014044018
    0.0010909229
    0.0007148471
    0.0003007324
   -0.0001224802
   -0.0005214687
   -0.0008585611
   -0.0009417294
   -0.0005720177
   -0.0001441196
    0.0003040322
    0.0007367724
    0.0011205238
    0.0014251485
    0.0016261899
    0.0017071206
    0.0016609961
    0.0014913769
    0.0012124694
    0.0008485397
    0.0004327399
    0.0000054846
   -0.0003878739
   -0.0007023759
   -0.0007607461
   -0.0004138756
    0.0000119519
    0.0004639013
    0.0008876206
    0.0012320036
    0.0014543188
    0.0015257572
    0.0014360836
    0.0011963311
    0.0008390731
    0.0004159908
   -0.0000078759
   -0.0003657080
   -0.0006106191
   -0.0007382853
   -0.0007703442
   -0.0006985408
   -0.0004860831
   -0.0001308461
    0.0003118988
    0.0007526946
    0.0010948208
    0.0012573940
    0.0011973444
    0.0009265377
    0.0005174234
    0.0000896591
   -0.0002314453
   -0.0003712084
   -0.0003010019
   -0.0000040220
    0.0004446248
    0.0008338450
    0.0009219340
    0.0006252827
    0.0001825349
    0.0000639582
    0.0005067380
    0.0004122005
   -0.0009114770
   -0.0009888128
   -0.0009131076
   -0.0010530632
   -0.0010873801
   -0.0009539376
   -0.0008914791
   -0.0009360656
   -0.0008770815
   -0.0012016668
   -0.0011872554
   -0.0009770732
   -0.0009585491
   -0.0008690293
   -0.0012213885
   -0.0013496049
   -0.0012703205
   -0.0009511599
   -0.0010174839
   -0.0012963360
   -0.0014564445
   -0.0014445443
   -0.0012618802
   -0.0010203680
   -0.0011156492
   -0.0009751596
   -0.0012686313
   -0.0014911152
   -0.0015728839
   -0.0015213468
   -0.0013268213
   -0.0010661124
   -0.0012231253
   -0.0011695203
   -0.0012243209
   -0.0014741647
   -0.0016051896
   -0.0016369268
   -0.0015695042
   -0.0013842501
   -0.0011697905
   -0.0013355912
   -0.0013179172
   -0.0011200108
   -0.0012894629
   -0.0014907153
   -0.0016007328
   -0.0016435695
   -0.0016242238
   -0.0015272226
   -0.0013215417
   -0.0011738652
   -0.0013986955
   -0.0014640967
   -0.0013807632
   -0.0011496800
   -0.0010237027
   -0.0012844684
   -0.0014356060
   -0.0015165495
   -0.0015574514
   -0.0015710154
   -0.0015491857
   -0.0014651322
   -0.0012798423
   -0.0012088698
   -0.0014476970
   -0.0015494856
   -0.0015309733
   -0.0013984873
   -0.0011473570
   -0.0011401428
   -0.0012765740
   -0.0013342633
   -0.0013548971
   -0.0013696738
   -0.0013916476
   -0.0014124998
   -0.0014043994
   -0.0013261603
   -0.0011320255
   -0.0011289550
   -0.0014057812
   -0.0015570388
   -0.0016063798
   -0.0015692317
   -0.0014495393
   -0.0012404924
   -0.0010072297
   -0.0011212526
   -0.0011373595
   -0.0011013239
   -0.0011362937
   -0.0012074510
   -0.0012417832
   -0.0011896207
   -0.0010047260
   -0.0011278767
   -0.0013836908
   -0.0015281060
   -0.0015882437
   -0.0015849060
   -0.0015283750
   -0.0014173911
   -0.0012412691
   -0.0009827698
   -0.0010027795
   -0.0010590215
   -0.0010948833
   -0.0009968440
   -0.0010783824
   -0.0013089196
   -0.0014358644
   -0.0014886148
   -0.0014935258
   -0.0014685085
   -0.0014201914
   -0.0013438151
   -0.0012259454
   -0.0010496295
   -0.0009184239
   -0.0009511102
   -0.0009934695
   -0.0009594418
   -0.0011355584
   -0.0012672811
   -0.0013151358
   -0.0013103370
   -0.0012815601
   -0.0012494158
   -0.0012230183
   -0.0011991693
   -0.0011643667
   -0.0010994147
   -0.0009857574
   -0.0009781601
   -0.0009256383
   -0.0009058692
   -0.0009584115
   -0.0010103101
   -0.0011138652
   -0.0011256827
   -0.0010757618
   -0.0009690048
   -0.0009745241
   -0.0009334069
   -0.0009998358
   -0.0010692182
   -0.0010206205
   -0.0009377304
   -0.0009796182
   -0.0009078563
   -0.0009886040
   -0.0009679266
   -0.0008977223
   -0.0009453672
   -0.0009445502
   -0.0010743892
   -0.0011691141
   -0.0012116639
   -0.0011617671
   -0.0009849971
   -0.0009055135
   -0.0010524206
   -0.0010445412
   -0.0009241714
   -0.0009237917
   -0.0009590124
   -0.0010604935
   -0.0011197381
   -0.0011562935
   -0.0011898596
   -0.0012335892
   -0.0012892600
   -0.0013452303
   -0.0013773108
   -0.0013520840
   -0.0012320072
   -0.0011000653
   -0.0011922414
   -0.0011650164
   -0.0010648603
   -0.0009757810
   -0.0009732328
   -0.0008804518
   -0.0010080957
   -0.0011808831
   -0.0013026914
   -0.0013904656
   -0.0014571259
   -0.0015061934
   -0.0015289691
   -0.0015045161
   -0.0014022613
   -0.0011869618
   -0.0010179969
   -0.0012489935
   -0.0013432010
   -0.0013431154
   -0.0012933270
   -0.0012326747
   -0.0011873022
   -0.0011657629
   -0.0011576687
   -0.0011367992
   -0.0010681683
   -0.0009173306
   -0.0010681655
   -0.0012895916
   -0.0014456138
   -0.0015493279
   -0.0016062101
   -0.0016102620
   -0.0015432037
   -0.0013768041
   -0.0010783626
   -0.0012700166
   -0.0014381838
   -0.0015018424
   -0.0015013813
   -0.0014694498
   -0.0014246896
   -0.0013683313
   -0.0012845915
   -0.0011452680
   -0.0012952283
   -0.0014833376
   -0.0015924141
   -0.0016236308
   -0.0015659928
   -0.0013972463
   -0.0010889843
   -0.0012231720
   -0.0014608268
   -0.0015780215
   -0.0016110016
   -0.0015876870
   -0.0015212514
   -0.0014075118
   -0.0012267449
   -0.0013207247
   -0.0014991092
   -0.0015689435
   -0.0015244093
   -0.0013485575
   -0.0012989968
   -0.0015209600
   -0.0016214415
   -0.0016285954
   -0.0015585255
   -0.0014104306
   -0.0011673653
   -0.0012745362
   -0.0014411179
   -0.0014655195
   -0.0013396039
   -0.0010498782
   -0.0013600868
   -0.0015412011
   -0.0015929775
   -0.0015320809
   -0.0013604507
   -0.0012722443
   -0.0013537817
   -0.0012587225
   -0.0012712224
   -0.0014620632
   -0.0015001644
   -0.0013931986
   -0.0011369108
   -0.0011975236
   -0.0012063638
   -0.0010202593
   -0.0011533389
   -0.0013520753
   -0.0013765681
   -0.0012210180
   -0.0009943175
   -0.0011088304
   -0.0010079140
   -0.0011139664
   -0.0012552078
   -0.0011988770
   -0.0010112572
   -0.0009292879
   -0.0009949180
   -0.0011292485
   -0.0010702444
   -0.0009347167
   -0.0009366740
   -0.0009362941
   -0.0010074655
   -0.0009926239
   -0.0008645473
   -0.0009182751
   -0.0004854601
   -0.0002374581
   -0.0003420118
   -0.0007150421
   -0.0009021980
   -0.0005979223
   -0.0001502839
    0.0001878086
    0.0002465855
    0.0000125413
   -0.0003933462
   -0.0007872865
   -0.0006505206
   -0.0001735345
    0.0002697365
    0.0005793999
    0.0006923117
    0.0005899371
    0.0002983885
   -0.0001174522
   -0.0005635525
   -0.0006127226
   -0.0001187985
    0.0003485967
    0.0007302003
    0.0009804625
    0.0010712915
    0.0009940417
    0.0007596515
    0.0003974741
   -0.0000465872
   -0.0005117628
   -0.0008064791
   -0.0003098589
    0.0001828960
    0.0006300671
    0.0009951644
    0.0012493014
    0.0013731486
    0.0013579414
    0.0012057119
    0.0009290020
    0.0005503057
    0.0001013790
   -0.0003771271
   -0.0008345845
   -0.0010243724
   -0.0005334269
   -0.0000350464
    0.0004404391
    0.0008640490
    0.0012101104
    0.0014580946
    0.0015937714
    0.0016097137
    0.0015054178
    0.0012871752
    0.0009678448
    0.0005665113
    0.0001080833
   -0.0003768924
   -0.0008513993
   -0.0010109065
   -0.0005240452
   -0.0000341515
    0.0004356442
    0.0008619698
    0.0012233988
    0.0015020899
    0.0016847062
    0.0017628277
    0.0017330457
    0.0015968970
    0.0013607631
    0.0010357008
    0.0006372116
    0.0001849079
   -0.0002978563
   -0.0007839833
   -0.0009563017
   -0.0004835943
   -0.0000094120
    0.0004461775
    0.0008625448
    0.0012207460
    0.0015049150
    0.0017029425
    0.0018067208
    0.0018121630
    0.0017191381
    0.0015313717
    0.0012563495
    0.0009051862
    0.0004923876
    0.0000354799
   -0.0004455257
   -0.0009285774
   -0.0010108788
   -0.0005659690
   -0.0001127376
    0.0003292472
    0.0007397923
    0.0011004099
    0.0013955541
    0.0016131464
    0.0017447261
    0.0017853770
    0.0017336472
    0.0015914267
    0.0013638774
    0.0010593523
    0.0006892481
    0.0002677472
   -0.0001887012
   -0.0006621599
   -0.0008586667
   -0.0004422823
   -0.0000170920
    0.0003945720
    0.0007720005
    0.0010975130
    0.0013569887
    0.0015399437
    0.0016394049
    0.0016517481
    0.0015765385
    0.0014164289
    0.0011770928
    0.0008671601
    0.0004980874
    0.0000838541
   -0.0003596365
   -0.0008156083
   -0.0006379328
   -0.0002478974
    0.0001432067
    0.0005109445
    0.0008351762
    0.0011001186
    0.0012940934
    0.0014092042
    0.0014410252
    0.0013883909
    0.0012532358
    0.0010405468
    0.0007583119
    0.0004174590
    0.0000316470
   -0.0003832342
   -0.0008100805
   -0.0007901205
   -0.0004466224
   -0.0000865738
    0.0002595957
    0.0005682764
    0.0008217126
    0.0010071460
    0.0011161412
    0.0011440997
    0.0010899385
    0.0009559271
    0.0007476248
    0.0004738947
    0.0001469006
   -0.0002180129
   -0.0006027596
   -0.0006769628
   -0.0003562650
   -0.0000369613
    0.0002518038
    0.0004891770
    0.0006607561
    0.0007573880
    0.0007744052
    0.0007112084
    0.0005710759
    0.0003611571
    0.0000926037
   -0.0002192601
   -0.0005548301
   -0.0007058528
   -0.0004189170
   -0.0001486330
    0.0000778626
    0.0002425903
    0.0003345191
    0.0003483233
    0.0002837591
    0.0001454490
   -0.0000569778
   -0.0003084744
   -0.0005879058
   -0.0009061380
   -0.0006580269
   -0.0004324535
   -0.0002569618
   -0.0001482130
   -0.0001145997
   -0.0001574997
   -0.0002716358
   -0.0004447594
   -0.0006566530
   -0.0008696786
   -0.0007148525
   -0.0006241571
   -0.0006061422
   -0.0006593291
   -0.0007722263
    0.0001159098
   -0.0001381656
    0.0000463135
    0.0004418616
    0.0005991174
    0.0003743370
   -0.0000606193
   -0.0004401991
   -0.0006018866
   -0.0005398967
   -0.0002903420
    0.0001048588
    0.0005377955
    0.0008701988
    0.0009998964
    0.0008914021
    0.0005760261
    0.0001346017
   -0.0003277324
   -0.0007074859
   -0.0009314452
   -0.0008216822
   -0.0005982319
   -0.0002543818
    0.0001726791
    0.0006110198
    0.0009859115
    0.0012374400
    0.0013281253
    0.0012455653
    0.0010018007
    0.0006299253
    0.0001784401
   -0.0002955245
   -0.0007319713
   -0.0008125510
   -0.0004922786
   -0.0000832811
    0.0003612049
    0.0007882239
    0.0011520734
    0.0014169035
    0.0015581197
    0.0015632039
    0.0014319093
    0.0011757261
    0.0008165421
    0.0003844077
   -0.0000854174
   -0.0005552695
   -0.0009861171
   -0.0008490560
   -0.0004820994
   -0.0000540635
    0.0003901689
    0.0008124135
    0.0011808396
    0.0014698351
    0.0016603062
    0.0017400744
    0.0017041533
    0.0015547920
    0.0013012542
    0.0009592191
    0.0005496692
    0.0000972248
   -0.0003718825
   -0.0008313745
   -0.0008169454
   -0.0004079684
    0.0000309798
    0.0004669194
    0.0008727274
    0.0012256838
    0.0015071798
    0.0017028887
    0.0018030441
    0.0018026719
    0.0017017211
    0.0015050694
    0.0012223825
    0.0008677067
    0.0004586571
    0.0000151315
   -0.0004424542
   -0.0008948743
   -0.0008789409
   -0.0004586968
   -0.0000233230
    0.0004023840
    0.0007976519
    0.0011446330
    0.0014282735
    0.0016365344
    0.0017606719
    0.0017954410
    0.0017392870
    0.0015944215
    0.0013668708
    0.0010663887
    0.0007061546
    0.0003021030
   -0.0001282515
   -0.0005675945
   -0.0010009328
   -0.0007881223
   -0.0003629043
    0.0000588492
    0.0004594434
    0.0008231514
    0.0011360646
    0.0013863512
    0.0015645794
    0.0016639977
    0.0016807532
    0.0016140445
    0.0014662503
    0.0012430328
    0.0009533442
    0.0006092988
    0.0002257346
   -0.0001807344
   -0.0005933844
   -0.0009979127
   -0.0006673171
   -0.0002578297
    0.0001354925
    0.0004990406
    0.0008201298
    0.0010874204
    0.0012913692
    0.0014245986
    0.0014821742
    0.0014618039
    0.0013640140
    0.0011923053
    0.0009533049
    0.0006568613
    0.0003160144
   -0.0000533492
   -0.0004333969
   -0.0008062142
   -0.0010184786
   -0.0006284883
   -0.0002492401
    0.0001077901
    0.0004309095
    0.0007089408
    0.0009319238
    0.0010916677
    0.0011821307
    0.0011996989
    0.0011434064
    0.0010151448
    0.0008198777
    0.0005659102
    0.0002651113
   -0.0000669527
   -0.0004111786
   -0.0007457743
   -0.0007364372
   -0.0003940899
   -0.0000733008
    0.0002147338
    0.0004590579
    0.0006499226
    0.0007794304
    0.0008419709
    0.0008345310
    0.0007569532
    0.0006122228
    0.0004068089
    0.0001511172
   -0.0001399805
   -0.0004465782
   -0.0007433382
   -0.0007006696
   -0.0004161145
   -0.0001552807
    0.0000696248
    0.0002474571
    0.0003690575
    0.0004278161
    0.0004200476
    0.0003453258
    0.0002068581
    0.0000120055
   -0.0002269559
   -0.0004917661
   -0.0007567061
   -0.0006574379
   -0.0004485445
   -0.0002691438
   -0.0001325638
   -0.0000492341
   -0.0000261369
   -0.0000664088
   -0.0001689177
   -0.0003276384
   -0.0005306326
   -0.0007584166
   -0.0007307620
   -0.0006131987
   -0.0005349113
   -0.0005075336
   -0.0005374260
   -0.0006252455
   -0.0007651686
   -0.0009433980
   -0.0009873493
   -0.0010199426
   -0.0009612964
   -0.0008814601
   -0.0008764385
   -0.0009500822
   -0.0009108902
   -0.0007017014
   -0.0005243295
   -0.0004077166
   -0.0003678645
   -0.0004104334
   -0.0005316128
   -0.0007175773
   -0.0009422531
   -0.0006480526
   -0.0003867999
   -0.0001598122
    0.0000081152
    0.0001015235
    0.0001125026
    0.0000398548
   -0.0001110226
   -0.0003275073
   -0.0005881682
   -0.0008596786
   -0.0006074600
   -0.0002919099
    0.0000033797
    0.0002522447
    0.0004363824
    0.0005438496
    0.0005681706
    0.0005078640
    0.0003663746
    0.0001523904
   -0.0001193757
   -0.0004267376
   -0.0007375533
   -0.0006005591
   -0.0002388763
    0.0001088256
    0.0004177736
    0.0006692487
    0.0008497516
    0.0009503959
    0.0009664803
    0.0008972916
    0.0007461031
    0.0005204049
    0.0002324064
   -0.0001001409
   -0.0004526939
   -0.0007920498
   -0.0006871999
   -0.0002847219
    0.0001094697
    0.0004722700
    0.0007848002
    0.0010323619
    0.0012042245
    0.0012933716
    0.0012963113
    0.0012129873
    0.0010468187
    0.0008048862
    0.0004982652
    0.0001425048
   -0.0002417795
   -0.0006282489
   -0.0009497654
   -0.0005147329
   -0.0000780928
    0.0003386652
    0.0007160645
    0.0010376199
    0.0012902020
    0.0014640795
    0.0015528526
    0.0015533643
    0.0014656505
    0.0012929975
    0.0010420711
    0.0007231245
    0.0003502535
   -0.0000584200
   -0.0004808040
   -0.0008914527
   -0.0005619078
   -0.0000967305
    0.0003486213
    0.0007554104
    0.0011070430
    0.0013898069
    0.0015931574
    0.0017098008
    0.0017356641
    0.0016698793
    0.0015148154
    0.0012761589
    0.0009630464
    0.0005881685
    0.0001677499
   -0.0002788025
   -0.0007299090
   -0.0009591700
   -0.0004707960
    0.0000118768
    0.0004692641
    0.0008825484
    0.0012350525
    0.0015130031
    0.0017059093
    0.0018066883
    0.0018117018
    0.0017207717
    0.0015372282
    0.0012679824
    0.0009235911
    0.0005182135
    0.0000692927
   -0.0004032699
   -0.0008787913
   -0.0008348152
   -0.0003337433
    0.0001562858
    0.0006135213
    0.0010178673
    0.0013519583
    0.0016018476
    0.0017573716
    0.0018123058
    0.0017644290
    0.0016155822
    0.0013717323
    0.0010429881
    0.0006435251
    0.0001912001
   -0.0002933359
   -0.0007882344
   -0.0007864411
   -0.0002810662
    0.0002119433
    0.0006665172
    0.0010595302
    0.0013716102
    0.0015877732
    0.0016978171
    0.0016965333
    0.0015838249
    0.0013647807
    0.0010497002
    0.0006539434
    0.0001974603
   -0.0002962209
   -0.0008015894
   -0.0009671466
   -0.0004709483
    0.0000285742
    0.0004958131
    0.0009003827
    0.0012172313
    0.0014273114
    0.0015181357
    0.0014841480
    0.0013269510
    0.0010554015
    0.0006854848
    0.0002398299
   -0.0002533549
   -0.0007617795
   -0.0005811419
   -0.0000876884
    0.0003767130
    0.0007700775
    0.0010592101
    0.0012204067
    0.0012403198
    0.0011166251
    0.0008583509
    0.0004857628
    0.0000296104
   -0.0004703523
   -0.0009667349
   -0.0008176909
   -0.0003470683
    0.0001194909
    0.0005150170
    0.0007881649
    0.0009044743
    0.0008484032
    0.0006248619
    0.0002596675
   -0.0002015250
   -0.0006956043
   -0.0005149805
   -0.0000644895
    0.0002988120
    0.0004918297
    0.0004692559
    0.0002311414
   -0.0001736301
   -0.0006502320
   -0.0008545347
   -0.0004366319
   -0.0000614906
    0.0000809104
   -0.0000944508
   -0.0005108012
   -0.0004600056
   -0.0003886764
   -0.0008275514
   -0.0006982097
   -0.0007534817
   -0.0006863765
   -0.0006161293
   -0.0005509219
   -0.0004996870
   -0.0004678090
   -0.0004575532
   -0.0004684057
   -0.0004973603
   -0.0005391940
   -0.0005305894
   -0.0004362987
   -0.0003449451
   -0.0002662765
   -0.0002072770
   -0.0001723869
   -0.0001637293
   -0.0001813173
   -0.0002232619
   -0.0002860004
   -0.0003645829
   -0.0004530899
   -0.0005301852
   -0.0004188283
   -0.0002983338
   -0.0001797515
   -0.0000725039
    0.0000158963
    0.0000799115
    0.0001159250
    0.0001221356
    0.0000984324
    0.0000462453
   -0.0000316405
   -0.0001313149
   -0.0002480758
   -0.0003768980
   -0.0005130654
   -0.0005322397
   -0.0003940276
   -0.0002467176
   -0.0000990547
    0.0000403272
    0.0001636880
    0.0002645964
    0.0003381244
    0.0003808997
    0.0003910808
    0.0003682876
    0.0003135001
    0.0002289150
    0.0001177651
   -0.0000159342
   -0.0001677265
   -0.0003331534
   -0.0005082918
   -0.0005277031
   -0.0003549832
   -0.0001781925
   -0.0000037213
    0.0001612510
    0.0003096823
    0.0004352825
    0.0005328650
    0.0005985351
    0.0006297615
    0.0006253709
    0.0005855022
    0.0005115159
    0.0004058650
    0.0002719223
    0.0001137455
   -0.0000642172
   -0.0002574783
   -0.0004618712
   -0.0006738392
   -0.0005234286
   -0.0003187126
   -0.0001142905
    0.0000847184
    0.0002720754
    0.0004412835
    0.0005862428
    0.0007016890
    0.0007834735
    0.0008287009
    0.0008357869
    0.0008044518
    0.0007356617
    0.0006315397
    0.0004952217
    0.0003306777
    0.0001424842
   -0.0000644289
   -0.0002850260
   -0.0005142996
   -0.0005714509
   -0.0003406963
   -0.0001116591
    0.0001109862
    0.0003213836
    0.0005131542
    0.0006800361
    0.0008163877
    0.0009175460
    0.0009800558
    0.0010017848
    0.0009819659
    0.0009211821
    0.0008212988
    0.0006853532
    0.0005174021
    0.0003223428
    0.0001057075
   -0.0001265002
   -0.0003678581
   -0.0006113260
   -0.0005111064
   -0.0002614790
   -0.0000146289
    0.0002235033
    0.0004462961
    0.0006468746
    0.0008186345
    0.0009557140
    0.0010533544
    0.0011081427
    0.0011181447
    0.0010829669
    0.0010037322
    0.0008830188
    0.0007247423
    0.0005339981
    0.0003168957
    0.0000804090
   -0.0001676600
   -0.0004185138
   -0.0006617894
   -0.0006721292
   -0.0004148503
   -0.0001528327
    0.0001059596
    0.0003535714
    0.0005819225
    0.0007830953
    0.0009497984
    0.0010758109
    0.0011563560
    0.0011883413
    0.0011705025
    0.0011034537
    0.0009896485
    0.0008332901
    0.0006401852
    0.0004175809
    0.0001740334
   -0.0000806041
   -0.0003349571
   -0.0005755428
   -0.0006514166
   -0.0003945641
   -0.0001260415
    0.0001424643
    0.0004001395
    0.0006366133
    0.0008421021
    0.0010078434
    0.0011266027
    0.0011931019
    0.0012043302
    0.0011597263
    0.0010612196
    0.0009131855
    0.0007223078
    0.0004973975
    0.0002492322
   -0.0000094977
   -0.0002640376
   -0.0004972145
   -0.0006892143
   -0.0005666511
   -0.0003132353
   -0.0000417281
    0.0002315983
    0.0004918701
    0.0007252802
    0.0009193415
    0.0010634735
    0.0011496592
    0.0011729993
    0.0011320867
    0.0010291835
    0.0008701990
    0.0006645229
    0.0004247700
    0.0001664955
   -0.0000920370
   -0.0003301875
   -0.0005260040
   -0.0005437185
   -0.0003102618
   -0.0000438709
    0.0002325962
    0.0004976487
    0.0007314852
    0.0009166614
    0.0010391343
    0.0010893906
    0.0010633551
    0.0009629569
    0.0007962709
    0.0005772796
    0.0003253013
    0.0000640701
   -0.0001798341
   -0.0003802639
   -0.0005182447
   -0.0006160393
   -0.0004836497
   -0.0002775739
   -0.0000209283
    0.0002554576
    0.0005193230
    0.0007403278
    0.0008927671
    0.0009583614
    0.0009287848
    0.0008073755
    0.0006096522
    0.0003624348
    0.0001012203
   -0.0001352446
   -0.0003149817
   -0.0004262051
   -0.0004814063
   -0.0004957491
   -0.0004588721
   -0.0003441017
   -0.0001436144
    0.0001172358
    0.0003906213
    0.0006217838
    0.0007618586
    0.0007790803
    0.0006680888
    0.0004548479
    0.0001939602
   -0.0000457775
   -0.0002092865
   -0.0002768367
   -0.0002419789
   -0.0000880086
    0.0001661533
    0.0004297848
    0.0005766840
    0.0005198818
    0.0002870894
    0.0000389596
   -0.0000336029
    0.0001669341
    0.0003664206
    0.0002221245
   -0.0006201906
   -0.0005677350
   -0.0006702934
   -0.0006948401
   -0.0006187727
   -0.0005742120
   -0.0005838031
   -0.0007711285
   -0.0007714304
   -0.0006571233
   -0.0005904115
   -0.0007824360
   -0.0008765416
   -0.0008450408
   -0.0007040716
   -0.0005837500
   -0.0006253996
   -0.0008122458
   -0.0009438435
   -0.0009668702
   -0.0008837782
   -0.0005995598
   -0.0006842951
   -0.0006400964
   -0.0009259776
   -0.0010326386
   -0.0010492431
   -0.0009759978
   -0.0008116706
   -0.0007147938
   -0.0007610940
   -0.0006831679
   -0.0008138643
   -0.0009909693
   -0.0010901584
   -0.0011171957
   -0.0010721185
   -0.0009495091
   -0.0006976853
   -0.0008248397
   -0.0008404758
   -0.0007437224
   -0.0009071600
   -0.0010480765
   -0.0011276706
   -0.0011529202
   -0.0011237282
   -0.0010329754
   -0.0008694864
   -0.0008761190
   -0.0009352822
   -0.0008954231
   -0.0007581809
   -0.0008902101
   -0.0010207706
   -0.0011008479
   -0.0011411101
   -0.0011454268
   -0.0011096701
   -0.0010228238
   -0.0008701511
   -0.0008721510
   -0.0009875777
   -0.0010157256
   -0.0009602534
   -0.0008227248
   -0.0008493049
   -0.0009605509
   -0.0010290777
   -0.0010691863
   -0.0010893138
   -0.0010899147
   -0.0010632496
   -0.0009950684
   -0.0008678240
   -0.0008726104
   -0.0010128929
   -0.0010763593
   -0.0010690568
   -0.0009944193
   -0.0008527846
   -0.0007224208
   -0.0008336046
   -0.0008964771
   -0.0009294814
   -0.0009486891
   -0.0009642464
   -0.0009781122
   -0.0009835503
   -0.0009663880
   -0.0009077508
   -0.0007877285
   -0.0007916160
   -0.0009682516
   -0.0010739720
   -0.0011173544
   -0.0011052240
   -0.0010410483
   -0.0009247118
   -0.0007536165
   -0.0007104073
   -0.0007627719
   -0.0007750845
   -0.0007678315
   -0.0008149861
   -0.0008450213
   -0.0008539482
   -0.0008196567
   -0.0007211572
   -0.0009199347
   -0.0010383851
   -0.0011014291
   -0.0011184161
   -0.0010958455
   -0.0010363359
   -0.0009387398
   -0.0007993478
   -0.0006437083
   -0.0006598862
   -0.0007136983
   -0.0007404225
   -0.0007092224
   -0.0008144981
   -0.0009468977
   -0.0010256880
   -0.0010622748
   -0.0010667632
   -0.0010460742
   -0.0010029980
   -0.0009362440
   -0.0008414794
   -0.0007132039
   -0.0005577895
   -0.0006018827
   -0.0005799298
   -0.0006550570
   -0.0006207671
   -0.0007511300
   -0.0008666280
   -0.0009319042
   -0.0009592565
   -0.0009609866
   -0.0009471123
   -0.0009237953
   -0.0008926499
   -0.0008510048
   -0.0007930977
   -0.0007120137
   -0.0006020539
   -0.0005974368
   -0.0005693730
   -0.0006011395
   -0.0005911515
   -0.0006744948
   -0.0007685317
   -0.0008131966
   -0.0008206109
   -0.0008047590
   -0.0007788780
   -0.0007113109
   -0.0006970749
   -0.0006696647
   -0.0006214176
   -0.0006424015
   -0.0006066549
   -0.0005930290
   -0.0005859704
   -0.0006504903
   -0.0006892987
   -0.0006832596
   -0.0005795060
   -0.0005850115
   -0.0005680466
   -0.0006935271
   -0.0007274087
   -0.0007069569
   -0.0006191863
   -0.0006210863
   -0.0006277945
   -0.0005803779
   -0.0006050800
   -0.0005668774
   -0.0006039743
   -0.0006204078
   -0.0007782231
   -0.0008228218
   -0.0008421933
   -0.0008184438
   -0.0007352818
   -0.0006440041
   -0.0007036062
   -0.0006894608
   -0.0005585326
   -0.0005800592
   -0.0005536261
   -0.0006488908
   -0.0007174857
   -0.0007681159
   -0.0008085311
   -0.0008456379
   -0.0008832569
   -0.0009205594
   -0.0009514475
   -0.0009649291
   -0.0009463978
   -0.0008796344
   -0.0007493705
   -0.0006818178
   -0.0007801463
   -0.0008069760
   -0.0007811008
   -0.0006273057
   -0.0006254641
   -0.0005849838
   -0.0007415187
   -0.0008419400
   -0.0009198955
   -0.0009808192
   -0.0010275210
   -0.0010586161
   -0.0010679006
   -0.0010447253
   -0.0009753178
   -0.0008449442
   -0.0008242738
   -0.0009027981
   -0.0009240593
   -0.0009080892
   -0.0008742119
   -0.0008380008
   -0.0008088393
   -0.0007885279
   -0.0007713052
   -0.0007453664
   -0.0006956532
   -0.0006073367
   -0.0007034325
   -0.0008523387
   -0.0009662321
   -0.0010493134
   -0.0011035512
   -0.0011270352
   -0.0011133564
   -0.0010520895
   -0.0009303844
   -0.0008829911
   -0.0009850602
   -0.0010296571
   -0.0010348697
   -0.0010167141
   -0.0009863522
   -0.0009482743
   -0.0008997983
   -0.0008320393
   -0.0007322860
   -0.0009014366
   -0.0010239943
   -0.0011027259
   -0.0011369141
   -0.0011217632
   -0.0010485981
   -0.0009064277
   -0.0009073502
   -0.0010332774
   -0.0010973125
   -0.0011151889
   -0.0010999225
   -0.0010591634
   -0.0009938645
   -0.0008985113
   -0.0007629371
   -0.0007833721
   -0.0009496154
   -0.0010568831
   -0.0011048669
   -0.0010898242
   -0.0010046325
   -0.0008405947
   -0.0007870072
   -0.0009755661
   -0.0010886611
   -0.0011392166
   -0.0011394034
   -0.0010971410
   -0.0010141865
   -0.0008860894
   -0.0009264085
   -0.0010229693
   -0.0010436815
   -0.0009841852
   -0.0008388234
   -0.0008284341
   -0.0010036045
   -0.0011007949
   -0.0011296557
   -0.0010981905
   -0.0010095114
   -0.0008609345
   -0.0008991190
   -0.0009628121
   -0.0009340039
   -0.0008105332
   -0.0009130402
   -0.0010369331
   -0.0010793078
   -0.0010453478
   -0.0009370987
   -0.0008086038
   -0.0008729389
   -0.0008315205
   -0.0006884867
   -0.0007439893
   -0.0009161286
   -0.0009978730
   -0.0009877300
   -0.0008860663
   -0.0007082892
   -0.0007813528
   -0.0007383339
   -0.0007772430
   -0.0008938499
   -0.0009096289
   -0.0008177292
   -0.0006489393
   -0.0006981899
   -0.0006320670
   -0.0006978874
   -0.0008062120
   -0.0008095475
   -0.0006301014
   -0.0005983465
   -0.0006979980
   -0.0007297676
   -0.0005874345
   -0.0005758719
   -0.0006036496
   -0.0006496820
   -0.0005618438
   -0.0005772929
   -0.0003680020
   -0.0002308370
   -0.0002833181
   -0.0004835491
   -0.0006021044
   -0.0004451524
   -0.0001903236
    0.0000116762
    0.0000524637
   -0.0000776158
   -0.0003025580
   -0.0005122312
   -0.0004938822
   -0.0002185620
    0.0000487691
    0.0002427002
    0.0003208220
    0.0002697069
    0.0001054151
   -0.0001305291
   -0.0003788444
   -0.0005112911
   -0.0002204267
    0.0000676031
    0.0003129636
    0.0004843804
    0.0005614918
    0.0005364236
    0.0004142269
    0.0002123209
   -0.0000407787
   -0.0003071216
   -0.0005414659
   -0.0007003046
   -0.0004125840
   -0.0001094047
    0.0001806378
    0.0004324626
    0.0006252745
    0.0007437442
    0.0007789527
    0.0007288797
    0.0005984674
    0.0003993864
    0.0001496191
   -0.0001269616
   -0.0004007324
   -0.0006905307
   -0.0003910635
   -0.0000846583
    0.0002092099
    0.0004725792
    0.0006896190
    0.0008475047
    0.0009371416
    0.0009535941
    0.0008962823
    0.0007689728
    0.0005796531
    0.0003403327
    0.0000668363
   -0.0002212493
   -0.0005001818
   -0.0006327604
   -0.0003292575
   -0.0000253264
    0.0002649390
    0.0005278381
    0.0007508483
    0.0009233979
    0.0010374394
    0.0010877798
    0.0010722446
    0.0009917094
    0.0008500516
    0.0006540505
    0.0004132422
    0.0001397632
   -0.0001517295
   -0.0004438807
   -0.0006845651
   -0.0003874254
   -0.0000885060
    0.0002012260
    0.0004703385
    0.0007078548
    0.0009040331
    0.0010509173
    0.0011426624
    0.0011756981
    0.0011487796
    0.0010629835
    0.0009216564
    0.0007303299
    0.0004966054
    0.0002300061
   -0.0000581779
   -0.0003549510
   -0.0006453648
   -0.0006855546
   -0.0003999923
   -0.0001115444
    0.0001704102
    0.0004356392
    0.0006741076
    0.0008767614
    0.0010360269
    0.0011460811
    0.0012029941
    0.0012047598
    0.0011512891
    0.0010443751
    0.0008876366
    0.0006864310
    0.0004477423
    0.0001800151
   -0.0001070470
   -0.0004026673
   -0.0006950210
   -0.0004821878
   -0.0002096019
    0.0000623228
    0.0003236839
    0.0005645645
    0.0007758630
    0.0009497995
    0.0010801711
    0.0011624710
    0.0011939127
    0.0011734138
    0.0011015626
    0.0009805718
    0.0008142176
    0.0006077618
    0.0003678177
    0.0001021720
   -0.0001804868
   -0.0004708780
   -0.0007594181
   -0.0004587386
   -0.0002059255
    0.0000492765
    0.0002962137
    0.0005246743
    0.0007255671
    0.0008912785
    0.0010158267
    0.0010948917
    0.0011258029
    0.0011074902
    0.0010404443
    0.0009266614
    0.0007695954
    0.0005740793
    0.0003462122
    0.0000931735
   -0.0001770697
   -0.0004561698
   -0.0007359218
   -0.0004305856
   -0.0001996679
    0.0000364345
    0.0002656910
    0.0004772675
    0.0006619402
    0.0008122411
    0.0009224770
    0.0009886766
    0.0010085217
    0.0009812741
    0.0009077274
    0.0007901451
    0.0006322165
    0.0004389808
    0.0002167070
   -0.0000273130
   -0.0002851050
   -0.0005485360
   -0.0004657534
   -0.0002615033
   -0.0000462598
    0.0001658331
    0.0003626966
    0.0005344317
    0.0006732576
    0.0007733977
    0.0008309380
    0.0008437116
    0.0008112025
    0.0007344784
    0.0006161386
    0.0004602667
    0.0002723684
    0.0000592458
   -0.0001712186
   -0.0004104568
   -0.0006498569
   -0.0004281430
   -0.0002417147
   -0.0000471306
    0.0001404264
    0.0003088477
    0.0004487758
    0.0005532988
    0.0006176994
    0.0006392482
    0.0006170693
    0.0005520459
    0.0004467649
    0.0003054818
    0.0001340845
   -0.0000599879
   -0.0002679214
   -0.0004798738
   -0.0005457056
   -0.0003916088
   -0.0002201294
   -0.0000499301
    0.0001047132
    0.0002331358
    0.0003277077
    0.0003834159
    0.0003975722
    0.0003696269
    0.0003010714
    0.0001953895
    0.0000580608
   -0.0001034345
   -0.0002796401
   -0.0004592500
   -0.0005529687
   -0.0004076875
   -0.0002572388
   -0.0001186697
   -0.0000042305
    0.0000776659
    0.0001218152
    0.0001258312
    0.0000899180
    0.0000167818
   -0.0000883557
   -0.0002176732
   -0.0003606129
   -0.0005037370
   -0.0006431980
   -0.0005153287
   -0.0003904648
   -0.0002843114
   -0.0002073086
   -0.0001656503
   -0.0001618752
   -0.0001951632
   -0.0002613991
   -0.0003530492
   -0.0004588654
   -0.0007283958
   -0.0006238411
   -0.0005373568
   -0.0004794843
   -0.0004553783
   -0.0004654413
   -0.0005054945
   -0.0005665620
   -0.0007555355
    0.0000202914
   -0.0001271729
   -0.0000160355
    0.0002170904
    0.0003091963
    0.0001714433
   -0.0000886320
   -0.0003069067
   -0.0003917861
   -0.0003502398
   -0.0002064220
    0.0000219427
    0.0002782883
    0.0004796706
    0.0005601663
    0.0004950620
    0.0003030186
    0.0000351978
   -0.0002413144
   -0.0004616889
   -0.0005841330
   -0.0005048046
   -0.0003831157
   -0.0001928890
    0.0000530575
    0.0003155439
    0.0005479456
    0.0007102178
    0.0007759202
    0.0007348390
    0.0005928566
    0.0003697871
    0.0000957771
   -0.0001928506
   -0.0004574250
   -0.0006608226
   -0.0005188752
   -0.0003564374
   -0.0001316227
    0.0001290331
    0.0003929827
    0.0006293735
    0.0008126494
    0.0009242350
    0.0009533449
    0.0008972211
    0.0007608392
    0.0005560810
    0.0003003890
    0.0000151014
   -0.0002760961
   -0.0005480240
   -0.0005994191
   -0.0004290962
   -0.0001999136
    0.0000618241
    0.0003299630
    0.0005811873
    0.0007959016
    0.0009585959
    0.0010581297
    0.0010879241
    0.0010460571
    0.0009351743
    0.0007621784
    0.0005376748
    0.0002751450
   -0.0000100363
   -0.0003014763
   -0.0005820712
   -0.0005400933
   -0.0003101652
   -0.0000492265
    0.0002205852
    0.0004804352
    0.0007144807
    0.0009096615
    0.0010557016
    0.0011451968
    0.0011737243
    0.0011399194
    0.0010454574
    0.0008949466
    0.0006956585
    0.0004570831
    0.0001903067
   -0.0000927562
   -0.0003800536
   -0.0006596296
   -0.0005915045
   -0.0003476001
   -0.0000824448
    0.0001862468
    0.0004438123
    0.0006779013
    0.0008781461
    0.0010360983
    0.0011452951
    0.0012013574
    0.0012020814
    0.0011474939
    0.0010398478
    0.0008835526
    0.0006849988
    0.0004522323
    0.0001944637
   -0.0000785942
   -0.0003574739
   -0.0006335236
   -0.0006817771
   -0.0004321433
   -0.0001672994
    0.0000984940
    0.0003534711
    0.0005875772
    0.0007921655
    0.0009599495
    0.0010850781
    0.0011632404
    0.0011917747
    0.0011697470
    0.0010980000
    0.0009791702
    0.0008176392
    0.0006194039
    0.0003918182
    0.0001431737
   -0.0001179366
   -0.0003834177
   -0.0006465178
   -0.0006705260
   -0.0004127692
   -0.0001504011
    0.0001062604
    0.0003483317
    0.0005679424
    0.0007581494
    0.0009130109
    0.0010277102
    0.0010986830
    0.0011237339
    0.0011021203
    0.0010346246
    0.0009235859
    0.0007729041
    0.0005879773
    0.0003755376
    0.0001433411
   -0.0001003588
   -0.0003476010
   -0.0005917510
   -0.0006432624
   -0.0003883567
   -0.0001363340
    0.0001052823
    0.0003295632
    0.0005300989
    0.0007011063
    0.0008375968
    0.0009355443
    0.0009920348
    0.0010053811
    0.0009752252
    0.0009026101
    0.0007900416
    0.0006415142
    0.0004624919
    0.0002598044
    0.0000413939
   -0.0001841593
   -0.0004084334
   -0.0006243540
   -0.0006868503
   -0.0004439710
   -0.0002067959
    0.0000188867
    0.0002272920
    0.0004127935
    0.0005701657
    0.0006948319
    0.0007830757
    0.0008322150
    0.0008407322
    0.0008083892
    0.0007363222
    0.0006271251
    0.0004849145
    0.0003153698
    0.0001256977
   -0.0000755239
   -0.0002787258
   -0.0004740805
   -0.0006317617
   -0.0004110922
   -0.0001990307
   -0.0000004403
    0.0001794533
    0.0003354722
    0.0004628453
    0.0005575107
    0.0006163458
    0.0006373434
    0.0006197479
    0.0005641887
    0.0004727852
    0.0003492772
    0.0001991238
    0.0000296026
   -0.0001501777
   -0.0003294081
   -0.0004959990
   -0.0005643529
   -0.0003763881
   -0.0001979545
   -0.0000340586
    0.0001099811
    0.0002290711
    0.0003187580
    0.0003755306
    0.0003970390
    0.0003822695
    0.0003317023
    0.0002474605
    0.0001334898
   -0.0000042517
   -0.0001575777
   -0.0003158719
   -0.0004659699
   -0.0005489324
   -0.0004004572
   -0.0002598837
   -0.0001331084
   -0.0000260175
    0.0000561045
    0.0001089873
    0.0001296560
    0.0001166496
    0.0000702176
   -0.0000074814
   -0.0001121266
   -0.0002369282
   -0.0003722307
   -0.0005050329
   -0.0005020212
   -0.0004010335
   -0.0003094633
   -0.0002344226
   -0.0001819531
   -0.0001566081
   -0.0001611683
   -0.0001964005
   -0.0002608016
   -0.0003502837
   -0.0004577239
   -0.0005723559
   -0.0005371567
   -0.0004891132
   -0.0004559054
   -0.0004439234
   -0.0004571441
   -0.0004968598
   -0.0005613569
   -0.0006454482
   -0.0007261808
   -0.0007548098
   -0.0007080832
   -0.0006657006
   -0.0006544367
   -0.0006789297
   -0.0007368753
   -0.0005529497
   -0.0004609347
   -0.0003910732
   -0.0003543250
   -0.0003562780
   -0.0003976595
   -0.0004743884
   -0.0005771825
   -0.0006905930
   -0.0005163442
   -0.0003865500
   -0.0002617293
   -0.0001578251
   -0.0000858262
   -0.0000525740
   -0.0000612214
   -0.0001114388
   -0.0001993610
   -0.0003172829
   -0.0004530229
   -0.0005888285
   -0.0005177159
   -0.0003630931
   -0.0002018992
   -0.0000514667
    0.0000751457
    0.0001684896
    0.0002222577
    0.0002329862
    0.0001999045
    0.0001249195
    0.0000127447
   -0.0001287986
   -0.0002882772
   -0.0004498553
   -0.0004158207
   -0.0002266473
   -0.0000385243
    0.0001345596
    0.0002815964
    0.0003942745
    0.0004667416
    0.0004954356
    0.0004789790
    0.0004181529
    0.0003159566
    0.0001777567
    0.0000115418
   -0.0001716965
   -0.0003574364
   -0.0005269207
   -0.0003977679
   -0.0001806346
    0.0000340558
    0.0002339457
    0.0004087809
    0.0005504010
    0.0006526759
    0.0007114170
    0.0007243126
    0.0006908951
    0.0006125524
    0.0004925931
    0.0003363708
    0.0001514523
   -0.0000521410
   -0.0002616811
   -0.0004614631
   -0.0005620653
   -0.0003233347
   -0.0000808346
    0.0001537994
    0.0003700284
    0.0005587947
    0.0007126869
    0.0008259932
    0.0008946903
    0.0009164248
    0.0008905036
    0.0008179008
    0.0007013027
    0.0005451803
    0.0003558859
    0.0001417640
   -0.0000867759
   -0.0003172560
   -0.0005353323
   -0.0005050069
   -0.0002405417
    0.0000213276
    0.0002705104
    0.0004975942
    0.0006943207
    0.0008538311
    0.0009707825
    0.0010413891
    0.0010634337
    0.0010362705
    0.0009608469
    0.0008397322
    0.0006771657
    0.0004791034
    0.0002532495
    0.0000090117
   -0.0002426786
   -0.0004898021
   -0.0005112701
   -0.0002281329
    0.0000500384
    0.0003137294
    0.0005538378
    0.0007622076
    0.0009319502
    0.0010576141
    0.0011352683
    0.0011625410
    0.0011386406
    0.0010643723
    0.0009421649
    0.0007760986
    0.0005719118
    0.0003369759
    0.0000801648
   -0.0001884388
   -0.0004581222
   -0.0006804761
   -0.0003845004
   -0.0000895626
    0.0001946998
    0.0004586736
    0.0006934033
    0.0008910330
    0.0010450832
    0.0011506090
    0.0012042897
    0.0012044658
    0.0011511705
    0.0010461517
    0.0008928867
    0.0006965737
    0.0004640829
    0.0002038021
   -0.0000746708
   -0.0003610934
   -0.0006454724
   -0.0005129685
   -0.0002083178
    0.0000893576
    0.0003693135
    0.0006214580
    0.0008368047
    0.0010078062
    0.0011285762
    0.0011950185
    0.0012049011
    0.0011579027
    0.0010556318
    0.0009016392
    0.0007013875
    0.0004621550
    0.0001928242
   -0.0000965068
   -0.0003951590
   -0.0006927652
   -0.0007051562
   -0.0004004930
   -0.0000937688
    0.0002016656
    0.0004734733
    0.0007105968
    0.0009035956
    0.0010449309
    0.0011291550
    0.0011530360
    0.0011156368
    0.0010183399
    0.0008648663
    0.0006612105
    0.0004155077
    0.0001377509
   -0.0001606833
   -0.0004677068
   -0.0007712724
   -0.0004679562
   -0.0001622629
    0.0001357532
    0.0004104761
    0.0006483042
    0.0008378709
    0.0009703144
    0.0010395057
    0.0010422175
    0.0009782067
    0.0008502544
    0.0006641338
    0.0004284551
    0.0001543739
   -0.0001448965
   -0.0004547085
   -0.0007595006
   -0.0005370590
   -0.0002396990
    0.0000563416
    0.0003300255
    0.0005636461
    0.0007428455
    0.0008568974
    0.0008989927
    0.0008664597
    0.0007608857
    0.0005881088
    0.0003580580
    0.0000843937
   -0.0002160593
   -0.0005238956
   -0.0004616667
   -0.0001734613
    0.0001080590
    0.0003558582
    0.0005482375
    0.0006690645
    0.0007082399
    0.0006621164
    0.0005337353
    0.0003327911
    0.0000752823
   -0.0002171441
   -0.0005179053
   -0.0004092780
   -0.0001345091
    0.0001232551
    0.0003280096
    0.0004530549
    0.0004821358
    0.0004105080
    0.0002455258
    0.0000065022
   -0.0002762003
   -0.0005625432
   -0.0005315091
   -0.0002836047
   -0.0000359492
    0.0001514717
    0.0002356685
    0.0001959912
    0.0000377489
   -0.0002068133
   -0.0004810032
   -0.0005053892
   -0.0002739667
   -0.0000800141
   -0.0000184310
   -0.0001264072
   -0.0003597299
   -0.0005981848
   -0.0005267547
   -0.0003183259
   -0.0002787965
   -0.0004987265
   -0.0004898417
   -0.0004966711
   -0.0004683643
   -0.0004455536
   -0.0004302832
   -0.0004230330
   -0.0004228676
   -0.0004275938
   -0.0004214341
   -0.0003809115
   -0.0003390314
   -0.0003010597
   -0.0002708447
   -0.0002508827
   -0.0002424154
   -0.0002455261
   -0.0002592501
   -0.0002817065
   -0.0003102587
   -0.0003417426
   -0.0003649371
   -0.0003155549
   -0.0002598848
   -0.0002038827
   -0.0001525683
   -0.0001099201
   -0.0000788544
   -0.0000612532
   -0.0000580110
   -0.0000691058
   -0.0000936857
   -0.0001301726
   -0.0001764062
   -0.0002298282
   -0.0002877344
   -0.0003476063
   -0.0003372436
   -0.0002744032
   -0.0002041412
   -0.0001316558
   -0.0000618690
    0.0000008806
    0.0000530013
    0.0000917269
    0.0001151405
    0.0001221562
    0.0001124846
    0.0000865725
    0.0000455224
   -0.0000090077
   -0.0000749451
   -0.0001499776
   -0.0002317835
   -0.0003183108
   -0.0003558155
   -0.0002758491
   -0.0001892893
   -0.0000998584
   -0.0000117283
    0.0000709536
    0.0001443835
    0.0002053029
    0.0002511137
    0.0002799314
    0.0002905993
    0.0002826732
    0.0002563808
    0.0002125664
    0.0001526070
    0.0000783071
   -0.0000082374
   -0.0001048105
   -0.0002092726
   -0.0003197798
   -0.0004349808
   -0.0003580951
   -0.0002544991
   -0.0001478215
   -0.0000407445
    0.0000633410
    0.0001607968
    0.0002480892
    0.0003220354
    0.0003799660
    0.0004198176
    0.0004401853
    0.0004403276
    0.0004201563
    0.0003801963
    0.0003215282
    0.0002457080
    0.0001546647
    0.0000505739
   -0.0000642877
   -0.0001876931
   -0.0003175987
   -0.0004522164
   -0.0003402202
   -0.0002149733
   -0.0000896753
    0.0000333158
    0.0001509609
    0.0002599202
    0.0003568747
    0.0004387742
    0.0005030106
    0.0005475331
    0.0005709104
    0.0005723612
    0.0005517488
    0.0005095558
    0.0004468348
    0.0003651445
    0.0002664555
    0.0001530514
    0.0000274106
   -0.0001078978
   -0.0002502906
   -0.0003971653
   -0.0004807316
   -0.0003380296
   -0.0001952944
   -0.0000541105
    0.0000831400
    0.0002134876
    0.0003336532
    0.0004403371
    0.0005304600
    0.0006013478
    0.0006508659
    0.0006775019
    0.0006804037
    0.0006593970
    0.0006149614
    0.0005481959
    0.0004607562
    0.0003547783
    0.0002327875
    0.0000976107
   -0.0000476963
   -0.0001998696
   -0.0003553625
   -0.0005101145
   -0.0004194743
   -0.0002632140
   -0.0001075996
    0.0000447502
    0.0001907781
    0.0003270931
    0.0004501844
    0.0005566533
    0.0006434287
    0.0007079396
    0.0007482340
    0.0007630606
    0.0007519041
    0.0007149902
    0.0006532653
    0.0005683463
    0.0004624592
    0.0003383589
    0.0001992567
    0.0000487657
   -0.0001090994
   -0.0002698246
   -0.0004281503
   -0.0005014741
   -0.0003386649
   -0.0001731548
   -0.0000087660
    0.0001507161
    0.0003013732
    0.0004392062
    0.0005603110
    0.0006610845
    0.0007384246
    0.0007898917
    0.0008138203
    0.0008093911
    0.0007766573
    0.0007165381
    0.0006307832
    0.0005219112
    0.0003931428
    0.0002483327
    0.0000919363
   -0.0000709607
   -0.0002345079
   -0.0003918079
   -0.0005344932
   -0.0004868887
   -0.0003224274
   -0.0001517120
    0.0000195518
    0.0001861478
    0.0003430488
    0.0004853738
    0.0006085179
    0.0007083494
    0.0007814232
    0.0008251544
    0.0008379501
    0.0008192919
    0.0007697597
    0.0006910230
    0.0005857897
    0.0004577449
    0.0003114793
    0.0001524519
   -0.0000129868
   -0.0001774790
   -0.0003324396
   -0.0004678184
   -0.0004550064
   -0.0002934150
   -0.0001209449
    0.0000543885
    0.0002254237
    0.0003855170
    0.0005284634
    0.0006486222
    0.0007411375
    0.0008021827
    0.0008291740
    0.0008209206
    0.0007777097
    0.0007013245
    0.0005950091
    0.0004634007
    0.0003124437
    0.0001493350
   -0.0000174901
   -0.0001783214
   -0.0003222074
   -0.0004373219
   -0.0004828946
   -0.0003414441
   -0.0001773199
   -0.0000019176
    0.0001744674
    0.0003424399
    0.0004934018
    0.0006196568
    0.0007146900
    0.0007735024
    0.0007929321
    0.0007718822
    0.0007114540
    0.0006149732
    0.0004879208
    0.0003378126
    0.0001740399
    0.0000076814
   -0.0001488087
   -0.0002823291
   -0.0003808131
   -0.0004836340
   -0.0003834296
   -0.0002440199
   -0.0000788779
    0.0000977625
    0.0002721822
    0.0004316559
    0.0005648123
    0.0006621325
    0.0007165457
    0.0007240001
    0.0006838901
    0.0005992704
    0.0004768554
    0.0003267961
    0.0001622523
   -0.0000013550
   -0.0001477349
   -0.0002623784
   -0.0003369292
   -0.0004212658
   -0.0003645102
   -0.0002585177
   -0.0001118945
    0.0000589332
    0.0002345857
    0.0003956779
    0.0005246458
    0.0006072978
    0.0006343074
    0.0006024741
    0.0005155129
    0.0003841692
    0.0002255306
    0.0000612569
   -0.0000858854
   -0.0001978968
   -0.0002687258
   -0.0003067712
   -0.0003249483
   -0.0003235749
   -0.0002868219
   -0.0001990282
   -0.0000609820
    0.0001083512
    0.0002794086
    0.0004203725
    0.0005039333
    0.0005130123
    0.0004452866
    0.0003154135
    0.0001534684
   -0.0000023007
   -0.0001194163
   -0.0001851099
   -0.0002014172
   -0.0001621318
   -0.0000547695
    0.0001072441
    0.0002728270
    0.0003748589
    0.0003647338
    0.0002446768
    0.0000792517
   -0.0000390908
   -0.0000473799
    0.0000792718
    0.0002361644
    0.0001547405
    0.0001290368
   -0.0003997734
   -0.0004376185
   -0.0004548390
   -0.0004085776
   -0.0003763713
   -0.0003734139
   -0.0005068918
   -0.0005114964
   -0.0004455140
   -0.0003731987
   -0.0005142109
   -0.0005809127
   -0.0005693950
   -0.0004898510
   -0.0003689355
   -0.0003929127
   -0.0006224531
   -0.0006523103
   -0.0006141481
   -0.0004261636
   -0.0004136879
   -0.0005823911
   -0.0006786059
   -0.0007153572
   -0.0006927295
   -0.0006119904
   -0.0004764318
   -0.0004630842
   -0.0005909533
   -0.0007002234
   -0.0007587204
   -0.0007672499
   -0.0007253900
   -0.0006321369
   -0.0004585291
   -0.0005291416
   -0.0005315144
   -0.0005820597
   -0.0006998581
   -0.0007740248
   -0.0008070908
   -0.0007996104
   -0.0007497561
   -0.0006543307
   -0.0005133131
   -0.0005879576
   -0.0005992221
   -0.0005467439
   -0.0005992009
   -0.0007077301
   -0.0007794579
   -0.0008183976
   -0.0008262560
   -0.0008017177
   -0.0007408300
   -0.0006383955
   -0.0006091490
   -0.0006610717
   -0.0006555602
   -0.0005936067
   -0.0005571175
   -0.0006651738
   -0.0007402788
   -0.0007883339
   -0.0008134360
   -0.0008166731
   -0.0007957494
   -0.0007454996
   -0.0006591799
   -0.0005845504
   -0.0006783092
   -0.0007202949
   -0.0007119654
   -0.0006547822
   -0.0005117710
   -0.0006118488
   -0.0006813071
   -0.0007275164
   -0.0007567713
   -0.0007728034
   -0.0007758923
   -0.0007627309
   -0.0007270304
   -0.0006607690
   -0.0005558998
   -0.0005632305
   -0.0006777524
   -0.0007454511
   -0.0007686165
   -0.0007494637
   -0.0006894994
   -0.0005894831
   -0.0005077624
   -0.0005799745
   -0.0006261062
   -0.0006546532
   -0.0006731491
   -0.0006866554
   -0.0006967466
   -0.0007011438
   -0.0006940523
   -0.0006671261
   -0.0006109012
   -0.0005164961
   -0.0006197093
   -0.0007182606
   -0.0007760606
   -0.0007963361
   -0.0007818124
   -0.0007341515
   -0.0006539036
   -0.0004790540
   -0.0005229632
   -0.0005436557
   -0.0005506996
   -0.0005833016
   -0.0005991426
   -0.0006075585
   -0.0005985135
   -0.0005613947
   -0.0004866663
   -0.0005564610
   -0.0006701078
   -0.0007460030
   -0.0007880375
   -0.0008000789
   -0.0007851141
   -0.0007447947
   -0.0006794223
   -0.0005883416
   -0.0004176278
   -0.0004479392
   -0.0004509573
   -0.0005132914
   -0.0005182705
   -0.0004914138
   -0.0005645089
   -0.0006618881
   -0.0007261795
   -0.0007619956
   -0.0007739058
   -0.0007655682
   -0.0007391958
   -0.0006954103
   -0.0006334774
   -0.0005518868
   -0.0003754370
   -0.0003965561
   -0.0004483014
   -0.0004376040
   -0.0005698030
   -0.0006423935
   -0.0006869677
   -0.0007088634
   -0.0007132870
   -0.0007044472
   -0.0006849895
   -0.0006557752
   -0.0006160207
   -0.0005637865
   -0.0004967234
   -0.0003744331
   -0.0003742221
   -0.0004016136
   -0.0003891405
   -0.0004453822
   -0.0005288536
   -0.0005826705
   -0.0006114635
   -0.0006211284
   -0.0006177320
   -0.0006065559
   -0.0005913720
   -0.0005740251
   -0.0005543736
   -0.0005305767
   -0.0004997095
   -0.0004585902
   -0.0004047061
   -0.0003964581
   -0.0003804797
   -0.0003824783
   -0.0003669389
   -0.0004365178
   -0.0004882091
   -0.0005132253
   -0.0005167430
   -0.0004171645
   -0.0004042623
   -0.0003809715
   -0.0004439959
   -0.0004361273
   -0.0003909006
   -0.0003848120
   -0.0003869131
   -0.0004043784
   -0.0004283087
   -0.0003651549
   -0.0003670368
   -0.0005148243
   -0.0005150848
   -0.0004833483
   -0.0004124831
   -0.0004265123
   -0.0003655599
   -0.0003779808
   -0.0003620193
   -0.0003962247
   -0.0004203477
   -0.0004372175
   -0.0005911695
   -0.0006053373
   -0.0005996109
   -0.0005657241
   -0.0004966345
   -0.0004436534
   -0.0004824287
   -0.0004812852
   -0.0003668522
   -0.0003693023
   -0.0004416917
   -0.0004940222
   -0.0005368882
   -0.0005733151
   -0.0006058953
   -0.0006359229
   -0.0006627686
   -0.0006835980
   -0.0006934624
   -0.0006857507
   -0.0006529608
   -0.0005877075
   -0.0004987927
   -0.0005496604
   -0.0005633387
   -0.0005493618
   -0.0004182013
   -0.0004005800
   -0.0004554300
   -0.0005366226
   -0.0006034883
   -0.0006580850
   -0.0007019916
   -0.0007354989
   -0.0007570762
   -0.0007632053
   -0.0007485993
   -0.0007067939
   -0.0006310537
   -0.0005431718
   -0.0006119013
   -0.0006438775
   -0.0006482386
   -0.0006347788
   -0.0006125374
   -0.0005885627
   -0.0005669832
   -0.0005485403
   -0.0005306674
   -0.0005081310
   -0.0004741320
   -0.0004216992
   -0.0005622183
   -0.0006479227
   -0.0007149983
   -0.0007640886
   -0.0007945390
   -0.0008039771
   -0.0007883052
   -0.0007421092
   -0.0006594794
   -0.0006145470
   -0.0006845946
   -0.0007201340
   -0.0007298205
   -0.0007219997
   -0.0007033953
   -0.0006781391
   -0.0006472555
   -0.0006087090
   -0.0005580127
   -0.0004893256
   -0.0006297762
   -0.0007149095
   -0.0007744614
   -0.0008075669
   -0.0008118898
   -0.0007836154
   -0.0007179422
   -0.0006100368
   -0.0005487404
   -0.0006642539
   -0.0007379733
   -0.0007768180
   -0.0007883402
   -0.0007791897
   -0.0007539335
   -0.0007143597
   -0.0006593668
   -0.0005854662
   -0.0004878360
   -0.0005870357
   -0.0006892113
   -0.0007581820
   -0.0007927717
   -0.0007906427
   -0.0007483500
   -0.0006619941
   -0.0006277340
   -0.0007286569
   -0.0007887826
   -0.0008143055
   -0.0008110707
   -0.0007832069
   -0.0007323353
   -0.0006574444
   -0.0005554799
   -0.0005894733
   -0.0006873977
   -0.0007437722
   -0.0007567381
   -0.0007237400
   -0.0006420712
   -0.0006620740
   -0.0007536731
   -0.0008026376
   -0.0008137137
   -0.0007908742
   -0.0007361440
   -0.0006492296
   -0.0005785833
   -0.0006656145
   -0.0007023874
   -0.0006870484
   -0.0006181446
   -0.0005814604
   -0.0006972825
   -0.0007651389
   -0.0007875001
   -0.0007672943
   -0.0007063069
   -0.0006045647
   -0.0005911165
   -0.0006375968
   -0.0006251358
   -0.0005541766
   -0.0005628360
   -0.0006726488
   -0.0007311601
   -0.0007383878
   -0.0006954822
   -0.0006031361
   -0.0005592615
   -0.0005692333
   -0.0005158799
   -0.0005247027
   -0.0006289169
   -0.0006788124
   -0.0006709319
   -0.0006045448
   -0.0004752626
   -0.0005081654
   -0.0004732692
   -0.0005076592
   -0.0005912381
   -0.0006162088
   -0.0005756310
   -0.0004501938
   -0.0004158401
   -0.0005179788
   -0.0005486960
   -0.0005088071
   -0.0003992524
   -0.0003932132
   -0.0004295936
   -0.0004794709
   -0.0004680179
   -0.0003737893
   -0.0003689112
   -0.0003739078
   -0.0004054494
   -0.0004259250
   -0.0003682221
   -0.0002687038
   -0.0001904666
   -0.0002165747
   -0.0003276099
   -0.0003229146
   -0.0001732891
   -0.0000485920
   -0.0000196860
   -0.0000937150
   -0.0002220676
   -0.0003373226
   -0.0003624683
   -0.0001992135
   -0.0000335496
    0.0000908779
    0.0001449687
    0.0001190063
    0.0000232529
   -0.0001150075
   -0.0002576113
   -0.0003927108
   -0.0002180963
   -0.0000372694
    0.0001224646
    0.0002391997
    0.0002981974
    0.0002930819
    0.0002262846
    0.0001087391
   -0.0000410635
   -0.0001985695
   -0.0003354509
   -0.0003721161
   -0.0001850242
    0.0000025433
    0.0001728160
    0.0003107864
    0.0004048896
    0.0004476626
    0.0004362032
    0.0003723412
    0.0002625609
    0.0001177436
   -0.0000472020
   -0.0002137418
   -0.0003602022
   -0.0004276228
   -0.0002369005
   -0.0000431561
    0.0001406740
    0.0003029907
    0.0004338555
    0.0005254513
    0.0005724838
    0.0005724451
    0.0005257405
    0.0004356837
    0.0003084151
    0.0001527620
   -0.0000198906
   -0.0001956511
   -0.0003580216
   -0.0005029124
   -0.0003120415
   -0.0001161857
    0.0000749911
    0.0002523538
    0.0004074953
    0.0005331023
    0.0006233160
    0.0006740090
    0.0006829529
    0.0006499063
    0.0005766238
    0.0004668130
    0.0003260660
    0.0001617666
   -0.0000169642
   -0.0001992333
   -0.0003721557
   -0.0005231134
   -0.0003324804
   -0.0001380154
    0.0000530839
    0.0002335873
    0.0003965040
    0.0005354447
    0.0006449603
    0.0007207864
    0.0007600137
    0.0007611786
    0.0007242955
    0.0006508565
    0.0005437903
    0.0004074068
    0.0002473263
    0.0000704122
   -0.0001152475
   -0.0003002488
   -0.0004735556
   -0.0004042351
   -0.0002147719
   -0.0000256787
    0.0001571380
    0.0003275851
    0.0004797892
    0.0006084438
    0.0007090713
    0.0007782021
    0.0008134765
    0.0008136995
    0.0007788546
    0.0007100936
    0.0006097008
    0.0004810499
    0.0003285360
    0.0001575032
   -0.0000258199
   -0.0002143428
   -0.0004000191
   -0.0004312488
   -0.0002502716
   -0.0000677988
    0.0001110713
    0.0002808180
    0.0004359528
    0.0005713877
    0.0006826947
    0.0007662774
    0.0008194659
    0.0008405728
    0.0008289047
    0.0007847621
    0.0007094154
    0.0006050708
    0.0004748233
    0.0003225896
    0.0001530272
   -0.0000285506
   -0.0002162521
   -0.0004036177
   -0.0004946940
   -0.0003280824
   -0.0001563272
    0.0000160496
    0.0001838029
    0.0003415182
    0.0004840287
    0.0006067019
    0.0007056224
    0.0007776941
    0.0008206952
    0.0008332972
    0.0008150631
    0.0007664300
    0.0006886897
    0.0005839477
    0.0004550795
    0.0003056587
    0.0001398741
   -0.0000375839
   -0.0002216389
   -0.0004069389
   -0.0003469606
   -0.0001895477
   -0.0000282934
    0.0001313287
    0.0002837145
    0.0004235496
    0.0005460824
    0.0006472815
    0.0007239219
    0.0007736175
    0.0007948356
    0.0007868821
    0.0007498878
    0.0006847826
    0.0005932638
    0.0004777574
    0.0003413532
    0.0001877325
    0.0000210495
   -0.0001542099
   -0.0003334033
   -0.0005119083
   -0.0003754378
   -0.0002370344
   -0.0000902194
    0.0000588860
    0.0002041407
    0.0003398091
    0.0004608036
    0.0005628240
    0.0006424100
    0.0006969641
    0.0007247405
    0.0007248303
    0.0006971344
    0.0006423400
    0.0005618905
    0.0004579470
    0.0003333387
    0.0001914885
    0.0000363053
   -0.0001279662
   -0.0002969471
   -0.0004663820
   -0.0003386150
   -0.0002154561
   -0.0000820435
    0.0000543896
    0.0001870931
    0.0003100703
    0.0004182144
    0.0005073515
    0.0005742430
    0.0006165652
    0.0006328745
    0.0006225766
    0.0005858968
    0.0005238477
    0.0004381980
    0.0003314318
    0.0002066929
    0.0000676955
   -0.0000814038
   -0.0002361979
   -0.0003922976
   -0.0003031900
   -0.0001919450
   -0.0000706390
    0.0000525598
    0.0001705243
    0.0002772493
    0.0003678508
    0.0004385269
    0.0004865008
    0.0005099702
    0.0005080551
    0.0004807588
    0.0004289330
    0.0003542462
    0.0002591481
    0.0001468219
    0.0000211092
   -0.0001136076
   -0.0002525960
   -0.0003910478
   -0.0003097454
   -0.0002115672
   -0.0001030986
    0.0000066618
    0.0001102386
    0.0002015943
    0.0002760250
    0.0003300522
    0.0003613300
    0.0003685689
    0.0003514796
    0.0003107247
    0.0002478939
    0.0001654651
    0.0000667749
   -0.0000440417
   -0.0001621504
   -0.0002821825
   -0.0003768392
   -0.0002997515
   -0.0002074002
   -0.0001104450
   -0.0000174686
    0.0000647875
    0.0001312122
    0.0001781454
    0.0002032446
    0.0002053800
    0.0001845652
    0.0001419144
    0.0000796099
    0.0000008840
   -0.0000900058
   -0.0001878293
   -0.0002864816
   -0.0003862591
   -0.0003090734
   -0.0002254085
   -0.0001447697
   -0.0000743710
   -0.0000194635
    0.0000164151
    0.0000312695
    0.0000245258
   -0.0000030371
   -0.0000493190
   -0.0001109090
   -0.0001830766
   -0.0002597728
   -0.0003336586
   -0.0004383126
   -0.0003684292
   -0.0002988900
   -0.0002378433
   -0.0001909920
   -0.0001619306
   -0.0001523668
   -0.0001622562
   -0.0001898600
   -0.0002317517
   -0.0002827721
   -0.0003359575
   -0.0004931501
   -0.0004363741
   -0.0003889861
   -0.0003559378
   -0.0003396585
   -0.0003402614
   -0.0003556159
   -0.0003813244
   -0.0004106043
   -0.0005480932
   -0.0005251072
   -0.0005153537
   -0.0000121614
   -0.0001013286
   -0.0000314189
    0.0001113038
    0.0001667835
    0.0000788232
   -0.0000827827
   -0.0002133866
   -0.0002594706
   -0.0002306181
   -0.0001433098
   -0.0000054534
    0.0001519352
    0.0002776684
    0.0003283994
    0.0002868890
    0.0001648469
   -0.0000040600
   -0.0001756639
   -0.0003084086
   -0.0003778624
   -0.0003878803
   -0.0003628295
   -0.0003186582
   -0.0002476282
   -0.0001366537
    0.0000107622
    0.0001729104
    0.0003204345
    0.0004263915
    0.0004721084
    0.0004496389
    0.0003619605
    0.0002216011
    0.0000482557
   -0.0001340246
   -0.0002996564
   -0.0004248552
   -0.0003306786
   -0.0002429846
   -0.0001145632
    0.0000421656
    0.0002078374
    0.0003620438
    0.0004868214
    0.0005684509
    0.0005983330
    0.0005732937
    0.0004954524
    0.0003717038
    0.0002128620
    0.0000326220
   -0.0001534396
   -0.0003285854
   -0.0004754509
   -0.0003120044
   -0.0001892379
   -0.0000361617
    0.0001312715
    0.0002970976
    0.0004469960
    0.0005690622
    0.0006541965
    0.0006963210
    0.0006924885
    0.0006428598
    0.0005505381
    0.0004212530
    0.0002628887
    0.0000849234
   -0.0001021006
   -0.0002868980
   -0.0004573762
   -0.0004209061
   -0.0003148253
   -0.0001730115
   -0.0000098381
    0.0001608716
    0.0003267427
    0.0004771355
    0.0006032244
    0.0006980636
    0.0007566533
    0.0007759942
    0.0007551166
    0.0006950449
    0.0005986867
    0.0004706406
    0.0003168951
    0.0001444607
   -0.0000390217
   -0.0002255782
   -0.0004069348
   -0.0005741173
   -0.0004392678
   -0.0003076901
   -0.0001506725
    0.0000190375
    0.0001903944
    0.0003539452
    0.0005016688
    0.0006268829
    0.0007242282
    0.0007896911
    0.0008206523
    0.0008159150
    0.0007757182
    0.0007017017
    0.0005968214
    0.0004652002
    0.0003119025
    0.0001426410
   -0.0000365565
   -0.0002196441
   -0.0004006912
   -0.0005736648
   -0.0003797837
   -0.0002207462
   -0.0000507309
    0.0001209080
    0.0002862809
    0.0004386674
    0.0005723566
    0.0006825957
    0.0007655997
    0.0008185930
    0.0008398496
    0.0008287288
    0.0007856903
    0.0007122806
    0.0006110792
    0.0004855974
    0.0003401153
    0.0001794483
    0.0000086498
   -0.0001673178
   -0.0003438679
   -0.0005168969
   -0.0004663801
   -0.0003067834
   -0.0001376957
    0.0000329233
    0.0001984157
    0.0003530674
    0.0004919298
    0.0006107594
    0.0007060263
    0.0007749525
    0.0008155652
    0.0008267420
    0.0008082468
    0.0007607480
    0.0006858151
    0.0005858873
    0.0004641941
    0.0003246316
    0.0001715622
    0.0000095447
   -0.0001570079
   -0.0003241982
   -0.0004889502
   -0.0004843816
   -0.0003207006
   -0.0001525328
    0.0000140266
    0.0001737725
    0.0003221257
    0.0004550244
    0.0005689136
    0.0006607816
    0.0007282178
    0.0007694703
    0.0007835020
    0.0007700290
    0.0007295557
    0.0006633842
    0.0005736078
    0.0004630709
    0.0003352854
    0.0001942928
    0.0000444409
   -0.0001099237
   -0.0002648567
   -0.0004172771
   -0.0004979303
   -0.0003350915
   -0.0001715636
   -0.0000119297
    0.0001397226
    0.0002796548
    0.0004044483
    0.0005110457
    0.0005968184
    0.0006596420
    0.0006979634
    0.0007108641
    0.0006981072
    0.0006601748
    0.0005982950
    0.0005144466
    0.0004113452
    0.0002923883
    0.0001615556
    0.0000232265
   -0.0001180981
   -0.0002581946
   -0.0003936458
   -0.0004140939
   -0.0002578532
   -0.0001055931
    0.0000393730
    0.0001738477
    0.0002947744
    0.0003993171
    0.0004849581
    0.0005495940
    0.0005916197
    0.0006100042
    0.0006043465
    0.0005749266
    0.0005227433
    0.0004495441
    0.0003578295
    0.0002508434
    0.0001325163
    0.0000073463
   -0.0001198094
   -0.0002440766
   -0.0003610748
   -0.0004533798
   -0.0003085935
   -0.0001681936
   -0.0000348033
    0.0000888258
    0.0001999200
    0.0002958228
    0.0003741306
    0.0004328142
    0.0004703200
    0.0004856538
    0.0004784484
    0.0004490258
    0.0003984416
    0.0003285314
    0.0002419359
    0.0001421137
    0.0000333176
   -0.0000794882
   -0.0001907995
   -0.0002948918
   -0.0003742020
   -0.0002489952
   -0.0001295309
   -0.0000182554
    0.0000821872
    0.0001691644
    0.0002402391
    0.0002933231
    0.0003267999
    0.0003396255
    0.0003314109
    0.0003024889
    0.0002539833
    0.0001878625
    0.0001069963
    0.0000151984
   -0.0000827598
   -0.0001811784
   -0.0002735523
   -0.0003528440
   -0.0003725480
   -0.0002696681
   -0.0001714955
   -0.0000805706
    0.0000003451
    0.0000685426
    0.0001215811
    0.0001574588
    0.0001747480
    0.0001726958
    0.0001513187
    0.0001114825
    0.0000549846
   -0.0000153599
   -0.0000956355
   -0.0001807437
   -0.0002643522
   -0.0003388981
   -0.0002892728
   -0.0002164069
   -0.0001495830
   -0.0000919199
   -0.0000463078
   -0.0000151828
   -0.0000003543
   -0.0000028715
   -0.0000229140
   -0.0000596859
   -0.0001113047
   -0.0001746843
   -0.0002453917
   -0.0003175009
   -0.0003834366
   -0.0003389354
   -0.0002932565
   -0.0002511589
   -0.0002163396
   -0.0001920198
   -0.0001807137
   -0.0001840513
   -0.0002026416
   -0.0002359368
   -0.0002820934
   -0.0003378037
   -0.0003980892
   -0.0004560529
   -0.0003779904
   -0.0003641384
   -0.0003568863
   -0.0003593484
   -0.0003734515
   -0.0003997683
   -0.0004373493
   -0.0004835211
   -0.0005336297
   -0.0005110356
   -0.0004948845
   -0.0004930559
   -0.0005079094
   -0.0005383763
   -0.0004010704
   -0.0003570391
   -0.0003225024
   -0.0003035442
   -0.0003035325
   -0.0003232967
   -0.0003611648
   -0.0004128517
   -0.0004711905
   -0.0003634259
   -0.0002995868
   -0.0002348334
   -0.0001781820
   -0.0001361980
   -0.0001132704
   -0.0001117923
   -0.0001322457
   -0.0001732148
   -0.0002312986
   -0.0003009338
   -0.0003740993
   -0.0003624967
   -0.0002879208
   -0.0002036978
   -0.0001200272
   -0.0000449942
    0.0000152180
    0.0000561500
    0.0000749460
    0.0000702693
    0.0000422767
   -0.0000073620
   -0.0000753871
   -0.0001568071
   -0.0002446885
   -0.0003298567
   -0.0003414565
   -0.0002468754
   -0.0001438271
   -0.0000413458
    0.0000530803
    0.0001334392
    0.0001951158
    0.0002348144
    0.0002505003
    0.0002413690
    0.0002078375
    0.0001515747
    0.0000755604
   -0.0000158146
   -0.0001166056
   -0.0002191333
   -0.0003137601
   -0.0002957264
   -0.0001776745
   -0.0000560694
    0.0000616283
    0.0001690352
    0.0002608805
    0.0003330035
    0.0003823279
    0.0004068399
    0.0004055688
    0.0003785854
    0.0003270179
    0.0002530902
    0.0001601762
    0.0000528828
   -0.0000628580
   -0.0001796820
   -0.0002887044
   -0.0003777476
   -0.0002461854
   -0.0001083938
    0.0000287548
    0.0001589550
    0.0002766632
    0.0003772049
    0.0004568133
    0.0005126460
    0.0005427840
    0.0005462281
    0.0005229051
    0.0004736763
    0.0004003663
    0.0003057945
    0.0001938228
    0.0000694001
   -0.0000613995
   -0.0001913751
   -0.0003122641
   -0.0003974377
   -0.0002475771
   -0.0000938813
    0.0000577310
    0.0002015769
    0.0003324847
    0.0004459533
    0.0005382481
    0.0006064450
    0.0006484521
    0.0006630233
    0.0006497635
    0.0006091406
    0.0005424994
    0.0004520845
    0.0003410603
    0.0002135302
    0.0000745380
   -0.0000699700
   -0.0002132527
   -0.0003479969
   -0.0003746803
   -0.0002080680
   -0.0000409951
    0.0001212075
    0.0002733370
    0.0004105939
    0.0005287608
    0.0006243103
    0.0006944698
    0.0007372558
    0.0007514921
    0.0007368277
    0.0006937432
    0.0006235654
    0.0005284794
    0.0004115364
    0.0002766443
    0.0001285386
   -0.0000273046
   -0.0001848313
   -0.0003377056
   -0.0003590426
   -0.0001800383
   -0.0000027351
    0.0001677323
    0.0003263296
    0.0004683900
    0.0005897955
    0.0006870950
    0.0007575807
    0.0007993289
    0.0008112308
    0.0007930068
    0.0007452210
    0.0006692881
    0.0005674766
    0.0004429012
    0.0002994955
    0.0001419367
   -0.0000244779
   -0.0001940592
   -0.0003610836
   -0.0004232890
   -0.0002358132
   -0.0000492241
    0.0001311977
    0.0003002159
    0.0004529017
    0.0005848352
    0.0006922476
    0.0007721187
    0.0008222395
    0.0008412458
    0.0008286488
    0.0007848470
    0.0007111300
    0.0006096819
    0.0004835577
    0.0003366408
    0.0001735511
   -0.0000005066
   -0.0001799931
   -0.0003593958
   -0.0004575474
   -0.0002651149
   -0.0000726741
    0.0001138744
    0.0002887995
    0.0004467442
    0.0005829158
    0.0006932342
    0.0007744357
    0.0008241496
    0.0008409417
    0.0008243468
    0.0007748814
    0.0006940482
    0.0005843244
    0.0004491204
    0.0002927090
    0.0001200919
   -0.0000632052
   -0.0002514291
   -0.0004389890
   -0.0005353563
   -0.0003439159
   -0.0001485705
    0.0000434757
    0.0002254526
    0.0003911113
    0.0005348701
    0.0006519650
    0.0007385695
    0.0007918822
    0.0008101929
    0.0007929146
    0.0007406071
    0.0006549762
    0.0005388440
    0.0003960972
    0.0002315730
    0.0000508878
   -0.0001398094
   -0.0003341578
   -0.0005259199
   -0.0005481097
   -0.0003614499
   -0.0001673177
    0.0000250496
    0.0002073539
    0.0003721652
    0.0005129987
    0.0006244463
    0.0007022945
    0.0007436224
    0.0007468722
    0.0007118854
    0.0006399208
    0.0005336279
    0.0003969888
    0.0002352039
    0.0000545018
   -0.0001381021
   -0.0003351041
   -0.0005287402
   -0.0004079630
   -0.0002200432
   -0.0000295179
    0.0001527823
    0.0003174399
    0.0004564214
    0.0005631747
    0.0006327611
    0.0006619683
    0.0006493944
    0.0005954939
    0.0005025704
    0.0003747239
    0.0002177200
    0.0000387919
   -0.0001536236
   -0.0003501454
   -0.0005405574
   -0.0003946076
   -0.0002147233
   -0.0000302374
    0.0001448674
    0.0002987645
    0.0004217370
    0.0005062942
    0.0005473391
    0.0005423082
    0.0004912601
    0.0003968906
    0.0002644492
    0.0001015612
   -0.0000820420
   -0.0002748214
   -0.0004635860
   -0.0004220476
   -0.0002582251
   -0.0000823689
    0.0000862024
    0.0002314064
    0.0003404423
    0.0004040270
    0.0004166846
    0.0003769646
    0.0002875376
    0.0001551219
   -0.0000097739
   -0.0001932376
   -0.0003783283
   -0.0004250705
   -0.0002808412
   -0.0001170030
    0.0000395372
    0.0001664594
    0.0002468916
    0.0002702124
    0.0002327092
    0.0001379304
   -0.0000033761
   -0.0001737672
   -0.0003499477
   -0.0003777978
   -0.0002407847
   -0.0000915108
    0.0000330879
    0.0001043332
    0.0001055001
    0.0000342508
   -0.0000963585
   -0.0002586733
   -0.0004134582
   -0.0002569033
   -0.0001282068
   -0.0000496838
   -0.0000597356
   -0.0001594032
   -0.0003068887
   -0.0002945175
   -0.0001960871
   -0.0002177142
   -0.0003473178
   -0.0003433824
   -0.0003380323
