   -0.0163730183
   -0.0181448730
   -0.0161699551
   -0.0132352074
   -0.0123409190
   -0.0137859567
   -0.0168731740
   -0.0198845135
   -0.0211198630
   -0.0199597881
   -0.0169243642
   -0.0132556835
   -0.0102514592
   -0.0085356922
   -0.0079941579
   -0.0084946747
   -0.0102265598
   -0.0131997677
   -0.0168382611
   -0.0202355535
   -0.0225913203
   -0.0234153796
   -0.0225516047
   -0.0201474642
   -0.0166173715
   -0.0125997914
   -0.0088567062
   -0.0060332370
   -0.0043513511
   -0.0035560098
   -0.0032666763
   -0.0034023889
   -0.0042660133
   -0.0062296530
   -0.0093356001
   -0.0131926331
   -0.0171894745
   -0.0207442458
   -0.0234190221
   -0.0249312829
   -0.0251365439
   -0.0240129406
   -0.0216513742
   -0.0182509217
   -0.0141243575
   -0.0097100990
   -0.0055568880
    0.0014815340
    0.0016937793
    0.0019246024
   -0.0067821062
   -0.0111480566
   -0.0155241211
   -0.0194886579
   -0.0227392693
   -0.0250719706
   -0.0263576620
   -0.0265291937
   -0.0255752122
   -0.0235367441
   -0.0205051918
   -0.0166252300
   -0.0121090069
   -0.0072630792
    0.0068579117
    0.0070493109
   -0.0088467403
   -0.0136234201
   -0.0179534786
   -0.0216247123
   -0.0244953218
   -0.0264693765
   -0.0274850138
   -0.0275103508
   -0.0265423761
   -0.0246054279
   -0.0217492804
   -0.0180490136
   -0.0136114039
   -0.0085939118
   -0.0093495283
   -0.0142715988
   -0.0185950652
   -0.0222070627
   -0.0250317496
   -0.0270149283
   -0.0281187965
   -0.0283215211
   -0.0276177101
   -0.0260181879
   -0.0235480558
   -0.0202444796
   -0.0161564393
   -0.0113509384
   -0.0059316452
   -0.0057361762
   -0.0111501809
   -0.0159482678
   -0.0200516970
   -0.0234112300
   -0.0259905838
   -0.0277607745
   -0.0287001568
   -0.0287960620
   -0.0280461614
   -0.0264582460
   -0.0240483668
   -0.0208380591
   -0.0168520599
   -0.0121195691
   -0.0066841780
   -0.0073373170
   -0.0126626772
   -0.0172848405
   -0.0211769210
   -0.0243201968
   -0.0266971942
   -0.0282912551
   -0.0290889443
   -0.0290824852
   -0.0282711406
   -0.0266610796
   -0.0242634122
   -0.0210910972
   -0.0171556882
   -0.0124661458
   -0.0070334041
   -0.0073428962
   -0.0127083344
   -0.0173360229
   -0.0212232153
   -0.0243662363
   -0.0267572204
   -0.0283857486
   -0.0292420047
   -0.0293197673
   -0.0286180534
   -0.0271411076
   -0.0248969094
   -0.0218940499
   -0.0181381033
   -0.0136285626
   -0.0083594713
   -0.0044916936
   -0.0102449421
   -0.0152371919
   -0.0194784474
   -0.0229761978
   -0.0257308430
   -0.0277368366
   -0.0289862788
   -0.0294724183
   -0.0291920762
   -0.0281468108
   -0.0263421313
   -0.0237853544
   -0.0204820393
   -0.0164322360
   -0.0116277931
   -0.0060543841
   -0.0095561465
   -0.0146546963
   -0.0189943631
   -0.0225868308
   -0.0254354322
   -0.0275365620
   -0.0288832482
   -0.0294690121
   -0.0292904615
   -0.0283487567
   -0.0266491302
   -0.0241988913
   -0.0210042565
   -0.0170664560
   -0.0123789637
   -0.0069286714
   -0.0099025072
   -0.0149603220
   -0.0192585655
   -0.0228055087
   -0.0256020426
   -0.0276428387
   -0.0289200340
   -0.0294268737
   -0.0291604043
   -0.0281226911
   -0.0263202930
   -0.0237621619
   -0.0204565013
   -0.0164072599
   -0.0116126680
   -0.0060689255
   -0.0046290291
   -0.0103759499
   -0.0153714683
   -0.0196112008
   -0.0230933004
   -0.0258118054
   -0.0277568301
   -0.0289178610
   -0.0292872536
   -0.0288626538
   -0.0276480393
   -0.0256529885
   -0.0228903269
   -0.0193733995
   -0.0151137413
   -0.0101228475
   -0.0099581053
   -0.0150054333
   -0.0193091931
   -0.0228486388
   -0.0256056594
   -0.0275625081
   -0.0287035231
   -0.0290185014
   -0.0285050226
   -0.0271694809
   -0.0250263400
   -0.0220960850
   -0.0184033147
   -0.0139772225
   -0.0088588501
   -0.0073788926
   -0.0127073567
   -0.0173535957
   -0.0212514738
   -0.0243563247
   -0.0266331214
   -0.0280541694
   -0.0286009242
   -0.0282665664
   -0.0270575860
   -0.0249936016
   -0.0221064143
   -0.0184393916
   -0.0140512741
   -0.0090291755
   -0.0066822776
   -0.0119636756
   -0.0166708170
   -0.0206629400
   -0.0238472284
   -0.0261575536
   -0.0275466943
   -0.0279859484
   -0.0274671262
   -0.0260042745
   -0.0236340833
   -0.0204164939
   -0.0164391480
   -0.0118306698
   -0.0067880348
    0.0092652362
   -0.0060551589
   -0.0111317921
   -0.0158416184
   -0.0199185404
   -0.0231827669
   -0.0255109547
   -0.0268207019
   -0.0270667821
   -0.0262425778
   -0.0243823250
   -0.0215638061
   -0.0179147636
   -0.0136283393
   -0.0089905417
    0.0041829367
    0.0039945319
   -0.0082924260
   -0.0129424296
   -0.0173160591
   -0.0210268669
   -0.0238014925
   -0.0254575341
   -0.0258915950
   -0.0250784743
   -0.0230762402
   -0.0200343532
   -0.0162088652
   -0.0119845572
   -0.0078807036
   -0.0044764143
   -0.0011194462
   -0.0008703707
   -0.0010041934
   -0.0013349546
   -0.0020949395
   -0.0037436686
   -0.0065637510
   -0.0103804729
   -0.0146340252
   -0.0186516811
   -0.0218522354
   -0.0238173629
   -0.0243033657
   -0.0232507051
   -0.0208020028
   -0.0173248623
   -0.0134224942
   -0.0098644828
   -0.0073291767
   -0.0060442550
   -0.0057528652
   -0.0061901699
   -0.0075070875
   -0.0100375034
   -0.0136615236
   -0.0175910692
   -0.0207587519
   -0.0222769668
   -0.0217032364
   -0.0191992510
   -0.0156149883
   -0.0123076505
   -0.0104183782
   -0.0102441180
   -0.0118266884
   -0.0151383507
   -0.0187079372
   -0.0198608135
   -0.0173788003
   -0.0141179849
   -0.0152803391
   -0.0163730183
   -0.0000302025
   -0.0001198426
   -0.0039833731
    0.0049334330
    0.0058665440
    0.0049457216
    0.0021516064
   -0.0025121983
    0.0079022400
    0.0096224756
    0.0103437249
    0.0100417776
    0.0086414141
    0.0060555617
    0.0021998269
   -0.0029935986
    0.0102534580
    0.0119979985
    0.0132261474
    0.0139373466
    0.0140616137
    0.0135131736
    0.0122074108
    0.0100625356
    0.0069961276
    0.0029213050
   -0.0022533175
    0.0148548507
    0.0156993416
    0.0164342843
    0.0169456589
    0.0171188596
    0.0168547613
    0.0160696639
    0.0146903217
    0.0126479695
    0.0098725528
    0.0062872391
    0.0018036694
   -0.0036802361
    0.0184409298
    0.0186017095
    0.0189571477
    0.0193087630
    0.0195027809
    0.0194228799
    0.0189796999
    0.0181013933
    0.0167260468
    0.0147955958
    0.0122506253
    0.0090255326
    0.0050436230
    0.0002122463
    0.0210628118
    0.0209176050
    0.0210494187
    0.0212330037
    0.0213108276
    0.0211702363
    0.0207274905
    0.0199168140
    0.0186825722
    0.0169736649
    0.0147388381
    0.0119227479
    0.0084615545
    0.0042783535
   -0.0007219482
    0.0230722564
    0.0225065736
    0.0224023324
    0.0224781447
    0.0225464218
    0.0224780553
    0.0221805863
    0.0215842552
    0.0206329300
    0.0192776980
    0.0174722901
    0.0151692590
    0.0123163870
    0.0088528373
    0.0047047396
   -0.0002199677
    0.0241404401
    0.0234113065
    0.0232001858
    0.0232081271
    0.0232398169
    0.0231626558
    0.0228827493
    0.0223300738
    0.0214488899
    0.0201914144
    0.0185131342
    0.0163692313
    0.0137111517
    0.0104832521
    0.0066186381
    0.0020344796
   -0.0033731087
    0.0241999600
    0.0235638403
    0.0233854037
    0.0233870707
    0.0233869477
    0.0232609496
    0.0229205204
    0.0222987202
    0.0213415966
    0.0200021009
    0.0182356789
    0.0159968103
    0.0132356742
    0.0098946215
    0.0059040105
    0.0011772762
    0.0245086891
    0.0234412790
    0.0230566271
    0.0229917817
    0.0230133651
    0.0229653732
    0.0227389463
    0.0222542627
    0.0214489630
    0.0202706961
    0.0186716860
    0.0166047257
    0.0140195699
    0.0108593203
    0.0070564119
    0.0025277821
   -0.0028299130
    0.0226396651
    0.0221174612
    0.0220186958
    0.0220661896
    0.0220748297
    0.0219162662
    0.0214972826
    0.0207460575
    0.0196030776
    0.0180148570
    0.0159290763
    0.0132905175
    0.0100370279
    0.0060951664
    0.0013753235
   -0.0042322417
    0.0209616325
    0.0204409360
    0.0203916424
    0.0205131922
    0.0205982219
    0.0205004015
    0.0201125035
    0.0193515533
    0.0181485990
    0.0164413880
    0.0141687440
    0.0112657895
    0.0076591919
    0.0032626891
   -0.0020266409
    0.0178167417
    0.0179615509
    0.0182575353
    0.0184916645
    0.0185017922
    0.0181640365
    0.0173800370
    0.0160668108
    0.0141485339
    0.0115500596
    0.0081914987
    0.0039836734
   -0.0011740870
    0.0142222722
    0.0149556223
    0.0155469870
    0.0158463729
    0.0157143393
    0.0150301221
    0.0136878578
    0.0115899876
    0.0086409744
    0.0047429143
   -0.0002041747
    0.0106425066
    0.0118481205
    0.0124715144
    0.0124024922
    0.0115084327
    0.0096568163
    0.0067206993
    0.0025834419
   -0.0028431565
    0.0071231289
    0.0083564134
    0.0083482404
    0.0069527729
    0.0039960463
   -0.0006496626
    0.0024343332
    0.0037711834
    0.0024473351
   -0.0017521502
   -0.0020505394
   -0.0007768201
   -0.0031967425
    0.0017211193
    0.0044089389
    0.0049316727
    0.0034616288
   -0.0010775249
    0.0037222470
    0.0070380429
    0.0089694521
    0.0096614113
    0.0092634951
    0.0078857077
   -0.0016316914
    0.0035095418
    0.0074700822
    0.0103430138
    0.0122357645
    0.0132610586
    0.0135370522
    0.0131883178
    0.0123391827
    0.0110828169
   -0.0022602225
    0.0030617622
    0.0073514415
    0.0107068602
    0.0132223248
    0.0149867501
    0.0160871280
    0.0166141221
    0.0166690408
    0.0163714577
    0.0158654826
    0.0153179332
    0.0003239179
    0.0052019382
    0.0091903450
    0.0123849902
    0.0148691128
    0.0167167621
    0.0179974971
    0.0187816414
    0.0191463380
    0.0191834313
    0.0190096522
    0.0187803617
    0.0187065724
   -0.0012272863
    0.0039125468
    0.0081958077
    0.0117218334
    0.0145731274
    0.0168193319
    0.0185219958
    0.0197388654
    0.0205284230
    0.0209551202
    0.0210960730
    0.0210506164
    0.0209541794
    0.0209996194
    0.0214697669
   -0.0026195075
    0.0027187697
    0.0072145876
    0.0109710778
    0.0140718274
    0.0165855555
    0.0185706813
    0.0200795757
    0.0211623318
    0.0218707426
    0.0222629734
    0.0224098660
    0.0224039711
    0.0223734913
    0.0225043612
    0.0230768515
    0.0009244014
    0.0056959227
    0.0097186153
    0.0130807162
    0.0158534182
    0.0180957306
    0.0198587975
    0.0211894396
    0.0221336320
    0.0227401542
    0.0230652521
    0.0231788640
    0.0231741359
    0.0231819420
    0.0233947549
    0.0241072515
   -0.0020637832
    0.0031513912
    0.0075702147
    0.0112915440
    0.0143942304
    0.0169423127
    0.0189896206
    0.0205835706
    0.0217685618
    0.0225893253
    0.0230946837
    0.0233422906
    0.0234056253
    0.0233841719
    0.0234198734
    0.0237238941
    0.0246231529
   -0.0009805828
    0.0040658106
    0.0083320784
    0.0119128444
    0.0148837109
    0.0173064571
    0.0192334914
    0.0207116176
    0.0217855346
    0.0225012502
    0.0229101542
    0.0230745124
    0.0230751765
    0.0230235048
    0.0230799949
    0.0234852038
    0.0246124711
   -0.0015460790
    0.0035900304
    0.0079146958
    0.0115256609
    0.0145013740
    0.0169059516
    0.0187940405
    0.0202147962
    0.0212156840
    0.0218462696
    0.0221630120
    0.0222354935
    0.0221553279
    0.0220497086
    0.0221021410
    0.0225852457
   -0.0041953574
    0.0013709646
    0.0060361637
    0.0099088996
    0.0130773684
    0.0156136866
    0.0175790190
    0.0190281800
    0.0200139817
    0.0205917603
    0.0208248400
    0.0207914690
    0.0205945938
    0.0203753770
    0.0203315008
    0.0207399757
   -0.0035932109
    0.0018936715
    0.0064328751
    0.0101301512
    0.0130735632
    0.0153372539
    0.0169864542
    0.0180825575
    0.0186885422
    0.0188747394
    0.0187259620
    0.0183496353
    0.0178839280
    0.0175007182
   -0.0006792650
    0.0042725784
    0.0082391607
    0.0113158408
    0.0135864069
    0.0151266969
    0.0160099839
    0.0163128380
    0.0161207054
    0.0155312752
    0.0146496913
    0.0135605467
   -0.0024955278
    0.0027396222
    0.0068027641
    0.0097830460
    0.0117695076
    0.0128491139
    0.0131090490
    0.0126362767
    0.0115043309
    0.0097272886
   -0.0054931469
    0.0003006107
    0.0046117186
    0.0074753793
    0.0089677750
    0.0091738975
    0.0081577907
    0.0058953285
   -0.0003655792
    0.0032960033
    0.0046451870
    0.0036298584
   -0.0021916704
   -0.0008280067
   -0.0114494112
   -0.0127370278
   -0.0113558577
   -0.0092520801
   -0.0086162459
   -0.0097142048
   -0.0119430394
   -0.0140783270
   -0.0149675785
   -0.0141895923
   -0.0121003347
   -0.0095355678
   -0.0073607145
   -0.0060480020
   -0.0056370814
   -0.0060777391
   -0.0074061329
   -0.0095378149
   -0.0120827800
   -0.0144614452
   -0.0161411783
   -0.0167792643
   -0.0162585039
   -0.0146741484
   -0.0123052413
   -0.0095717355
   -0.0069542490
   -0.0048571473
   -0.0034653642
   -0.0027212507
   -0.0024739261
   -0.0026714150
   -0.0034175052
   -0.0048518555
   -0.0069753502
   -0.0095790256
   -0.0123138841
   -0.0148109920
   -0.0167642723
   -0.0179606841
   -0.0182819343
   -0.0176979276
   -0.0162603832
   -0.0140984150
   -0.0114161829
   -0.0084880645
   -0.0056375436
   -0.0031814834
   -0.0001609761
    0.0004825860
    0.0007877390
    0.0008878931
    0.0007664339
   -0.0049384124
   -0.0077375177
   -0.0106753522
   -0.0134747512
   -0.0159051992
   -0.0177943792
   -0.0190244412
   -0.0195252800
   -0.0192694394
   -0.0182689802
   -0.0165740149
   -0.0142730648
   -0.0114963521
   -0.0084212203
   -0.0052744034
    0.0041328317
    0.0042670634
    0.0043858490
   -0.0047965430
   -0.0079490787
   -0.0110510701
   -0.0139051594
   -0.0163612690
   -0.0183105947
   -0.0196774891
   -0.0204132689
   -0.0204927477
   -0.0199124663
   -0.0186896712
   -0.0168620805
   -0.0144889002
   -0.0116544382
   -0.0084748033
   -0.0051066562
    0.0077721488
   -0.0054710993
   -0.0088310731
   -0.0119787511
   -0.0147869285
   -0.0171640815
   -0.0190448845
   -0.0203832835
   -0.0211485847
   -0.0213236550
   -0.0209040843
   -0.0198976881
   -0.0183242169
   -0.0162154023
   -0.0136163204
   -0.0105892012
   -0.0072205008
   -0.0052535560
   -0.0087585381
   -0.0119814097
   -0.0148349668
   -0.0172582219
   -0.0192075834
   -0.0206514648
   -0.0215676257
   -0.0219420955
   -0.0217689160
   -0.0210499303
   -0.0197945507
   -0.0180193770
   -0.0157482158
   -0.0130132115
   -0.0098581533
   -0.0063449385
   -0.0060777906
   -0.0096041314
   -0.0127807980
   -0.0155549721
   -0.0178900808
   -0.0197595209
   -0.0211432771
   -0.0220267084
   -0.0224003254
   -0.0222598439
   -0.0216062591
   -0.0204456096
   -0.0187885632
   -0.0166500529
   -0.0140494614
   -0.0110121635
   -0.0075735117
   -0.0065627921
   -0.0100919580
   -0.0132365938
   -0.0159642954
   -0.0182526125
   -0.0200846322
   -0.0214469783
   -0.0223294029
   -0.0227248987
   -0.0226301346
   -0.0220455077
   -0.0209750830
   -0.0194260825
   -0.0174083965
   -0.0149342610
   -0.0120187005
   -0.0086817907
   -0.0049536325
   -0.0054048041
   -0.0090790551
   -0.0123600123
   -0.0152238393
   -0.0176547525
   -0.0196407469
   -0.0211718142
   -0.0222396519
   -0.0228379286
   -0.0229628173
   -0.0226133382
   -0.0217914105
   -0.0205015447
   -0.0187502289
   -0.0165454316
   -0.0138961441
   -0.0108130623
   -0.0073109732
   -0.0052282160
   -0.0089421996
   -0.0122502965
   -0.0151362720
   -0.0175897036
   -0.0196023370
   -0.0211668162
   -0.0222765191
   -0.0229261568
   -0.0231122987
   -0.0228338798
   -0.0220922127
   -0.0208908350
   -0.0192349582
   -0.0171307674
   -0.0145848765
   -0.0116044871
   -0.0081987725
   -0.0043828287
   -0.0049874375
   -0.0087388770
   -0.0120778832
   -0.0149917989
   -0.0174727932
   -0.0195144446
   -0.0211106664
   -0.0222557156
   -0.0229447852
   -0.0231746240
   -0.0229440973
   -0.0222543016
   -0.0211083857
   -0.0195110797
   -0.0174679648
   -0.0149849649
   -0.0120681615
   -0.0087249561
   -0.0049673441
   -0.0075046748
   -0.0109904051
   -0.0140525954
   -0.0166825761
   -0.0188738522
   -0.0206203700
   -0.0219162763
   -0.0227564026
   -0.0231369894
   -0.0230562163
   -0.0225145327
   -0.0215146193
   -0.0200609767
   -0.0181593295
   -0.0158160021
   -0.0130376498
   -0.0098320884
   -0.0062108434
   -0.0079205508
   -0.0113590158
   -0.0143732419
   -0.0169525144
   -0.0190886964
   -0.0207745053
   -0.0220032702
   -0.0227694127
   -0.0230690990
   -0.0229008411
   -0.0222657191
   -0.0211672529
   -0.0196110956
   -0.0176043483
   -0.0151551972
   -0.0122730259
   -0.0089699377
   -0.0052644852
   -0.0052621318
   -0.0089776431
   -0.0122888208
   -0.0151736319
   -0.0176174416
   -0.0196089182
   -0.0211384460
   -0.0221979278
   -0.0227812641
   -0.0228849453
   -0.0225085353
   -0.0216547394
   -0.0203292852
   -0.0185404451
   -0.0162986745
   -0.0136167264
   -0.0105108656
   -0.0070043294
   -0.0059959234
   -0.0096170740
   -0.0128423902
   -0.0156403944
   -0.0179893354
   -0.0198726472
   -0.0212770742
   -0.0221923172
   -0.0226113796
   -0.0225311112
   -0.0219525372
   -0.0208809065
   -0.0193255315
   -0.0172994582
   -0.0148197432
   -0.0119086011
   -0.0085967512
   -0.0049298518
   -0.0050922853
   -0.0087567254
   -0.0120626997
   -0.0149564177
   -0.0174008126
   -0.0193687741
   -0.0208397049
   -0.0217982985
   -0.0222344350
   -0.0221436831
   -0.0215275459
   -0.0203936353
   -0.0187556574
   -0.0166335734
   -0.0140544961
   -0.0110553941
   -0.0076884963
   -0.0050152387
   -0.0086140916
   -0.0118998082
   -0.0147897929
   -0.0172259884
   -0.0191663969
   -0.0205801611
   -0.0214455341
   -0.0217493549
   -0.0214873531
   -0.0206644427
   -0.0192949988
   -0.0174033215
   -0.0150248156
   -0.0122089739
   -0.0090250950
   -0.0055714372
    0.0099896006
   -0.0077765150
   -0.0110809094
   -0.0140383765
   -0.0165529937
   -0.0185554589
   -0.0199959922
   -0.0208406917
   -0.0210701890
   -0.0206797753
   -0.0196797664
   -0.0180963552
   -0.0159731008
   -0.0133741277
   -0.0103901458
   -0.0071472789
    0.0065246109
   -0.0047505522
   -0.0080690480
   -0.0112591698
   -0.0141339634
   -0.0165519863
   -0.0184100081
   -0.0196357946
   -0.0201840562
   -0.0200351848
   -0.0191956840
   -0.0176995766
   -0.0156110932
   -0.0130294420
   -0.0100961573
   -0.0070023992
    0.0031573369
    0.0030461000
    0.0028559838
   -0.0046465456
   -0.0076833340
   -0.0107654868
   -0.0136205829
   -0.0160252590
   -0.0178118666
   -0.0188654870
   -0.0191209894
   -0.0185629726
   -0.0172281735
   -0.0152098768
   -0.0126642622
   -0.0098162075
   -0.0069544202
   -0.0043966394
   -0.0024118772
   -0.0011247381
   -0.0004733331
   -0.0002767611
   -0.0003799470
   -0.0007734827
   -0.0016024366
   -0.0030524795
   -0.0051893182
   -0.0078694211
   -0.0107768748
   -0.0135320793
   -0.0157865927
   -0.0172719917
   -0.0178179396
   -0.0173610191
   -0.0159538859
   -0.0137751592
   -0.0111335420
   -0.0084450252
   -0.0061475463
   -0.0045499534
   -0.0037170537
   -0.0035347669
   -0.0039250028
   -0.0049736124
   -0.0068015715
   -0.0093060965
   -0.0120613628
   -0.0144638237
   -0.0159525951
   -0.0161673934
   -0.0150431816
   -0.0128676144
   -0.0102706263
   -0.0080425192
   -0.0067619069
   -0.0066016995
   -0.0076007652
   -0.0097397451
   -0.0123996191
   -0.0142351286
   -0.0140281872
   -0.0118425984
   -0.0095643480
   -0.0095928046
   -0.0122712490
   -0.0114494112
   -0.0012471625
    0.0025212827
    0.0030090804
    0.0022000478
    0.0001201626
   -0.0031604163
    0.0045989074
    0.0057952605
    0.0062483682
    0.0059691725
    0.0049260267
    0.0030788654
    0.0003990478
   -0.0031124278
    0.0073313664
    0.0083244736
    0.0088936201
    0.0090380675
    0.0087218435
    0.0078978861
    0.0065185727
    0.0045396935
    0.0019227314
   -0.0013612907
    0.0099230539
    0.0106133795
    0.0111067882
    0.0113847457
    0.0114026184
    0.0111096061
    0.0104566841
    0.0093986223
    0.0078936475
    0.0059023408
    0.0033866960
    0.0003103824
   -0.0033585136
    0.0127066450
    0.0129577696
    0.0132028082
    0.0133835952
    0.0134355464
    0.0132986152
    0.0129203033
    0.0122552549
    0.0112635216
    0.0099086872
    0.0081560067
    0.0059707880
    0.0033172189
    0.0001580273
   -0.0035444058
    0.0152358274
    0.0150491112
    0.0150272997
    0.0150721515
    0.0150962846
    0.0150268600
    0.0148044979
    0.0143806523
    0.0137147360
    0.0127715661
    0.0115192455
    0.0099272347
    0.0079647942
    0.0055996234
    0.0027967041
   -0.0004822883
   -0.0042783653
    0.0171451868
    0.0167110497
    0.0165218545
    0.0164517273
    0.0164018904
    0.0162956820
    0.0160733415
    0.0156873929
    0.0150990426
    0.0142753717
    0.0131869947
    0.0118063329
    0.0101060575
    0.0080577248
    0.0056305256
    0.0027901946
   -0.0005018460
   -0.0042884379
    0.0182460934
    0.0177753237
    0.0175438984
    0.0174248247
    0.0173232943
    0.0171677863
    0.0169033447
    0.0164866174
    0.0158822749
    0.0150602213
    0.0139935491
    0.0126569144
    0.0110251262
    0.0090718966
    0.0067687135
    0.0040836378
    0.0009802943
   -0.0025827892
    0.0195871343
    0.0187996139
    0.0183745086
    0.0181515832
    0.0180145082
    0.0178776772
    0.0176768325
    0.0173626230
    0.0168959150
    0.0162444731
    0.0153805812
    0.0142791252
    0.0129161469
    0.0112675591
    0.0093080815
    0.0070099960
    0.0043421229
    0.0012687274
   -0.0022512860
    0.0197353051
    0.0190219831
    0.0186334518
    0.0184196226
    0.0182722779
    0.0181119836
    0.0178789846
    0.0175272208
    0.0170198816
    0.0163264186
    0.0154202233
    0.0142769819
    0.0128731959
    0.0111850566
    0.0091873399
    0.0068522944
    0.0041485211
    0.0010399402
   -0.0025149623
    0.0197689451
    0.0190296778
    0.0186243442
    0.0183995350
    0.0182448952
    0.0180794702
    0.0178424957
    0.0174871142
    0.0169758995
    0.0162777864
    0.0153657394
    0.0142149989
    0.0128016951
    0.0111015924
    0.0090890590
    0.0067358824
    0.0040102132
    0.0008755339
   -0.0027100232
    0.0189616168
    0.0184238553
    0.0181346333
    0.0179630517
    0.0178135188
    0.0176148484
    0.0173127024
    0.0168643070
    0.0162347060
    0.0153940660
    0.0143155887
    0.0129739529
    0.0113439229
    0.0093992208
    0.0071113159
    0.0044483808
    0.0013742286
   -0.0021522942
    0.0182867805
    0.0177387386
    0.0174537768
    0.0172947675
    0.0171602138
    0.0169739349
    0.0166774577
    0.0162246298
    0.0155776721
    0.0147042344
    0.0135752620
    0.0121631800
    0.0104404916
    0.0083785082
    0.0059461417
    0.0031088436
   -0.0001720692
   -0.0039393974
    0.0170557512
    0.0165929537
    0.0163715919
    0.0162588264
    0.0161526846
    0.0159747022
    0.0156635681
    0.0151701981
    0.0144538818
    0.0134793049
    0.0122142996
    0.0106280122
    0.0086893387
    0.0063656719
    0.0036218018
    0.0004193619
   -0.0032826661
    0.0150029793
    0.0148875387
    0.0148563523
    0.0148092631
    0.0146647194
    0.0143566712
    0.0138309684
    0.0130419036
    0.0119492803
    0.0105161385
    0.0087068084
    0.0064853832
    0.0038147259
    0.0006562445
   -0.0030287073
    0.0127480308
    0.0128356860
    0.0129692159
    0.0130699718
    0.0130568334
    0.0128562874
    0.0124044355
    0.0116459330
    0.0105318055
    0.0090172362
    0.0070598325
    0.0046184210
    0.0016530661
   -0.0018726087
    0.0098476917
    0.0103937881
    0.0107801454
    0.0109673551
    0.0108919577
    0.0104862630
    0.0096858024
    0.0084311625
    0.0066679126
    0.0043464446
    0.0014235854
   -0.0021316511
    0.0075145688
    0.0082130694
    0.0084935193
    0.0083095408
    0.0075919032
    0.0062675740
    0.0042693495
    0.0015438878
   -0.0019347131
    0.0045196377
    0.0054445560
    0.0055836101
    0.0048851418
    0.0032647612
    0.0006539395
   -0.0029468855
    0.0021210998
    0.0022003781
    0.0006735081
   -0.0024911239
   -0.0002086889
    0.0018762767
    0.0024897114
    0.0017002756
   -0.0028381224
    0.0006860516
    0.0032797297
    0.0049413309
    0.0057317737
    0.0057300154
    0.0049934076
   -0.0044461414
   -0.0005506017
    0.0026278335
    0.0050862304
    0.0068607230
    0.0080070408
    0.0085912379
    0.0086834493
    0.0083486346
    0.0076272825
   -0.0030256801
    0.0006534571
    0.0037113097
    0.0061745049
    0.0080828248
    0.0094826852
    0.0104250231
    0.0109653359
    0.0111643016
    0.0110873687
    0.0108009745
    0.0103606006
   -0.0010422600
    0.0023449487
    0.0051888397
    0.0075265357
    0.0093974813
    0.0108419387
    0.0119012749
    0.0126193589
    0.0130443318
    0.0132308995
    0.0132425661
    0.0131529253
    0.0130440977
    0.0129975846
   -0.0040698655
   -0.0002552541
    0.0030294618
    0.0058223488
    0.0081619022
    0.0100851400
    0.0116275327
    0.0128238757
    0.0137096096
    0.0143226366
    0.0147053910
    0.0149075350
    0.0149891947
    0.0150246982
    0.0151063183
    0.0153465792
   -0.0019899631
    0.0015333632
    0.0045751573
    0.0071755727
    0.0093715880
    0.0111970863
    0.0126836110
    0.0138614782
    0.0147611684
    0.0154148661
    0.0158583526
    0.0161333984
    0.0162909041
    0.0163949031
    0.0165279127
    0.0167977271
    0.0173451747
   -0.0038919367
   -0.0001369577
    0.0031349416
    0.0059663916
    0.0083958917
    0.0104577041
    0.0121826301
    0.0135990591
    0.0147341348
    0.0156150045
    0.0162702725
    0.0167316235
    0.0170360125
    0.0172285253
    0.0173661323
    0.0175230307
    0.0177980678
    0.0183249021
   -0.0029983782
    0.0006303976
    0.0037987608
    0.0065488675
    0.0089178386
    0.0109382576
    0.0126391365
    0.0140469729
    0.0151869242
    0.0160839793
    0.0167641407
    0.0172560675
    0.0175928395
    0.0178145466
    0.0179716336
    0.0181297171
    0.0183763595
    0.0188309959
    0.0196592320
   -0.0041164137
   -0.0003598596
    0.0029302722
    0.0057977241
    0.0082808183
    0.0104129267
    0.0122233394
    0.0137384366
    0.0149827247
    0.0159799810
    0.0167543734
    0.0173317835
    0.0177414422
    0.0180179044
    0.0182038719
    0.0183540712
    0.0185406632
    0.0188612443
    0.0194505339
   -0.0040704281
   -0.0003244365
    0.0029569886
    0.0058175636
    0.0082954778
    0.0104238839
    0.0122318305
    0.0137454414
    0.0149889434
    0.0159858382
    0.0167599757
    0.0173368764
    0.0177453303
    0.0180193917
    0.0182010916
    0.0183442255
    0.0185196659
    0.0188230963
    0.0193862690
   -0.0035622453
    0.0001223463
    0.0033440334
    0.0061458050
    0.0085652108
    0.0106349265
    0.0123837831
    0.0138378418
    0.0150215622
    0.0159589462
    0.0166746989
    0.0171956812
    0.0175526649
    0.0177824908
    0.0179311887
    0.0180580884
    0.0182417078
    0.0185880949
    0.0192426577
   -0.0032935092
    0.0003630381
    0.0035496244
    0.0063087271
    0.0086777266
    0.0106894161
    0.0123730188
    0.0137552967
    0.0148617505
    0.0157178774
    0.0163505435
    0.0167895828
    0.0170698241
    0.0172337911
    0.0173351442
    0.0174435450
    0.0176510051
    0.0180803862
   -0.0040155822
   -0.0002576233
    0.0030055887
    0.0058166850
    0.0082140669
    0.0102319427
    0.0119011476
    0.0132502750
    0.0143070127
    0.0150994610
    0.0156577865
    0.0160160686
    0.0162146893
    0.0163032579
    0.0163444278
    0.0164184648
    0.0166282443
    0.0171033940
   -0.0026477478
    0.0009377467
    0.0040184074
    0.0066344341
    0.0088230017
    0.0106181929
    0.0120519396
    0.0131552501
    0.0139596835
    0.0144991393
    0.0148119185
    0.0149430268
    0.0149469621
    0.0148903449
    0.0148536361
    0.0149294113
   -0.0041880145
   -0.0003832332
    0.0028654071
    0.0055951239
    0.0078436074
    0.0096473305
    0.0110417262
    0.0120622392
    0.0127459796
    0.0131335356
    0.0132708685
    0.0132109349
    0.0130137889
    0.0127428431
    0.0124523386
   -0.0020047825
    0.0014664599
    0.0043439346
    0.0066616340
    0.0084571381
    0.0097698281
    0.0106410438
    0.0111151541
    0.0112402949
    0.0110674147
    0.0106450231
    0.0100042749
   -0.0016234790
    0.0017258866
    0.0043867307
    0.0063868675
    0.0077651852
    0.0085670185
    0.0088412017
    0.0086348311
    0.0079801103
    0.0068650695
   -0.0010163710
    0.0020440814
    0.0042266338
    0.0055487106
    0.0060475759
    0.0057586477
    0.0046814562
   -0.0022142666
    0.0008163776
    0.0025126106
    0.0028082994
    0.0016528414
   -0.0011059371
   -0.0082648063
   -0.0092248291
   -0.0082228622
   -0.0066687646
   -0.0062018030
   -0.0070447573
   -0.0087006043
   -0.0102656452
   -0.0109237586
   -0.0103773806
   -0.0088793172
   -0.0070166892
   -0.0053980458
   -0.0043870703
   -0.0040707362
   -0.0044345196
   -0.0054614654
   -0.0070434048
   -0.0088961876
   -0.0106238731
   -0.0118569164
   -0.0123498031
   -0.0120144135
   -0.0109153519
   -0.0092478184
   -0.0073010133
   -0.0053986222
   -0.0038150177
   -0.0026988711
   -0.0020612039
   -0.0018464985
   -0.0020271956
   -0.0026379500
   -0.0037254435
   -0.0052660322
   -0.0071247744
   -0.0090816666
   -0.0108927250
   -0.0123428316
   -0.0132735287
   -0.0135912909
   -0.0132666725
   -0.0123307009
   -0.0108708697
   -0.0090265266
   -0.0069807539
   -0.0049427216
   -0.0031147461
   -0.0016474492
   -0.0006026385
    0.0000494727
    0.0003893500
    0.0004854343
    0.0003468543
   -0.0000818564
   -0.0008830302
   -0.0021081453
   -0.0037339489
   -0.0056553148
   -0.0077118286
   -0.0097263715
   -0.0115359613
   -0.0130079483
   -0.0140448845
   -0.0145837663
   -0.0145938268
   -0.0140744759
   -0.0130539512
   -0.0115887634
   -0.0097639178
   -0.0076931299
   -0.0055166890
   -0.0033928600
    0.0027771785
    0.0028865682
    0.0028797982
   -0.0051805194
   -0.0073578891
   -0.0094642121
   -0.0113786791
   -0.0130045302
   -0.0142688109
   -0.0151201123
   -0.0155261681
   -0.0154722112
   -0.0149598283
   -0.0140065015
   -0.0126456353
   -0.0109274100
   -0.0089203854
   -0.0067135886
   -0.0044173235
    0.0052926484
   -0.0044515916
   -0.0067491160
   -0.0089576914
   -0.0109825022
   -0.0127488172
   -0.0141998226
   -0.0152938026
   -0.0160017881
   -0.0163060023
   -0.0161988978
   -0.0156826700
   -0.0147690282
   -0.0134793225
   -0.0118451819
   -0.0099099139
   -0.0077307646
   -0.0053817390
   -0.0044550986
   -0.0068465596
   -0.0091033434
   -0.0111549332
   -0.0129472723
   -0.0144395662
   -0.0156015351
   -0.0164114503
   -0.0168548898
   -0.0169241431
   -0.0166177737
   -0.0159405212
   -0.0149031853
   -0.0135228772
   -0.0118235482
   -0.0098373365
   -0.0076066456
   -0.0051871709
   -0.0064425115
   -0.0087733856
   -0.0108930159
   -0.0127595160
   -0.0143414208
   -0.0156151631
   -0.0165632518
   -0.0171733271
   -0.0174376168
   -0.0173527019
   -0.0169193609
   -0.0161425163
   -0.0150312025
   -0.0135986749
   -0.0118629289
   -0.0098477096
   -0.0075843884
   -0.0051147272
   -0.0067657154
   -0.0091032027
   -0.0112120862
   -0.0130623269
   -0.0146314854
   -0.0159025622
   -0.0168627656
   -0.0175027735
   -0.0178164505
   -0.0178007610
   -0.0174556624
   -0.0167840744
   -0.0157918072
   -0.0144875765
   -0.0128831503
   -0.0109939024
   -0.0088399371
   -0.0064480441
   -0.0067440978
   -0.0091069159
   -0.0112332030
   -0.0131002552
   -0.0146911459
   -0.0159929272
   -0.0169956583
   -0.0176918711
   -0.0180763956
   -0.0181463270
   -0.0179010389
   -0.0173421306
   -0.0164733743
   -0.0153006437
   -0.0138319016
   -0.0120774403
   -0.0100504743
   -0.0077683501
   -0.0052546793
   -0.0053062917
   -0.0078120639
   -0.0100880696
   -0.0121132849
   -0.0138723940
   -0.0153538123
   -0.0165484763
   -0.0174492949
   -0.0180509436
   -0.0183498008
   -0.0183439947
   -0.0180334862
   -0.0174199664
   -0.0165068341
   -0.0152990709
   -0.0138032522
   -0.0120276200
   -0.0099826394
   -0.0076820431
   -0.0051447075
   -0.0065830789
   -0.0089889293
   -0.0111492561
   -0.0130497350
   -0.0146797341
   -0.0160309809
   -0.0170968616
   -0.0178721407
   -0.0183529234
   -0.0185367449
   -0.0184226030
   -0.0180110013
   -0.0173039419
   -0.0163047936
   -0.0150181740
   -0.0134499556
   -0.0116073870
   -0.0094996154
   -0.0071387453
   -0.0045417775
   -0.0044807316
   -0.0070807564
   -0.0094458408
   -0.0115597656
   -0.0134110667
   -0.0149911262
   -0.0162931085
   -0.0173114636
   -0.0180417467
   -0.0184806860
   -0.0186262376
   -0.0184776931
   -0.0180357218
   -0.0173022786
   -0.0162805830
   -0.0149749338
   -0.0133907182
   -0.0115344762
   -0.0094144661
   -0.0070416292
   -0.0044314943
   -0.0059337370
   -0.0084116537
   -0.0106431358
   -0.0126157473
   -0.0143204328
   -0.0157501041
   -0.0168990277
   -0.0177624998
   -0.0183368846
   -0.0186196566
   -0.0186095560
   -0.0183066181
   -0.0177122158
   -0.0168289379
   -0.0156605211
   -0.0142117442
   -0.0124884489
   -0.0104978492
   -0.0082492329
   -0.0057554029
   -0.0047569585
   -0.0073397833
   -0.0096831806
   -0.0117721187
   -0.0135958951
   -0.0151463973
   -0.0164171522
   -0.0174028378
   -0.0180992375
   -0.0185032679
   -0.0186130906
   -0.0184282278
   -0.0179495666
   -0.0171793773
   -0.0161211445
   -0.0147795326
   -0.0131603822
   -0.0112708689
   -0.0091201438
   -0.0067204992
   -0.0053388185
   -0.0078675671
   -0.0101547432
   -0.0121846174
   -0.0139457813
   -0.0154294682
   -0.0166287012
   -0.0175378382
   -0.0181525169
   -0.0184697340
   -0.0184879331
   -0.0182070662
   -0.0176286691
   -0.0167557636
   -0.0155928115
   -0.0141456694
   -0.0124217178
   -0.0104302450
   -0.0081834027
   -0.0056978508
   -0.0066921040
   -0.0090901762
   -0.0112395454
   -0.0131240397
   -0.0147315692
   -0.0160527040
   -0.0170799742
   -0.0178075748
   -0.0182313599
   -0.0183488984
   -0.0181595788
   -0.0176646629
   -0.0168672432
   -0.0157722330
   -0.0143863712
   -0.0127183644
   -0.0107793456
   -0.0085838752
   -0.0061516917
   -0.0053083381
   -0.0078166028
   -0.0100936578
   -0.0121148943
   -0.0138622067
   -0.0153217968
   -0.0164829456
   -0.0173373921
   -0.0178790923
   -0.0181042438
   -0.0180113141
   -0.0176011383
   -0.0168769225
   -0.0158442703
   -0.0145112561
   -0.0128886228
   -0.0109903642
   -0.0088348967
   -0.0064469999
   -0.0053194612
   -0.0078043348
   -0.0100674027
   -0.0120763626
   -0.0138072026
   -0.0152416824
   -0.0163658448
   -0.0171691969
   -0.0176443736
   -0.0177870894
   -0.0175961687
   -0.0170736344
   -0.0162247160
   -0.0150580109
   -0.0135857170
   -0.0118241807
   -0.0097950806
   -0.0075272549
   -0.0050595739
   -0.0056219633
   -0.0080522398
   -0.0102684565
   -0.0122289424
   -0.0139023213
   -0.0152648202
   -0.0162985309
   -0.0169904661
   -0.0173321549
   -0.0173195324
   -0.0169529720
   -0.0162374189
   -0.0151825414
   -0.0138030890
   -0.0121196116
   -0.0101597469
   -0.0079603455
   -0.0055704444
   -0.0050469125
   -0.0074712008
   -0.0097133825
   -0.0117135750
   -0.0134260508
   -0.0148161951
   -0.0158582060
   -0.0165337619
   -0.0168313473
   -0.0167460561
   -0.0162796545
   -0.0154407538
   -0.0142452704
   -0.0127171624
   -0.0108898137
   -0.0088081615
   -0.0065316702
    0.0073277637
   -0.0048472799
   -0.0072167962
   -0.0094399601
   -0.0114338825
   -0.0131339072
   -0.0144908401
   -0.0154685610
   -0.0160423598
   -0.0161981700
   -0.0159323734
   -0.0152519929
   -0.0141752610
   -0.0127325870
   -0.0109682385
   -0.0089427581
   -0.0067357798
   -0.0044479353
    0.0049359739
    0.0048638901
   -0.0037213243
   -0.0060083035
   -0.0082535048
   -0.0103331437
   -0.0121449894
   -0.0136090395
   -0.0146659278
   -0.0152750985
   -0.0154138552
   -0.0150771529
   -0.0142781230
   -0.0130491774
   -0.0114437894
   -0.0095389329
   -0.0074372777
   -0.0052669427
    0.0025050758
    0.0024788485
    0.0023183077
   -0.0027658524
   -0.0048141934
   -0.0069858174
   -0.0091107401
   -0.0110302882
   -0.0126115876
   -0.0137527540
   -0.0143838445
   -0.0144669199
   -0.0139967167
   -0.0130021958
   -0.0115487810
   -0.0097407154
   -0.0077214264
   -0.0056671326
   -0.0037670412
   -0.0021872747
   -0.0010284374
   -0.0003015973
    0.0000547974
    0.0001198079
   -0.0000707908
   -0.0005521123
   -0.0014049742
   -0.0026914543
   -0.0043914191
   -0.0063800947
   -0.0084547155
   -0.0103850275
   -0.0119582009
   -0.0130060496
   -0.0134185389
   -0.0131510847
   -0.0122302307
   -0.0107583117
   -0.0089141157
   -0.0069409097
   -0.0051090737
   -0.0036492797
   -0.0026849459
   -0.0022202829
   -0.0022085534
   -0.0026427605
   -0.0035735371
   -0.0050247605
   -0.0068845498
   -0.0088776740
   -0.0106386145
   -0.0118197855
   -0.0121780143
   -0.0116302139
   -0.0102871488
   -0.0084589519
   -0.0065990516
   -0.0051556734
   -0.0044013380
   -0.0044189091
   -0.0052361667
   -0.0068026828
   -0.0087466291
   -0.0103234359
   -0.0107644391
   -0.0097803878
   -0.0079293145
   -0.0064705494
   -0.0065357401
   -0.0083084546
   -0.0092002596
   -0.0082648063
    0.0013479124
    0.0015825555
    0.0008840784
   -0.0007002235
    0.0037048016
    0.0039792626
    0.0037102618
    0.0028893520
    0.0015034044
   -0.0004475476
   -0.0029338295
    0.0055256706
    0.0059704423
    0.0060820311
    0.0058521253
    0.0052581342
    0.0042741313
    0.0028770749
    0.0010510889
   -0.0012078256
   -0.0038843448
    0.0071105214
    0.0075897439
    0.0078703636
    0.0079519871
    0.0078154417
    0.0074341907
    0.0067803826
    0.0058276567
    0.0045523686
    0.0029343992
    0.0009581991
   -0.0013849980
   -0.0040928732
    0.0092018685
    0.0094276571
    0.0095634724
    0.0095897024
    0.0094783874
    0.0091998562
    0.0087257052
    0.0080298346
    0.0070886270
    0.0058806849
    0.0043865670
    0.0025888211
    0.0004725268
   -0.0019732500
    0.0109834176
    0.0110076536
    0.0110336590
    0.0110306654
    0.0109638427
    0.0107993417
    0.0105063338
    0.0100574483
    0.0094284520
    0.0085977147
    0.0075455770
    0.0062537427
    0.0047049219
    0.0028826082
    0.0007712572
   -0.0016428560
    0.0125080373
    0.0123788533
    0.0122938570
    0.0122086796
    0.0120831636
    0.0118823804
    0.0115763760
    0.0111394375
    0.0105492588
    0.0097861189
    0.0088320688
    0.0076703788
    0.0062849316
    0.0046598979
    0.0027795070
    0.0006281036
   -0.0018092519
    0.0137286735
    0.0134824317
    0.0133185150
    0.0131850116
    0.0130380557
    0.0128410434
    0.0125635056
    0.0121798626
    0.0116682730
    0.0110097234
    0.0101871658
    0.0091848172
    0.0079876427
    0.0065808459
    0.0049495026
    0.0030783387
    0.0009516553
   -0.0014463223
   -0.0041305948
    0.0150583726
    0.0145904944
    0.0142856769
    0.0140772849
    0.0139105279
    0.0137408141
    0.0135318793
    0.0132539870
    0.0128824658
    0.0123964469
    0.0117778357
    0.0110105088
    0.0100796095
    0.0089710017
    0.0076707939
    0.0061649684
    0.0044390094
    0.0024777606
    0.0002653618
   -0.0022144011
    0.0157513675
    0.0152195739
    0.0148682226
    0.0146260108
    0.0144359497
    0.0142525638
    0.0140393355
    0.0137666382
    0.0134100878
    0.0129491667
    0.0123662056
    0.0116455555
    0.0107728629
    0.0097345766
    0.0085174119
    0.0071080116
    0.0054925685
    0.0036565489
    0.0015845835
   -0.0007395385
   -0.0033323965
    0.0158090039
    0.0153594420
    0.0150552585
    0.0148320594
    0.0146390806
    0.0144359974
    0.0141904894
    0.0138761962
    0.0134712770
    0.0129571687
    0.0123176616
    0.0115381895
    0.0106051905
    0.0095056143
    0.0082265215
    0.0067547004
    0.0050763524
    0.0031768348
    0.0010405760
   -0.0013488763
   -0.0040082844
    0.0160251788
    0.0155362893
    0.0152058074
    0.0149663814
    0.0147651760
    0.0145604139
    0.0143187016
    0.0140129569
    0.0136207731
    0.0131232157
    0.0125038070
    0.0117477886
    0.0108415292
    0.0097719573
    0.0085261614
    0.0070910213
    0.0054528736
    0.0035972649
    0.0015087903
   -0.0008288569
   -0.0034324804
    0.0159886219
    0.0154782402
    0.0151342245
    0.0148871392
    0.0146824481
    0.0144770241
    0.0142363891
    0.0139326201
    0.0135426048
    0.0130468418
    0.0124284071
    0.0116721357
    0.0107640437
    0.0096907543
    0.0084390858
    0.0069956754
    0.0053466293
    0.0034772936
    0.0013721415
   -0.0009851560
   -0.0036112324
    0.0158722423
    0.0152996796
    0.0149180743
    0.0146524553
    0.0144434290
    0.0142438371
    0.0140159526
    0.0137292074
    0.0133584609
    0.0128825240
    0.0122831466
    0.0115441158
    0.0106505456
    0.0095883474
    0.0083437390
    0.0069028295
    0.0052513293
    0.0033742931
    0.0012560337
   -0.0011197098
   -0.0037691222
    0.0151839686
    0.0146736348
    0.0143352737
    0.0140978680
    0.0139040054
    0.0137074070
    0.0134706234
    0.0131630167
    0.0127591285
    0.0122373461
    0.0115788405
    0.0107667366
    0.0097854173
    0.0086199354
    0.0072555886
    0.0056775521
    0.0038705911
    0.0018189887
   -0.0004932754
   -0.0030818505
    0.0141467864
    0.0137509415
    0.0134895777
    0.0132992503
    0.0131268505
    0.0129285104
    0.0126679920
    0.0123151409
    0.0118444984
    0.0112340979
    0.0104644875
    0.0095179692
    0.0083778924
    0.0070281960
    0.0054529785
    0.0036362773
    0.0015620937
   -0.0007852383
   -0.0034199835
    0.0129214935
    0.0126388183
    0.0124552205
    0.0123155378
    0.0121702082
    0.0119763910
    0.0116976186
    0.0113028333
    0.0107653239
    0.0100617170
    0.0091710543
    0.0080740622
    0.0067525920
    0.0051891654
    0.0033668466
    0.0012694176
   -0.0011179060
   -0.0038066714
    0.0112940399
    0.0112041654
    0.0111410459
    0.0110618515
    0.0109240134
    0.0106884518
    0.0103203998
    0.0097892525
    0.0090679436
    0.0081321878
    0.0069598762
    0.0055305542
    0.0038252599
    0.0018267883
   -0.0004793325
   -0.0031026213
    0.0094911914
    0.0095971054
    0.0096451582
    0.0096045699
    0.0094386449
    0.0091105564
    0.0085857526
    0.0078327629
    0.0068231611
    0.0055314137
    0.0039349183
    0.0020145463
   -0.0002437027
   -0.0028453355
    0.0073068404
    0.0076936647
    0.0079163166
    0.0079672854
    0.0078187717
    0.0074350720
    0.0067792256
    0.0058163133
    0.0045151824
    0.0028500201
    0.0008027197
   -0.0016325740
    0.0053746144
    0.0058852222
    0.0060855223
    0.0059652639
    0.0054918154
    0.0046252300
    0.0033277518
    0.0015711055
   -0.0006550042
   -0.0033294440
    0.0037162528
    0.0039795694
    0.0036998646
    0.0028416254
    0.0013663344
   -0.0007379095
    0.0016403960
    0.0012331816
   -0.0001881550
   -0.0009260162
    0.0006927057
    0.0012867767
   -0.0005960446
    0.0014108074
    0.0027839003
    0.0035355970
    0.0037023826
    0.0033128704
   -0.0021026648
    0.0003531432
    0.0023455769
    0.0038677212
    0.0049382807
    0.0055902076
    0.0058624356
    0.0057911127
    0.0053967547
   -0.0022129150
    0.0002898245
    0.0024053163
    0.0041347719
    0.0054936744
    0.0065063318
    0.0072029779
    0.0076179272
    0.0077876302
    0.0077473979
    0.0075248209
    0.0071276928
   -0.0025709477
   -0.0000133956
    0.0022006759
    0.0040771341
    0.0056302723
    0.0068795217
    0.0078478718
    0.0085613383
    0.0090489044
    0.0093425665
    0.0094771788
    0.0094892581
    0.0094137497
    0.0092769971
   -0.0020527838
    0.0004407963
    0.0026198440
    0.0044957562
    0.0060840656
    0.0074026614
    0.0084711445
    0.0093107244
    0.0099444919
    0.0103980016
    0.0106999130
    0.0108826269
    0.0109827247
    0.0110405648
    0.0110983149
   -0.0020532061
    0.0004373789
    0.0026331985
    0.0045478687
    0.0061970924
    0.0075975618
    0.0087665560
    0.0097220618
    0.0104830180
    0.0110698872
    0.0115053351
    0.0118150427
    0.0120287012
    0.0121810357
    0.0123127119
    0.0124708571
    0.0127082577
   -0.0038239234
   -0.0011495476
    0.0012355811
    0.0033451121
    0.0051944713
    0.0067995877
    0.0081764037
    0.0093408544
    0.0103090396
    0.0110975699
    0.0117241155
    0.0122080067
    0.0125709962
    0.0128382634
    0.0130395095
    0.0132103532
    0.0133938140
    0.0136418141
    0.0140162109
   -0.0029956651
   -0.0004178493
    0.0018840334
    0.0039255322
    0.0057225979
    0.0072908904
    0.0086456299
    0.0098016620
    0.0107737432
    0.0115768874
    0.0122268461
    0.0127406733
    0.0131374147
    0.0134389878
    0.0136712364
    0.0138652787
    0.0140591554
    0.0142998191
    0.0146454322
    0.0151676716
   -0.0033123250
   -0.0007101928
    0.0016208243
    0.0036969087
    0.0055342153
    0.0071482786
    0.0085539276
    0.0097653840
    0.0107965109
    0.0116611649
    0.0123735869
    0.0129489001
    0.0134037042
    0.0137567913
    0.0140300442
    0.0142496044
    0.0144473064
    0.0146625269
    0.0149445755
    0.0153555221
    0.0159735484
   -0.0029181609
   -0.0003623555
    0.0019288314
    0.0039719869
    0.0057832519
    0.0073779130
    0.0087704049
    0.0099744711
    0.0110034267
    0.0118704674
    0.0125891209
    0.0131736634
    0.0136396696
    0.0140047146
    0.0142891819
    0.0145173787
    0.0147188516
    0.0149302008
    0.0151973561
    0.0155785325
    0.0161478228
   -0.0026307558
   -0.0001078422
    0.0021540996
    0.0041717721
    0.0059612415
    0.0075376139
    0.0089150906
    0.0101071535
    0.0111268165
    0.0119870062
    0.0127009115
    0.0132824834
    0.0137469095
    0.0141113158
    0.0143955918
    0.0146234157
    0.0148235785
    0.0150317747
    0.0152928059
    0.0156635241
    0.0162164596
   -0.0031994259
   -0.0006204463
    0.0016935197
    0.0037592628
    0.0055930096
    0.0072100584
    0.0086247859
    0.0098507855
    0.0109011480
    0.0117888071
    0.0125268797
    0.0131291675
    0.0136106327
    0.0139880554
    0.0142808113
    0.0145118977
    0.0147091734
    0.0149070332
    0.0151484954
    0.0154879275
    0.0159943499
   -0.0026766460
   -0.0001496179
    0.0021128081
    0.0041272428
    0.0059097186
    0.0074754178
    0.0088386709
    0.0100131343
    0.0110121074
    0.0118488666
    0.0125370854
    0.0130913073
    0.0135275592
    0.0138640360
    0.0141219630
    0.0143267737
    0.0145094446
    0.0147082777
    0.0149711579
    0.0153581414
    0.0159444388
   -0.0018327493
    0.0006084683
    0.0027849051
    0.0047128196
    0.0064080121
    0.0078855441
    0.0091598289
    0.0102448411
    0.0111544311
    0.0119027560
    0.0125047404
    0.0129766715
    0.0133368567
    0.0136065142
    0.0138107884
    0.0139800550
    0.0141514686
    0.0143708072
    0.0146944067
    0.0151909251
   -0.0041161277
   -0.0014310181
    0.0009680276
    0.0030961535
    0.0049692520
    0.0066030472
    0.0080128286
    0.0092135107
    0.0102198375
    0.0110467969
    0.0117100573
    0.0122265683
    0.0126152124
    0.0128976213
    0.0130992123
    0.0132502426
    0.0133871155
    0.0135536634
    0.0138020028
    0.0141923380
   -0.0022746802
    0.0002189228
    0.0024244144
    0.0043566655
    0.0060313386
    0.0074642443
    0.0086711935
    0.0096681465
    0.0104716319
    0.0110991735
    0.0115699607
    0.0119055914
    0.0121308583
    0.0122747014
    0.0123709874
    0.0124590467
    0.0125832685
    0.0127906283
   -0.0027030206
   -0.0001582772
    0.0020794468
    0.0040230009
    0.0056874889
    0.0070891545
    0.0082449558
    0.0091726491
    0.0098911694
    0.0104210998
    0.0107853340
    0.0110097426
    0.0111236649
    0.0111600038
    0.0111543070
    0.0111416707
   -0.0037849404
   -0.0011093354
    0.0012334889
    0.0032507529
    0.0049553002
    0.0063631662
    0.0074925009
    0.0083633124
    0.0089975739
    0.0094195617
    0.0096561221
    0.0097364548
    0.0096908703
    0.0095473879
    0.0093242979
   -0.0039796544
   -0.0012737517
    0.0010674410
    0.0030431391
    0.0046629872
    0.0059429978
    0.0069035240
    0.0075683145
    0.0079638777
    0.0081184672
    0.0080596422
    0.0078088081
    0.0073706409
   -0.0019152603
    0.0004854278
    0.0024572547
    0.0040007753
    0.0051296485
    0.0058657257
    0.0062352625
    0.0062642350
    0.0059700571
    0.0053468202
   -0.0019403367
    0.0003924020
    0.0021791876
    0.0034056726
    0.0040804019
    0.0042199280
    0.0038306907
   -0.0006047259
    0.0010695889
    0.0018779171
    0.0017796910
   -0.0005894816
   -0.0061399419
   -0.0068718424
   -0.0061231516
   -0.0049460543
   -0.0045938870
   -0.0052496658
   -0.0065095118
   -0.0076881223
   -0.0081869726
   -0.0077889765
   -0.0066793048
   -0.0052852224
   -0.0040521206
   -0.0032644403
   -0.0030175178
   -0.0033123391
   -0.0041151974
   -0.0053200877
   -0.0067110560
   -0.0080037748
   -0.0089322200
   -0.0093161403
   -0.0090886524
   -0.0082953246
   -0.0070770998
   -0.0056408447
   -0.0042155616
   -0.0029979012
   -0.0021070222
   -0.0015769798
   -0.0013933151
   -0.0015429557
   -0.0020348650
   -0.0028775681
   -0.0040379939
   -0.0054186966
   -0.0068695727
   -0.0082214271
   -0.0093196614
   -0.0100458118
   -0.0103267996
   -0.0101366758
   -0.0094948805
   -0.0084628732
   -0.0071393829
   -0.0056524644
   -0.0041459594
   -0.0027584783
   -0.0015980532
   -0.0007221452
   -0.0001350132
    0.0001932925
    0.0002956235
    0.0001817106
   -0.0001683425
   -0.0007884720
   -0.0016987836
   -0.0028814048
   -0.0042724263
   -0.0057715733
   -0.0072617013
   -0.0086279846
   -0.0097711841
   -0.0106141944
   -0.0111040917
   -0.0112119880
   -0.0109320421
   -0.0102805467
   -0.0092950735
   -0.0080337572
   -0.0065740957
   -0.0050100849
   -0.0034460610
   -0.0019858280
    0.0015631411
    0.0018682659
    0.0020127001
    0.0020185396
    0.0018779710
   -0.0036500862
   -0.0052146315
   -0.0067735870
   -0.0082390775
   -0.0095346900
   -0.0105985568
   -0.0113840019
   -0.0118589000
   -0.0120048468
   -0.0118164191
   -0.0113006217
   -0.0104767026
   -0.0093761586
   -0.0080430432
   -0.0065342377
   -0.0049190085
   -0.0032770156
    0.0037003232
    0.0037842367
    0.0037882402
   -0.0041221287
   -0.0057600848
   -0.0073376812
   -0.0087903123
   -0.0100643716
   -0.0111173582
   -0.0119170994
   -0.0124408512
   -0.0126744471
   -0.0126117443
   -0.0122542827
   -0.0116110937
   -0.0106988189
   -0.0095419679
   -0.0081735254
   -0.0066357185
   -0.0049806125
   -0.0032700580
    0.0055461883
   -0.0047358510
   -0.0064051137
   -0.0079737840
   -0.0093950971
   -0.0106313595
   -0.0116530766
   -0.0124379302
   -0.0129698728
   -0.0132385238
   -0.0132387832
   -0.0129705242
   -0.0124385598
   -0.0116526205
   -0.0106275667
   -0.0093838201
   -0.0079480139
   -0.0063539493
   -0.0046435103
   -0.0044040457
   -0.0061279694
   -0.0077469205
   -0.0092226760
   -0.0105246680
   -0.0116288706
   -0.0125167748
   -0.0131745327
   -0.0135924118
   -0.0137644278
   -0.0136881064
   -0.0133643907
   -0.0127975749
   -0.0119953667
   -0.0109690660
   -0.0097338982
   -0.0083096102
   -0.0067213084
   -0.0050005629
   -0.0038106185
   -0.0055983309
   -0.0072809902
   -0.0088258252
   -0.0102068271
   -0.0114035250
   -0.0123999667
   -0.0131839159
   -0.0137462925
   -0.0140808133
   -0.0141838215
   -0.0140541448
   -0.0136930421
   -0.0131041906
   -0.0122937282
   -0.0112703801
   -0.0100457464
   -0.0086347494
   -0.0070564050
   -0.0053347692
   -0.0056286543
   -0.0073302873
   -0.0088889038
   -0.0102836991
   -0.0114983718
   -0.0125201846
   -0.0133392491
   -0.0139480724
   -0.0143412897
   -0.0145154958
   -0.0144691536
   -0.0142025735
   -0.0137178719
   -0.0130189963
   -0.0121117554
   -0.0110039598
   -0.0097057353
   -0.0082299458
   -0.0065929598
   -0.0048156286
   -0.0053523960
   -0.0070913552
   -0.0086865124
   -0.0101202257
   -0.0113787112
   -0.0124511958
   -0.0133292083
   -0.0140062245
   -0.0144773772
   -0.0147393250
   -0.0147902388
   -0.0146297033
   -0.0142587322
   -0.0136797720
   -0.0128966746
   -0.0119147818
   -0.0107410391
   -0.0093842994
   -0.0078557770
   -0.0061697395
   -0.0043445491
   -0.0057148343
   -0.0074387408
   -0.0090120902
   -0.0104208844
   -0.0116542380
   -0.0127035710
   -0.0135621354
   -0.0142246519
   -0.0146871621
   -0.0149469361
   -0.0150024361
   -0.0148532981
   -0.0145003262
   -0.0139454640
   -0.0131918372
   -0.0122437170
   -0.0111066753
   -0.0097877371
   -0.0082957572
   -0.0066420101
   -0.0048410301
   -0.0040546161
   -0.0059105449
   -0.0076275478
   -0.0091903872
   -0.0105873840
   -0.0118094505
   -0.0128494116
   -0.0137015598
   -0.0143614170
   -0.0148255847
   -0.0150916806
   -0.0151583332
   -0.0150251777
   -0.0146928440
   -0.0141629580
   -0.0134381190
   -0.0125218986
   -0.0114189491
   -0.0101351003
   -0.0086776607
   -0.0070558905
   -0.0052817643
   -0.0051532434
   -0.0069369990
   -0.0085704070
   -0.0100418509
   -0.0113423585
   -0.0124648891
   -0.0134038174
   -0.0141546714
   -0.0147139543
   -0.0150790749
   -0.0152483438
   -0.0152209569
   -0.0149970338
   -0.0145775728
   -0.0139644503
   -0.0131604297
   -0.0121691504
   -0.0109952502
   -0.0096444844
   -0.0081240967
   -0.0064433082
   -0.0046141713
   -0.0044791282
   -0.0063179205
   -0.0080097670
   -0.0095426659
   -0.0109074576
   -0.0120969799
   -0.0131055381
   -0.0139285600
   -0.0145624253
   -0.0150043635
   -0.0152524381
   -0.0153055672
   -0.0151635169
   -0.0148268895
   -0.0142971478
   -0.0135765723
   -0.0126682869
   -0.0115762929
   -0.0103055706
   -0.0088623587
   -0.0072545277
   -0.0054922738
   -0.0050277190
   -0.0068268252
   -0.0084745121
   -0.0099598842
   -0.0112745488
   -0.0124119092
   -0.0133666999
   -0.0141346729
   -0.0147125080
   -0.0150977044
   -0.0152885954
   -0.0152843538
   -0.0150850097
   -0.0146914311
   -0.0141053370
   -0.0133292801
   -0.0123666744
   -0.0112218321
   -0.0099001463
   -0.0084083519
   -0.0067550640
   -0.0049514552
   -0.0041366798
   -0.0060009111
   -0.0077202805
   -0.0092818920
   -0.0106758995
   -0.0118946346
   -0.0129319981
   -0.0137831087
   -0.0144440849
   -0.0149119450
   -0.0151845876
   -0.0152608015
   -0.0151402417
   -0.0148234799
   -0.0143119928
   -0.0136081310
   -0.0127151716
   -0.0116373341
   -0.0103799301
   -0.0089496062
   -0.0073547955
   -0.0056063728
   -0.0048245456
   -0.0066345584
   -0.0082955436
   -0.0097947364
   -0.0111222949
   -0.0122704725
   -0.0132331165
   -0.0140053151
   -0.0145832425
   -0.0149640400
   -0.0151458641
   -0.0151278367
   -0.0149100755
   -0.0144937084
   -0.0138808613
   -0.0130746783
   -0.0120793728
   -0.0109003284
   -0.0095443263
   -0.0080199273
   -0.0063381146
   -0.0045131402
   -0.0043895064
   -0.0062242359
   -0.0079156285
   -0.0094482112
   -0.0108100245
   -0.0119916947
   -0.0129858112
   -0.0137864793
   -0.0143891245
   -0.0147903602
   -0.0149879581
   -0.0149808392
   -0.0147690871
   -0.0143539622
   -0.0137379170
   -0.0129245932
   -0.0119189592
   -0.0107273842
   -0.0093579662
   -0.0078209977
   -0.0061296504
   -0.0043009900
   -0.0039040407
   -0.0057598791
   -0.0074812440
   -0.0090486812
   -0.0104470601
   -0.0116645569
   -0.0126918217
   -0.0135214978
   -0.0141479048
   -0.0145668404
   -0.0147755564
   -0.0147726954
   -0.0145583403
   -0.0141340169
   -0.0135027006
   -0.0126688943
   -0.0116387420
   -0.0104202260
   -0.0090235639
   -0.0074617794
   -0.0057515504
   -0.0039143452
   -0.0044057212
   -0.0062127803
   -0.0078844671
   -0.0093987886
   -0.0107384714
   -0.0118899611
   -0.0128425919
   -0.0135880645
   -0.0141201439
   -0.0144344957
   -0.0145286020
   -0.0144017564
   -0.0140550877
   -0.0134915876
   -0.0127162000
   -0.0117359227
   -0.0105601017
   -0.0092008139
   -0.0076735283
   -0.0059979978
   -0.0041994223
   -0.0049598112
   -0.0067103515
   -0.0083229118
   -0.0097722154
   -0.0110382792
   -0.0121054112
   -0.0129613637
   -0.0135968507
   -0.0140052053
   -0.0141822492
   -0.0141262413
   -0.0138378399
   -0.0133202024
   -0.0125790515
   -0.0116228824
   -0.0104632715
   -0.0091153633
   -0.0075986625
   -0.0059379935
   -0.0041647313
   -0.0046522740
   -0.0063980170
   -0.0080177134
   -0.0094783747
   -0.0107537072
   -0.0118229925
   -0.0126701780
   -0.0132832481
   -0.0136538151
   -0.0137769311
   -0.0136510262
   -0.0132779166
   -0.0126629231
   -0.0118150451
   -0.0107473381
   -0.0094774149
   -0.0080282264
   -0.0064290883
   -0.0047168249
   -0.0043262114
   -0.0060571453
   -0.0076793927
   -0.0091494171
   -0.0104320163
   -0.0114992994
   -0.0123297946
   -0.0129076701
   -0.0132223118
   -0.0132680588
   -0.0130441624
   -0.0125548791
   -0.0118096534
   -0.0108235574
   -0.0096178408
   -0.0082207598
   -0.0066686590
   -0.0050069017
    0.0055878392
   -0.0047033040
   -0.0063779788
   -0.0079437672
   -0.0093467928
   -0.0105431751
   -0.0114984143
   -0.0121866363
   -0.0125899715
   -0.0126981666
   -0.0125085268
   -0.0120259881
   -0.0112634852
   -0.0102424838
   -0.0089937553
   -0.0075583555
   -0.0059884344
   -0.0043473848
    0.0038323504
    0.0037603471
   -0.0030310780
   -0.0046790054
   -0.0063115724
   -0.0078474115
   -0.0092151606
   -0.0103558644
   -0.0112234759
   -0.0117846334
   -0.0120183486
   -0.0119158780
   -0.0114809762
   -0.0107303159
   -0.0096942835
   -0.0084178578
   -0.0069612604
   -0.0053997023
   -0.0038206256
    0.0019004066
    0.0020606431
    0.0020715576
    0.0019448554
    0.0016614129
   -0.0032391916
   -0.0048080491
   -0.0063896739
   -0.0078779578
   -0.0091763327
   -0.0102044660
   -0.0109013592
   -0.0112266761
   -0.0111614784
   -0.0107089814
   -0.0098955995
   -0.0087718958
   -0.0074130168
   -0.0059170493
   -0.0043990248
   -0.0029783395
   -0.0017595832
   -0.0008121150
   -0.0001585302
    0.0002192060
    0.0003562171
    0.0002756063
   -0.0000295541
   -0.0005920012
   -0.0014450091
   -0.0025897598
   -0.0039739022
   -0.0054920239
   -0.0070050681
   -0.0083662694
   -0.0094433079
   -0.0101327267
   -0.0103682434
   -0.0101258458
   -0.0094272447
   -0.0083420263
   -0.0069865246
   -0.0055154918
   -0.0041014684
   -0.0029009270
   -0.0020185109
   -0.0014920055
   -0.0013132376
   -0.0014710607
   -0.0019781579
   -0.0028531700
   -0.0040692268
   -0.0055125719
   -0.0069864123
   -0.0082559157
   -0.0091047743
   -0.0093813531
   -0.0090299523
   -0.0081095197
   -0.0067970470
   -0.0053625679
   -0.0041021275
   -0.0032457707
   -0.0029080135
   -0.0031257589
   -0.0039055144
   -0.0051656194
   -0.0066266811
   -0.0078257153
   -0.0082980849
   -0.0078165035
   -0.0065740977
   -0.0051901812
   -0.0044143944
   -0.0047299386
   -0.0060674911
   -0.0071564555
   -0.0061448299
   -0.0061399419
    0.0008378905
    0.0002431837
   -0.0009855075
    0.0024862640
    0.0026489035
    0.0023969386
    0.0017339707
    0.0006620045
   -0.0008045971
    0.0038281088
    0.0041774125
    0.0042570670
    0.0040712000
    0.0036114958
    0.0028656685
    0.0018233892
    0.0004807280
   -0.0011555198
    0.0053530269
    0.0056259995
    0.0057263763
    0.0056540158
    0.0053984765
    0.0049449632
    0.0042779530
    0.0033834474
    0.0022504749
    0.0008724778
   -0.0007508268
   -0.0026106712
    0.0067636670
    0.0069574089
    0.0070478610
    0.0070322222
    0.0068989734
    0.0066327127
    0.0062170583
    0.0056361786
    0.0048756355
    0.0039228256
    0.0027673292
    0.0014014474
   -0.0001789506
   -0.0019729194
    0.0081676865
    0.0082394468
    0.0082641480
    0.0082332027
    0.0081319720
    0.0079435149
    0.0076506806
    0.0072371982
    0.0066880898
    0.0059898291
    0.0051303220
    0.0040988769
    0.0028862964
    0.0014851012
   -0.0001099066
   -0.0019006661
    0.0094546641
    0.0093996985
    0.0093371913
    0.0092498521
    0.0091186345
    0.0089247628
    0.0086506734
    0.0082803572
    0.0077994166
    0.0071948990
    0.0064551421
    0.0055695851
    0.0045286285
    0.0033236072
    0.0019468801
    0.0003921310
   -0.0013450273
   -0.0032660066
    0.0106655263
    0.0104893095
    0.0103508214
    0.0102284592
    0.0100998192
    0.0099435230
    0.0097400367
    0.0094718983
    0.0091236023
    0.0086814332
    0.0081331389
    0.0074677026
    0.0066750820
    0.0057459885
    0.0046717931
    0.0034444164
    0.0020564081
    0.0005011438
   -0.0012267552
   -0.0031306174
    0.0116764159
    0.0113969866
    0.0111856582
    0.0110150889
    0.0108593464
    0.0106949764
    0.0105012434
    0.0102600214
    0.0099555269
    0.0095739342
    0.0091030715
    0.0085320608
    0.0078510340
    0.0070509049
    0.0061231521
    0.0050596911
    0.0038527802
    0.0024950174
    0.0009794452
   -0.0007001538
   -0.0025487312
    0.0124636310
    0.0121099774
    0.0118448934
    0.0116365673
    0.0114565092
    0.0112798213
    0.0110850207
    0.0108536587
    0.0105698547
    0.0102198539
    0.0097916461
    0.0092745531
    0.0086589585
    0.0079360265
    0.0070975055
    0.0061355158
    0.0050424657
    0.0038109339
    0.0024336943
    0.0009037777
   -0.0007852698
   -0.0026389294
    0.0127544039
    0.0124235431
    0.0121703618
    0.0119631913
    0.0117748631
    0.0115822737
    0.0113658175
    0.0111087820
    0.0107968583
    0.0104176299
    0.0099601974
    0.0094148424
    0.0087727081
    0.0080255929
    0.0071657351
    0.0061856559
    0.0050780588
    0.0038357160
    0.0024514947
    0.0009184065
   -0.0007701760
   -0.0026201316
    0.0131154291
    0.0127586527
    0.0124861197
    0.0122649143
    0.0120672206
    0.0118696108
    0.0116523541
    0.0113987382
    0.0110945063
    0.0107273340
    0.0102864498
    0.0097622459
    0.0091460112
    0.0084296828
    0.0076056560
    0.0066665845
    0.0056052985
    0.0044146926
    0.0030876575
    0.0016171573
   -0.0000037055
   -0.0017813457
   -0.0037212340
    0.0133188643
    0.0129446529
    0.0126591308
    0.0124285340
    0.0122245176
    0.0120233579
    0.0118051304
    0.0115530298
    0.0112527326
    0.0108919079
    0.0104597761
    0.0099467434
    0.0093441377
    0.0086439289
    0.0078385533
    0.0069207329
    0.0058833363
    0.0047192982
    0.0034215542
    0.0019830473
    0.0003968183
   -0.0013437517
   -0.0032445284
    0.0135353418
    0.0131087639
    0.0127873884
    0.0125346881
    0.0123199925
    0.0121176579
    0.0119062008
    0.0116675337
    0.0113863389
    0.0110494778
    0.0106455334
    0.0101644343
    0.0095971203
    0.0089352909
    0.0081711664
    0.0072973351
    0.0063065857
    0.0051918019
    0.0039458925
    0.0025617714
    0.0010324184
   -0.0006489558
   -0.0024885253
    0.0134661827
    0.0130274586
    0.0126978005
    0.0124400402
    0.0122227848
    0.0120196946
    0.0118086613
    0.0115710761
    0.0112911267
    0.0109552902
    0.0105517886
    0.0100702525
    0.0095013659
    0.0088365970
    0.0080679702
    0.0071878895
    0.0061890037
    0.0050640618
    0.0038058764
    0.0024073098
    0.0008613550
   -0.0008386634
   -0.0026986638
    0.0132699146
    0.0128193956
    0.0124821943
    0.0122207369
    0.0120028324
    0.0118012057
    0.0115928183
    0.0113581844
    0.0110807385
    0.0107462429
    0.0103423635
    0.0098581983
    0.0092839732
    0.0086107705
    0.0078302677
    0.0069345509
    0.0059160142
    0.0047671878
    0.0034807397
    0.0020494793
    0.0004664835
   -0.0012746040
   -0.0031790437
    0.0126277796
    0.0122480512
    0.0119607908
    0.0117317486
    0.0115310971
    0.0113331946
    0.0111161712
    0.0108613389
    0.0105526420
    0.0101761991
    0.0097198106
    0.0091726306
    0.0085248293
    0.0077673496
    0.0068916824
    0.0058897159
    0.0047536323
    0.0034758411
    0.0020490408
    0.0004663766
   -0.0012782222
   -0.0031893775
    0.0117886000
    0.0114978680
    0.0112710897
    0.0110780438
    0.0108918138
    0.0106888594
    0.0104487694
    0.0101538738
    0.0097888059
    0.0093400740
    0.0087957039
    0.0081448706
    0.0073776942
    0.0064849537
    0.0054579798
    0.0042885403
    0.0029688299
    0.0014916130
   -0.0001495250
   -0.0019595830
    0.0109003298
    0.0106813056
    0.0105025690
    0.0103373338
    0.0101606357
    0.0099500072
    0.0096855192
    0.0093496362
    0.0089268822
    0.0084035136
    0.0077672269
    0.0070068262
    0.0061120642
    0.0050734514
    0.0038821913
    0.0025302764
    0.0010106705
   -0.0006821872
   -0.0025515165
    0.0099676844
    0.0098116639
    0.0096809877
    0.0095544441
    0.0094090360
    0.0092222635
    0.0089731674
    0.0086427415
    0.0082139119
    0.0076713752
    0.0070014111
    0.0061916158
    0.0052307943
    0.0041088390
    0.0028168489
    0.0013473793
   -0.0003049543
   -0.0021424442
    0.0086711397
    0.0086393829
    0.0085888933
    0.0085047714
    0.0083675155
    0.0081563540
    0.0078509733
    0.0074324018
    0.0068832824
    0.0061879436
    0.0053323890
    0.0043042585
    0.0030930100
    0.0016902452
    0.0000904919
   -0.0017074716
    0.0072853300
    0.0073638957
    0.0073684180
    0.0072875907
    0.0071037412
    0.0067967986
    0.0063466166
    0.0057341640
    0.0049422093
    0.0039557795
    0.0027626318
    0.0013540860
   -0.0002736389
   -0.0021171485
    0.0058031185
    0.0059944202
    0.0060448379
    0.0059477977
    0.0056869527
    0.0052419048
    0.0045917495
    0.0037173932
    0.0026033085
    0.0012393509
   -0.0003766510
   -0.0022350041
    0.0042759208
    0.0045454840
    0.0045821314
    0.0043803599
    0.0039224449
    0.0031868607
    0.0021546051
    0.0008147067
   -0.0008295873
   -0.0027522798
    0.0028775359
    0.0030079378
    0.0027602464
    0.0021192275
    0.0010677966
   -0.0003950950
   -0.0022341401
    0.0012796566
    0.0011019178
    0.0002694888
   -0.0012000068
   -0.0011341943
    0.0001319493
    0.0006662541
   -0.0010889449
    0.0004678891
    0.0015872323
    0.0022555713
    0.0024842238
    0.0022847878
   -0.0025550540
   -0.0006763404
    0.0009080998
    0.0021701991
    0.0031071577
    0.0037313007
    0.0040622666
    0.0041194062
    0.0039128500
   -0.0012638958
    0.0004582806
    0.0019226140
    0.0031246799
    0.0040710405
    0.0047755412
    0.0052566286
    0.0055350214
    0.0056308483
    0.0055594159
    0.0053248357
   -0.0024294789
   -0.0005590076
    0.0010927365
    0.0025193709
    0.0037231331
    0.0047121368
    0.0054986720
    0.0060981332
    0.0065283417
    0.0068087989
    0.0069596945
    0.0070001023
    0.0069448153
    0.0067991526
   -0.0035431474
   -0.0015689574
    0.0002094495
    0.0017860371
    0.0031616951
    0.0043419384
    0.0053354920
    0.0061534630
    0.0068089509
    0.0073168597
    0.0076938110
    0.0079580836
    0.0081293288
    0.0082278486
    0.0082731396
    0.0082810196
   -0.0037525367
   -0.0017689892
    0.0000294847
    0.0016405015
    0.0030665553
    0.0043133144
    0.0053885820
    0.0063017418
    0.0070634826
    0.0076857519
    0.0081818181
    0.0085664200
    0.0088559716
    0.0090686780
    0.0092245592
    0.0093451255
    0.0094524232
    0.0095670662
   -0.0021772364
   -0.0003433609
    0.0013127389
    0.0027944269
    0.0041074158
    0.0052589478
    0.0062573063
    0.0071116309
    0.0078318774
    0.0084288533
    0.0089144490
    0.0093018088
    0.0096056541
    0.0098425735
    0.0100312985
    0.0101929124
    0.0103507948
    0.0105301309
    0.0107565152
   -0.0038289736
   -0.0018566064
   -0.0000566449
    0.0015732988
    0.0030380777
    0.0043440494
    0.0054984976
    0.0065093253
    0.0073849395
    0.0081342556
    0.0087667915
    0.0092928378
    0.0097236688
    0.0100718348
    0.0103515051
    0.0105788095
    0.0107722789
    0.0109532191
    0.0111459849
    0.0113780648
    0.0116795360
   -0.0036520474
   -0.0017019077
    0.0000802035
    0.0016981608
    0.0031576325
    0.0044652550
    0.0056282626
    0.0066542359
    0.0075510415
    0.0083268643
    0.0089902905
    0.0095504704
    0.0100173115
    0.0104017460
    0.0107160446
    0.0109741395
    0.0111921149
    0.0113886272
    0.0115854689
    0.0118080415
    0.0120857523
    0.0124520827
   -0.0025270885
   -0.0006772770
    0.0010101335
    0.0025407148
    0.0039209927
    0.0051579908
    0.0062589803
    0.0072313870
    0.0080827957
    0.0088210119
    0.0094542039
    0.0099910281
    0.0104408675
    0.0108140859
    0.0111223096
    0.0113788169
    0.0115989775
    0.0118007434
    0.0120052699
    0.0122375086
    0.0125269168
    0.0129079297
   -0.0032202978
   -0.0013165785
    0.0004254434
    0.0020112949
    0.0034474390
    0.0047408079
    0.0058985252
    0.0069277961
    0.0078358859
    0.0086301713
    0.0093182453
    0.0099080638
    0.0104080893
    0.0108275463
    0.0111766614
    0.0114669945
    0.0117118003
    0.0119265135
    0.0121292610
    0.0123415493
    0.0125889372
    0.0129018569
    0.0133163065
   -0.0025444668
   -0.0006999003
    0.0009861424
    0.0025197805
    0.0039077724
    0.0051571304
    0.0062749507
    0.0072683323
    0.0081444210
    0.0089104436
    0.0095738466
    0.0101424318
    0.0106245433
    0.0110292640
    0.0113667234
    0.0116483701
    0.0118873993
    0.0120991844
    0.0123018789
    0.0125170317
    0.0127703711
    0.0130926567
    0.0135204821
   -0.0031671857
   -0.0012725074
    0.0004622577
    0.0020429882
    0.0034763437
    0.0047692742
    0.0059288551
    0.0069621382
    0.0078762026
    0.0086781724
    0.0093753272
    0.0099752445
    0.0104859699
    0.0109161954
    0.0112755315
    0.0115748057
    0.0118263840
    0.0120446520
    0.0122464935
    0.0124519419
    0.0126848575
    0.0129737749
    0.0133527079
   -0.0038471463
   -0.0018969275
   -0.0001089728
    0.0015221454
    0.0030028418
    0.0043400017
    0.0055406592
    0.0066119097
    0.0075608389
    0.0083945976
    0.0091204600
    0.0097459714
    0.0102790992
    0.0107284297
    0.0111034133
    0.0114146202
    0.0116741282
    0.0118959061
    0.0120962805
    0.0122945755
    0.0125137249
    0.0127810309
    0.0131289123
    0.0135954936
   -0.0032705787
   -0.0013658299
    0.0003763883
    0.0019616613
    0.0033964747
    0.0046877467
    0.0058425827
    0.0068681448
    0.0077716531
    0.0085604676
    0.0092421382
    0.0098246113
    0.0103163552
    0.0107266227
    0.0110656841
    0.0113451626
    0.0115784195
    0.0117809703
    0.0119710413
    0.0121701040
    0.0124035454
    0.0127012257
    0.0130978822
   -0.0021931620
   -0.0003775331
    0.0012754916
    0.0027718041
    0.0041180581
    0.0053213134
    0.0063888165
    0.0073279596
    0.0081463066
    0.0088516853
    0.0094523093
    0.0099569860
    0.0103752888
    0.0107179010
    0.0109968511
    0.0112259378
    0.0114211338
    0.0116010633
    0.0117874941
    0.0120057721
    0.0122851144
    0.0126584835
   -0.0032654849
   -0.0013539763
    0.0003882747
    0.0019657984
    0.0033845702
    0.0046513777
    0.0057734648
    0.0067583839
    0.0076139904
    0.0083484537
    0.0089704252
    0.0094891933
    0.0099149000
    0.0102588256
    0.0105336925
    0.0107539966
    0.0109364384
    0.0111002452
    0.0112674912
    0.0114632378
    0.0117151568
   -0.0033640875
   -0.0014387660
    0.0003117469
    0.0018908674
    0.0033039934
    0.0045577153
    0.0056593970
    0.0066169375
    0.0074387434
    0.0081337608
    0.0087116156
    0.0091828181
    0.0095589785
    0.0098531150
    0.0100799149
    0.0102560579
    0.0104004203
    0.0105340838
    0.0106800235
    0.0108620086
   -0.0032965602
   -0.0013711650
    0.0003722401
    0.0019356015
    0.0033235785
    0.0045425850
    0.0056002146
    0.0065049503
    0.0072661091
    0.0078938676
    0.0083994007
    0.0087950980
    0.0090947459
    0.0093137660
    0.0094692920
    0.0095800884
    0.0096660328
    0.0097468156
    0.0098393788
   -0.0019946129
   -0.0001896662
    0.0014226686
    0.0028447279
    0.0040818480
    0.0051414029
    0.0060323143
    0.0067648488
    0.0073505300
    0.0078022537
    0.0081343246
    0.0083625070
    0.0085038613
    0.0085761393
    0.0085965123
    0.0085789979
    0.0085300183
   -0.0023764173
   -0.0005320365
    0.0011041072
    0.0025308066
    0.0037517457
    0.0047740304
    0.0056073001
    0.0062632754
    0.0067554913
    0.0070990650
    0.0073103390
    0.0074060198
    0.0074015693
    0.0073081343
    0.0071274448
   -0.0016159999
    0.0001359053
    0.0016529179
    0.0029326898
    0.0039795125
    0.0048023416
    0.0054135599
    0.0058279966
    0.0060617152
    0.0061301880
    0.0060450302
    0.0058086640
   -0.0027677740
   -0.0008825277
    0.0007382940
    0.0020780157
    0.0031334463
    0.0039104529
    0.0044205859
    0.0046778766
    0.0046945275
    0.0044744377
   -0.0013060513
    0.0003213545
    0.0015912922
    0.0024879732
    0.0030109424
    0.0031652854
    0.0029499604
   -0.0006357524
    0.0006319088
    0.0013393064
    0.0014512835
