           1           2   1.0276381134410764     
           2           3   1.2136825852676763     
           3           4  0.95186315681339417     
           2           5  0.98208669988871600     
           2           6  0.17582674253824221     
           3           6   1.6825670130361456     
           1           7   1.3877696741857843     
           1           8  0.10388665662181158     
           7           9   1.4486880496902683     
           8           9   1.4359796379212364     
           7          10  0.10857134093598930     
           8          10   1.4348864285565486     
           1          11   1.3866200336128964     
           9          11  0.10870214703594031     
          10          11   1.4483298115204388     
           5          12  0.97268931435019734     
           5          13  0.98383589958337481     
           5          14  0.97581379044103056     
           4          15   1.0391869951344115     
           4          16  0.95464200553585121     
           4          17  0.95601480343594369     
           7          18  0.96821032445902921     
           9          19  0.97036800715659810     
          10          20  0.97030432317285564     
          11          21  0.96491935467455603     
          15          22  0.95785575293883030     
           8          23  0.97096443851884917     
          15          24  0.96308374846977141     
