1 10 2
2 3 -1 -5
3 4 2
4 9 8
5 13 2
6 3 7
7 3 6
8 -20 -21
9 4 8
10 1 2
11 1 12
12 1 11
13 5 2
14 5 15
15 5 14
16 10 1
17 10 1
18 13 5
19 13 5
20 8 21
21 8 20
22 10 1
23 13 5

A
1 1.619640845
2 1.184660182
3 1.619640845
4 2.06451177
5 1.619640845
6 0.480338826
7 0.480338826
8 1.243281028
9 0.913766949
10 1.414989451
11 0.480338826
12 0.480338826
13 1.414989451
14 0.480338826
15 0.480338826
16 0.480338826
17 0.480338826
18 0.480338826
19 0.480338826
20 0.457302014
21 0.457302014
22 0.480338826
23 0.480338826

2
N
Y
