[28] 7.258095900000001 0.7658520900000028 0.029542897711507976 1.644214719999999 
[58] 2.083292119999996 0.7302314900000013 0.02469467814080417 6.73756194 
[88] 4.423150970000002 1.70660642 0.003596823662519455 3.9065822900000002 
[118] 8.466301520000002 0.633506440000005 0.02940101211424917 0.0 
[148] 7.448186239999998 0.0 0.021168898092582822 0.36668266000000216 
[178] 2.7049198400000023 1.1050042600000012 0.017857582308351994 6.3291730300000015 
[208] 1.6732817400000002 0.29207832000000167 0.023342609289102256 6.264837590000002 
[238] 3.7437855299999967 1.077412940000002 0.0 5.365572950000001 
[268] 1.6924306100000024 0.32140363000000605 0.030120738432742655 6.50844847 
[298] 0.0 0.9377310100000003 0.021129728294909 8.99296797 
[328] 3.3329866300000006 0.9377525200000036 0.02802162733860314 5.035416620000001 
[358] 8.388791740000002 0.7318557300000066 0.023114031529985368 0.1696470200000011 
