[29] 5.6214635999999985 1.8543711700000003 0.003286315710283816 0.6117928700000013 
[59] 2.7756261199999983 1.3865661500000002 0.0 3.018515370000001 
[89] 0.0 0.2644550300000006 0.012988993199542165 4.649167100000001 
[119] 0.6203899799999988 0.09965764000000377 0.08688358997460455 3.8642163200000024 
[149] 0.9087054600000002 0.6638366100000042 0.0049377885879948735 4.132821400000003 
[179] 0.954159709999999 1.8540635000000023 0.004122603219002485 5.271724430000002 
[209] 1.6127673599999994 1.4694034999999985 0.0135876884451136 4.233313660000001 
[239] 2.078690909999999 1.482178730000001 0.009410777478478849 3.7752180300000022 
[269] 1.530516630000001 1.7749813400000036 0.016708240727894008 4.627872040000002 
[299] 1.5655606300000002 0.3576668899999973 0.008679796475917101 3.1538775800000014 
[329] 3.554284129999999 0.0 0.015979846473783255 0.8194997900000027 
[359] 5.2235009099999985 0.8412825099999992 0.0011920505203306675 0.0 
