[8] 8.725167859999999 2.60322928 2.4776880253339186 0.06294388000000062 
[38] 3.3641576099999995 0.1989730999999999 0.48036622325889766 3.0411237100000004 
[68] 0.5166529899999999 0.3587004499999997 0.5019410793320276 6.143582710000001 
[98] 0.0 0.45306215000000005 0.6163744061486796 6.618082500000002 
[128] 1.291609919999999 0.021579960000000398 0.0 4.852433960000001 
[158] 5.69042948 0.5461114199999999 1.3207572352257557 1.0781182100000022 
[188] 8.68060756 2.4796499699999996 2.430296224541962 0.0 
[218] 3.1278564099999997 0.18347703999999965 0.3989513247506693 3.086448510000001 
[248] 0.41408408999999935 0.37432652000000033 0.6082412721007131 6.213644020000002 
[278] 0.026585349999999508 0.43883041000000045 0.533225383318495 6.612721740000001 
[308] 1.4663021699999996 0.0 0.021417004754766822 4.808512370000002 
[338] 5.816985259999999 0.6114922500000004 1.4036517981439829 0.991747740000001 
