           1           2   1.2329362139354356     
           2           3   1.0315208819863968     
           3           4   1.3824114305504314     
           2           5  0.99527592158709111     
           3           6   1.3818347860696292     
           4           7  0.10898656236832732     
           6           7   1.4488010068449451     
           3           8  0.10074216327104658     
           7           8   1.4350863146436730     
           4           9   1.4493833508727554     
           6           9  0.10804223736179902     
           8           9   1.4350990179246728     
           6          10  0.96692466204356564     
           4          11  0.96544760233692106     
           1          12   1.7381914305790840     
           2          12  0.19233210281441865     
           5          13  0.97934658139093811     
           5          14  0.97726896459469281     
           5          15  0.97766250949547340     
           7          16  0.97092786248790286     
           9          17  0.97045653900089679     
           8          18  0.97118106939604654     
           1          19  0.91969976677738452     
