[2.0] 0.16789999999999994 1.0307 1.1372825300641125 0.8644000000000001 
[32.0] 0.0786 0.4952 0.5325309170875698 0.417 
[62.0] 0.0 0.0 0.0 0.0 
[92.0] 0.0786 0.4952 0.5325861379387788 0.417 
[122.0] 0.16789999999999994 1.0307 1.137198443786474 0.8644000000000001 
[152.0] 0.10699999999999998 0.6117 0.8002559627348091 0.5051000000000001 
[182.0] 0.04249999999999998 0.14629999999999999 0.3563450747751631 0.10360000000000003 
[212.0] 0.1329999999999999 0.5945999999999999 0.7977660050382838 0.46190000000000003 
[242.0] 0.21909999999999996 1.0554000000000001 1.2476294481311925 0.8379000000000001 
[272.0] 0.1331 0.5945999999999999 0.7976492882735329 0.46190000000000003 
[302.0] 0.04249999999999998 0.14629999999999999 0.3570196474902332 0.10360000000000003 
[332.0] 0.10699999999999998 0.6117 0.8021453938417835 0.5051000000000001 
