[3] 1.3540459200000008 3.2330337462500003 3.270476161313127 1.8317626200000001 
[33] 0.6140346200000018 1.384551656249999 1.4602644728001906 0.7005762 
[63] 0.003883550000001179 0.05794782624999928 0.0 0.006514290000000006 
[93] 0.7820808900000031 1.84833497625 1.7864313620520988 0.9918378000000001 
[123] 1.353135420000001 3.23014516625 3.269229128040024 1.8291961499999998 
[153] 0.6204477800000028 1.3981343062499991 1.4250057832541643 0.70855111 
[183] 0.0017000700000018298 0.052490206249997895 0.004876687802607194 0.0028083600000000097 
[213] 0.7621835600000004 1.8008845162499998 1.7881392183480784 0.9663440400000001 
[243] 1.3549111600000003 3.2362256462499976 3.269746099031181 1.8336051899999999 
[273] 0.6406016300000026 1.446439806249997 1.4276238931925036 0.7379080100000001 
[303] 0.0 0.0485351562499996 0.00795854622265324 0.0 
[333] 0.7590931000000012 1.7942772762499988 1.8209224070014898 0.96017905 
