           1           2  0.97384749511913538     
           2           3  0.95354035850391383     
           3           4  0.91513636334054149     
           2           5  0.97235541822742788     
           2           6  0.97726872620162175     
           3           7  0.95845563686261093     
           3           8  0.95855027221414146     
           7           9  0.97334947127643401     
           7          10  0.97448495939830782     
           8          11  0.97363245484367811     
           8          12  0.97390388343020584     
           7          13  0.97384354603928680     
           8          14  0.97426511988538489     
