1 12 7
2 5 3
3 -4 -6
4 21 18
5 2 3
6 22 19
7 10 9
8 23 11
9 32 11
10 24 8
11 33 9
12 -13 -14
13 25 15
14 26 16
15 27 17
16 28 17
17 -15 -16
18 30 20
19 31 20
20 -18 -19
21 4 18
22 6 19
23 8 11
24 10 8
25 13 15
26 14 16
27 15 17
28 16 17
29 17 0
30 18 20
31 19 20
32 9 11
33 11 9
34 20 0

A
1 1.414989451
2 1.184660182
3 2.06451177
4 2.06451177
5 0.457302014
6 2.06451177
7 2.06451177
8 1.243281028
9 2.06451177
10 2.06451177
11 2.06451177
12 2.06451177
13 2.06451177
14 2.06451177
15 2.06451177
16 2.06451177
17 2.06451177
18 2.06451177
19 2.06451177
20 2.06451177
21 0.431753012
22 0.431753012
23 0.457302014
24 0.913766949
25 0.431753012
26 0.431753012
27 0.431753012
28 0.431753012
29 0.431753012
30 0.431753012
31 0.431753012
32 0.431753012
33 0.431753012
34 0.431753012

2
N
Y
