   -0.0051777209
   -0.0072256577
   -0.0002456123
   -0.0005653395
   -0.0043751499
   -0.0092259921
   -0.0119878619
   -0.0113363769
   -0.0075554093
   -0.0123344288
   -0.0153138683
   -0.0160152062
   -0.0144657902
   -0.0062728661
   -0.0117019676
   -0.0159114881
   -0.0185190477
   -0.0193573985
   -0.0184462655
   -0.0159804129
   -0.0079945972
   -0.0133721484
   -0.0175983699
   -0.0204790718
   -0.0219114633
   -0.0218757084
   -0.0204434682
   -0.0177873770
   -0.0096583905
   -0.0149013365
   -0.0190629890
   -0.0220424699
   -0.0237764537
   -0.0242396208
   -0.0234553711
   -0.0215099920
   -0.0185648662
   -0.0086344031
   -0.0141233350
   -0.0186320987
   -0.0220989353
   -0.0244761890
   -0.0257302106
   -0.0258497032
   -0.0248574164
   -0.0228225243
   -0.0198732337
   -0.0086232212
   -0.0141203696
   -0.0187001882
   -0.0223289438
   -0.0249736024
   -0.0266033429
   -0.0271969341
   -0.0267525030
   -0.0252973340
   -0.0228978080
   -0.0196693249
   -0.0079000649
   -0.0134603532
   -0.0181630453
   -0.0219893121
   -0.0249148105
   -0.0269107720
   -0.0279503024
   -0.0280164920
   -0.0271107293
   -0.0252599154
   -0.0225228547
   -0.0189947794
   -0.0108650007
   -0.0159284288
   -0.0201838576
   -0.0236137447
   -0.0261923166
   -0.0278892357
   -0.0286763189
   -0.0285346100
   -0.0274608963
   -0.0254727358
   -0.0226103525
   -0.0189326177
   -0.0106478842
   -0.0156588304
   -0.0199199888
   -0.0234114090
   -0.0261053069
   -0.0279682807
   -0.0289669740
   -0.0290742058
   -0.0282749112
   -0.0265698780
   -0.0239762972
   -0.0205196985
   -0.0064625932
   -0.0118766238
   -0.0166223031
   -0.0206717124
   -0.0239953273
   -0.0265578961
   -0.0283200851
   -0.0292435170
   -0.0292961808
   -0.0284573934
   -0.0267206980
   -0.0240917838
   -0.0205750856
   -0.0085479846
   -0.0135704883
   -0.0179887564
   -0.0217578237
   -0.0248344167
   -0.0271725895
   -0.0287251751
   -0.0294481464
   -0.0293055925
   -0.0282740180
   -0.0263438443
   -0.0235143307
   -0.0197719861
   -0.0102053373
   -0.0148853856
   -0.0190282493
   -0.0225669860
   -0.0254413296
   -0.0275923763
   -0.0289632353
   -0.0295030010
   -0.0291714523
   -0.0279431666
   -0.0258079052
   -0.0227628721
   -0.0187838634
   -0.0106204759
   -0.0150677302
   -0.0190726164
   -0.0225365257
   -0.0253758922
   -0.0275141225
   -0.0288804795
   -0.0294131318
   -0.0290641435
   -0.0278038537
   -0.0256225242
   -0.0225231477
   -0.0184947677
   -0.0090318922
   -0.0132973559
   -0.0173152590
   -0.0209297807
   -0.0240154937
   -0.0264648400
   -0.0281820334
   -0.0290834150
   -0.0291018794
   -0.0281929364
   -0.0263396281
   -0.0235524568
   -0.0198576105
   -0.0088317215
   -0.0126765881
   -0.0164861191
   -0.0200498764
   -0.0231897559
   -0.0257539408
   -0.0276106098
   -0.0286469013
   -0.0287734825
   -0.0279327315
   -0.0261072942
   -0.0233255619
   -0.0196598070
   -0.0010489560
   -0.0031594596
   -0.0056120027
   -0.0085057911
   -0.0117794562
   -0.0152570208
   -0.0187101195
   -0.0219063251
   -0.0246318082
   -0.0266974094
   -0.0279410395
   -0.0282347292
   -0.0274969473
   -0.0257080716
   -0.0229246653
   -0.0192912556
   -0.0044325058
   -0.0068299844
   -0.0094185765
   -0.0123142607
   -0.0154711093
   -0.0187100206
   -0.0217769445
   -0.0243979594
   -0.0263138683
   -0.0273023071
   -0.0272001937
   -0.0259321217
   -0.0235418036
   -0.0202216812
   -0.0093395134
   -0.0120710185
   -0.0150269919
   -0.0181341604
   -0.0211561442
   -0.0237475846
   -0.0255347683
   -0.0261907527
   -0.0255082580
   -0.0234773183
   -0.0203547412
   -0.0119997650
   -0.0149035782
   -0.0180248327
   -0.0210412058
   -0.0234180037
   -0.0245364803
   -0.0239408990
   -0.0216240462
   -0.0160339554
   -0.0193085622
   -0.0219093445
   -0.0222755185
   -0.0197681922
   -0.0161704024
   -0.0196536969
   -0.0187707217
   -0.0046111475
   -0.0069185009
   -0.0069180367
   -0.0108370624
   -0.0081897295
   -0.0053904432
   -0.0146279029
   -0.0110493836
   -0.0076864529
   -0.0048026603
   -0.0024135792
   -0.0165479420
   -0.0122029144
   -0.0084749683
   -0.0054362878
   -0.0030094903
   -0.0010612801
    0.0005527452
    0.0177416502
   -0.0182079940
   -0.0132717773
   -0.0091967309
   -0.0059426259
   -0.0033855979
   -0.0013849905
    0.0001959166
    0.0014882019
    0.0026125277
    0.0135470825
    0.0158930011
    0.0190567769
   -0.0165951068
   -0.0116935552
   -0.0077619841
   -0.0046589713
    0.0030187183
    0.0038288383
    0.0046212523
    0.0054154141
    0.0115500701
    0.0133510338
    0.0158248255
    0.0191767699
   -0.0137667297
   -0.0091852985
    0.0044290936
    0.0049852634
    0.0055678742
    0.0061538810
    0.0066977167
    0.0071541516
    0.0083434527
    0.0087812738
    0.0094880255
    0.0105447183
    0.0120428353
    0.0140992510
    0.0168841621
    0.0206728063
   -0.0170698339
    0.0054435721
    0.0058210562
    0.0062395975
    0.0066503186
    0.0070055001
    0.0072762089
    0.0074605047
    0.0075833467
    0.0076903900
    0.0078386547
    0.0080876228
    0.0084943442
    0.0091144200
    0.0100082288
    0.0112498999
    0.0129380365
    0.0152123097
    0.0182864351
    0.0060489085
    0.0062866510
    0.0065774081
    0.0068651838
    0.0071100756
    0.0072993711
    0.0074482838
    0.0075929847
    0.0077792700
    0.0158574786
    0.0189094677
    0.0064378706
    0.0066226103
    0.0068434558
    0.0070600430
    0.0072621633
    0.0074675416
    0.0077108751
    0.0177733543
    0.0064563478
    0.0065855064
    0.0067851324
    0.0070237554
    0.0073024942
    0.0062785340
    0.0064021580
    0.0066402477
    0.0069747574
    0.0059172040
    0.0060434521
    0.0063446408
    0.0054471116
    0.0057160028
    0.0047553366
    0.0049891994
    0.0040460752
    0.0044739293
   -0.0158649954
    0.0030436392
    0.0034779239
   -0.0087107415
   -0.0149413105
   -0.0104995860
    0.0017015146
    0.0021936511
   -0.0098779584
   -0.0144774789
   -0.0164463064
   -0.0131827744
   -0.0094521865
   -0.0060068009
   -0.0001023041
    0.0007488393
    0.0015594301
   -0.0074810490
   -0.0111148031
   -0.0129073561
   -0.0122600925
   -0.0097955792
   -0.0067113454
   -0.0039547187
   -0.0019338207
   -0.0005515893
   -0.0075247958
   -0.0087855652
   -0.0074219704
   -0.0047917474
   -0.0024508283
   -0.0008696433
   -0.0044811724
   -0.0053353936
   -0.0026338556
   -0.0032126108
    0.0084462863
    0.0089713839
    0.0097374718
    0.0108158396
    0.0123314734
    0.0078655215
    0.0080712504
    0.0084128278
    0.0088951017
    0.0095413850
    0.0103994885
    0.0115509145
    0.0131268578
    0.0153386900
    0.0076125089
    0.0076785106
    0.0078551694
    0.0081281414
    0.0084906810
    0.0089467112
    0.0095136776
    0.0102259796
    0.0111396996
    0.0123399770
    0.0139533102
    0.0161694369
    0.0073416707
    0.0074483591
    0.0076393435
    0.0078990252
    0.0082160478
    0.0085854417
    0.0090103709
    0.0095036563
    0.0100890906
    0.0108026437
    0.0116929992
    0.0128202875
    0.0142492286
    0.0160261641
    0.0069316812
    0.0071033963
    0.0073372347
    0.0076175718
    0.0079314079
    0.0082694278
    0.0086272186
    0.0090060870
    0.0094131908
    0.0098607024
    0.0103629808
    0.0109298361
    0.0115513812
    0.0121649920
    0.0125838491
    0.0063224765
    0.0065771938
    0.0068774292
    0.0072054971
    0.0075474634
    0.0078917028
    0.0082292973
    0.0085545237
    0.0088645895
    0.0091580541
    0.0094310110
    0.0096690071
    0.0098311167
    0.0098193876
    0.0094224552
    0.0082195303
    0.0057766260
    0.0061662560
    0.0065709525
    0.0069733599
    0.0073598081
    0.0077182717
    0.0080381164
    0.0083097095
    0.0085227340
    0.0086622574
    0.0087007619
    0.0085832897
    0.0082016010
    0.0073522271
    0.0056789467
    0.0026256396
    0.0050345421
    0.0055521106
    0.0060596852
    0.0065377381
    0.0069708556
    0.0073445043
    0.0076438938
    0.0078524659
    0.0079485885
    0.0078986554
    0.0076445679
    0.0070831720
    0.0060370456
    0.0042250896
    0.0012675716
   -0.0031897761
    0.0037983226
    0.0044764737
    0.0051256824
    0.0057224360
    0.0062471820
    0.0066808762
    0.0070025756
    0.0071870102
    0.0071999732
    0.0069894734
    0.0064709644
    0.0055075991
    0.0038957191
    0.0013889882
   -0.0021712875
    0.0032337082
    0.0040790554
    0.0048303972
    0.0054673193
    0.0059634000
    0.0062860439
    0.0063928445
    0.0062239926
    0.0056896469
    0.0046563120
    0.0029525795
    0.0004457795
   -0.0027452065
   -0.0059653950
    0.0013242520
    0.0025334546
    0.0035571526
    0.0043989529
    0.0050252714
    0.0053811328
    0.0053900561
    0.0049454720
    0.0039061177
    0.0021387062
   -0.0003022069
   -0.0028532361
   -0.0044274494
   -0.0009237262
    0.0007973444
    0.0022297966
    0.0033520883
    0.0040927359
    0.0043151069
    0.0038300442
    0.0024582513
    0.0003412389
   -0.0014849813
   -0.0016148718
   -0.0001893658
    0.0015690799
    0.0028257094
    0.0028867943
    0.0012114425
    0.0004356048
    0.0013922518
    0.0060526495
    0.0055442191
    0.0064274588
    0.0071221562
    0.0070400109
    0.0059750477
    0.0045146385
    0.0038756095
    0.0043249515
    0.0052974801
    0.0063117258
    0.0071525326
    0.0077617576
    0.0081212856
    0.0081337083
    0.0075570086
    0.0061733834
    0.0042383797
    0.0025960658
    0.0019545806
    0.0023017455
    0.0032084177
    0.0042963978
    0.0053583801
    0.0062999398
    0.0070868637
    0.0077231958
    0.0082374310
    0.0086607785
    0.0089902063
    0.0091356663
    0.0088725685
    0.0078746015
    0.0059429642
    0.0033754556
    0.0010155474
   -0.0003240320
   -0.0004493732
    0.0002854849
    0.0014195896
    0.0026468603
    0.0038231235
    0.0048913408
    0.0058289728
    0.0066286961
    0.0072960687
    0.0078510267
    0.0083270908
    0.0087661082
    0.0092069035
    0.0096646062
    0.0100963623
    0.0103525720
    0.0101324058
    0.0090123835
    0.0066667278
    0.0032751628
   -0.0002771052
   -0.0028571536
   -0.0038574342
   -0.0034578211
   -0.0022448916
   -0.0007478840
    0.0007371520
    0.0020992808
    0.0033163668
    0.0043927310
    0.0053345534
    0.0061459237
    0.0068326519
    0.0074070661
    0.0078911354
    0.0083173009
    0.0087271983
    0.0091681040
    0.0096858239
    0.0103110101
    0.0110339424
    0.0117611243
    0.0122507516
    0.0120497892
    0.0105299582
    0.0072001256
    0.0022924248
   -0.0043805960
   -0.0023462498
   -0.0005528589
    0.0009856857
    0.0023095205
    0.0034604867
    0.0044666686
    0.0053428752
    0.0060964310
    0.0067338659
    0.0072662035
    0.0077121570
    0.0080994889
    0.0084652183
    0.0088550944
    0.0093221738
    0.0099236745
    0.0107138508
    0.0117289712
    0.0129569131
    0.0142783249
    0.0153637410
    0.0002778556
    0.0016741591
    0.0028644317
    0.0038975261
    0.0047995816
    0.0055820639
    0.0062501123
    0.0068095364
    0.0072715016
    0.0076548898
    0.0079872833
    0.0083052335
    0.0086545266
    0.0090906042
    0.0096788326
    0.0104938455
    0.0116160975
    0.0131222611
    0.0150611349
    0.0173952234
    0.0024893210
    0.0035256031
    0.0044304001
    0.0052214873
    0.0059033959
    0.0064773799
    0.0069483849
    0.0073287564
    0.0076395618
    0.0079108638
    0.0081818502
    0.0085015083
    0.0089301447
    0.0095418265
    0.0104275136
    0.0116984799
    0.0134894588
    0.0050051714
    0.0056838030
    0.0062637515
    0.0067407702
    0.0071189341
    0.0074127997
    0.0076473369
    0.0078572467
    0.0080868400
    0.0083911008
    0.0088384730
    0.0095156530
    0.0105348339
    0.0066830860
    0.0070596450
    0.0073411769
    0.0075456418
    0.0077039308
    0.0078577204
    0.0080587656
    0.0083704225
   -0.0021988760
   -0.0004082011
    0.0009652858
    0.0020548209
   -0.0044659419
   -0.0021049286
   -0.0003104998
    0.0010611218
    0.0021204972
    0.0029662678
    0.0036994237
   -0.0107389406
   -0.0067729709
   -0.0038165255
   -0.0015715027
    0.0001488094
    0.0014699966
    0.0024860213
    0.0032769137
    0.0039200754
    0.0044978826
    0.0051027886
   -0.0098622813
   -0.0061134142
   -0.0032860611
   -0.0011178061
    0.0005569235
    0.0018498474
    0.0028437587
    0.0036074586
    0.0042052531
    0.0047033639
    0.0051742339
    0.0056986987
   -0.0149745322
   -0.0098915792
   -0.0061267807
   -0.0032665834
   -0.0010586117
    0.0006571450
    0.0019883142
    0.0030133426
    0.0037954490
    0.0043914708
    0.0048578686
    0.0052548495
    0.0056489217
    0.0061134145
   -0.0168769596
   -0.0113140020
   -0.0071949252
   -0.0040648168
   -0.0016441726
    0.0002435624
    0.0017153063
    0.0028537733
    0.0037226588
    0.0043761915
    0.0048654293
    0.0052426490
    0.0055643255
    0.0058926718
    0.0062951447
   -0.0149120348
   -0.0099019557
   -0.0061288736
   -0.0032265918
   -0.0009653035
    0.0008036550
    0.0021812624
    0.0032408735
    0.0040404893
    0.0046306720
    0.0050598337
    0.0053779305
    0.0056388139
    0.0059012368
    0.0062280772
   -0.0155486594
   -0.0104139428
   -0.0065256803
   -0.0035254095
   -0.0011841006
    0.0006478621
    0.0020725642
    0.0031641282
    0.0039809720
    0.0045736791
    0.0049902421
    0.0052796810
    0.0054942419
    0.0056903069
    0.0059281440
   -0.0133299921
   -0.0087784053
   -0.0052760961
   -0.0025492508
   -0.0004170574
    0.0012427062
    0.0025168036
    0.0034713337
    0.0041613464
    0.0046372010
    0.0049488085
    0.0051482939
    0.0052913154
    0.0054377682
   -0.0143043322
   -0.0095922242
   -0.0059288207
   -0.0030660175
   -0.0008293605
    0.0009031646
    0.0022201114
    0.0031902527
    0.0038719808
    0.0043196716
    0.0045878166
    0.0047334764
    0.0048178187
    0.0049096878
   -0.0138253074
   -0.0093467418
   -0.0057793756
   -0.0029658522
   -0.0007723297
    0.0009051644
    0.0021483417
    0.0030256774
    0.0035998039
    0.0039326791
    0.0040888345
    0.0041377709
    0.0041599372
   -0.0130593866
   -0.0089752937
   -0.0055615007
   -0.0028224376
   -0.0006960681
    0.0008914442
    0.0020124704
    0.0027383688
    0.0031428597
    0.0033048935
    0.0033114171
   -0.0095603219
   -0.0062643623
   -0.0034346150
   -0.0012030222
    0.0004271105
    0.0015064230
    0.0021135015
    0.0023464185
    0.0023186252
   -0.0060947668
   -0.0034065326
   -0.0012238469
    0.0002547374
    0.0010332375
    0.0012211254
   -0.0041431043
   -0.0018086778
   -0.0003636335
   -0.0025939692
    0.0062524614
    0.0036962166
    0.0068209638
    0.0101595317
    0.0105413072
    0.0080247983
    0.0035654414
   -0.0008092457
    0.0100477395
    0.0127751439
    0.0140907880
    0.0140672019
    0.0126544182
    0.0098410823
    0.0057438326
    0.0007304301
   -0.0043851826
    0.0153695452
    0.0165070521
    0.0169771083
    0.0166764028
    0.0155198716
    0.0134406950
    0.0103951850
    0.0063799457
    0.0014722916
   -0.0040863403
    0.0179923490
    0.0187516473
    0.0190917983
    0.0189116225
    0.0181404374
    0.0167172634
    0.0145854394
    0.0116923808
    0.0079932282
    0.0034620381
   -0.0018804914
    0.0198581252
    0.0204325906
    0.0206671428
    0.0204954630
    0.0198667434
    0.0187331232
    0.0170464985
    0.0147570540
    0.0118124004
    0.0081575286
    0.0037377292
   -0.0014909881
    0.0209524562
    0.0214868148
    0.0217272582
    0.0216324203
    0.0211655665
    0.0202888750
    0.0189625315
    0.0171440819
    0.0147872658
    0.0118404766
    0.0082450342
    0.0039342604
   -0.0011642548
    0.0212274550
    0.0218615642
    0.0222347760
    0.0223246219
    0.0221069321
    0.0215525503
    0.0206286687
    0.0192996273
    0.0175266358
    0.0152667631
    0.0124710643
    0.0090823148
    0.0050321262
    0.0002390213
   -0.0053903891
    0.0213149579
    0.0219580844
    0.0223430320
    0.0224671771
    0.0223157736
    0.0218647713
    0.0210848234
    0.0199433174
    0.0184047981
    0.0164302434
    0.0139756776
    0.0109898602
    0.0074113924
    0.0031650700
   -0.0018415330
    0.0211977232
    0.0217612075
    0.0220778936
    0.0221504420
    0.0219646906
    0.0214960669
    0.0207147170
    0.0195876912
    0.0180794793
    0.0161513202
    0.0137596494
    0.0108539020
    0.0073733862
    0.0032433635
   -0.0016295467
    0.0207972643
    0.0211999901
    0.0213873690
    0.0213470796
    0.0210553145
    0.0204813021
    0.0195907555
    0.0183473272
    0.0167124509
    0.0146440461
    0.0120947840
    0.0090093216
    0.0053206358
    0.0009455530
   -0.0042203414
    0.0199775483
    0.0201697857
    0.0201852241
    0.0199813966
    0.0195177480
    0.0187530192
    0.0176454225
    0.0161520994
    0.0142278741
    0.0118231236
    0.0088810732
    0.0053340396
    0.0010988382
   -0.0039286527
    0.0185819323
    0.0185538921
    0.0183685275
    0.0179496014
    0.0172373038
    0.0161773988
    0.0147174286
    0.0128040459
    0.0103801129
    0.0073812196
    0.0037313805
   -0.0006622381
   -0.0059149294
    0.0164924719
    0.0162563608
    0.0158421816
    0.0151433419
    0.0140801496
    0.0125822681
    0.0105814672
    0.0080065182
    0.0047781935
    0.0008036368
   -0.0040297545
    0.0136753197
    0.0132465681
    0.0125739585
    0.0115191001
    0.0099774333
    0.0078548106
    0.0050565097
    0.0014793142
   -0.0029959456
    0.0101998884
    0.0096312022
    0.0087250949
    0.0072900779
    0.0051804557
    0.0022618217
   -0.0016048371
   -0.0065724575
    0.0056475828
    0.0047873529
    0.0032375033
    0.0007694325
   -0.0028195733
   -0.0015388813
   -0.0027172310
   -0.0041148668
    0.0002841414
   -0.0023434554
   -0.0055887300
   -0.0074457692
   -0.0070274176
   -0.0045890960
   -0.0077765493
   -0.0098224082
   -0.0103773203
   -0.0094294779
   -0.0072247100
   -0.0101493856
   -0.0120783567
   -0.0128624234
   -0.0124860533
   -0.0110503964
   -0.0077062979
   -0.0108322193
   -0.0131590278
   -0.0145743160
   -0.0150322204
   -0.0145500303
   -0.0132071792
   -0.0071784965
   -0.0105829259
   -0.0133253005
   -0.0153154964
   -0.0165006705
   -0.0168620579
   -0.0164168074
   -0.0152215264
   -0.0133745528
   -0.0071903543
   -0.0106982962
   -0.0136114602
   -0.0158655033
   -0.0174176151
   -0.0182438479
   -0.0183405859
   -0.0177281683
   -0.0164554762
   -0.0146044559
   -0.0058688744
   -0.0096085004
   -0.0128188588
   -0.0154480716
   -0.0174587403
   -0.0188242291
   -0.0195288579
   -0.0195703031
   -0.0189631581
   -0.0177431761
   -0.0159719822
   -0.0092131266
   -0.0125303341
   -0.0153142806
   -0.0175352725
   -0.0191696753
   -0.0201997694
   -0.0206155152
   -0.0204173759
   -0.0196194486
   -0.0182530754
   -0.0163709809
   -0.0082118115
   -0.0116752373
   -0.0146480180
   -0.0171047715
   -0.0190238526
   -0.0203865666
   -0.0211782924
   -0.0213905473
   -0.0210235118
   -0.0200885961
   -0.0186111496
   -0.0166332113
   -0.0090309226
   -0.0123766764
   -0.0152564562
   -0.0176486188
   -0.0195334676
   -0.0208928574
   -0.0217112883
   -0.0219778212
   -0.0216881037
   -0.0208463944
   -0.0194672973
   -0.0175769503
   -0.0152135041
   -0.0069215992
   -0.0104817051
   -0.0136190565
   -0.0163101960
   -0.0185344547
   -0.0202721707
   -0.0215047667
   -0.0222160326
   -0.0223937527
   -0.0220314751
   -0.0211299831
   -0.0196980398
   -0.0177520813
   -0.0153135097
   -0.0081900912
   -0.0115615468
   -0.0145314199
   -0.0170752123
   -0.0191707591
   -0.0207967984
   -0.0219332461
   -0.0225623398
   -0.0226701846
   -0.0222480825
   -0.0212936333
   -0.0198106868
   -0.0178074206
   -0.0152904223
   -0.0081784315
   -0.0114918017
   -0.0144356292
   -0.0169805198
   -0.0191005359
   -0.0207712497
   -0.0219696635
   -0.0226750406
   -0.0228701761
   -0.0225427225
   -0.0216860030
   -0.0202988102
   -0.0183830291
   -0.0159368794
   -0.0060458515
   -0.0094684139
   -0.0125846981
   -0.0153521676
   -0.0177362573
   -0.0197063584
   -0.0212342430
   -0.0222938286
   -0.0228620482
   -0.0229200818
   -0.0224544211
   -0.0214573743
   -0.0199261865
   -0.0178591510
   -0.0152456163
   -0.0078215054
   -0.0110007966
   -0.0138944151
   -0.0164534169
   -0.0186369732
   -0.0204089865
   -0.0217367049
   -0.0225907436
   -0.0229460143
   -0.0227828445
   -0.0220879688
   -0.0208545527
   -0.0190802313
   -0.0167610189
   -0.0088730609
   -0.0118660926
   -0.0146033710
   -0.0170254836
   -0.0190824922
   -0.0207307167
   -0.0219313094
   -0.0226503464
   -0.0228597685
   -0.0225386081
   -0.0216739905
   -0.0202609881
   -0.0183001321
   -0.0157901572
   -0.0083506078
   -0.0112457876
   -0.0139570592
   -0.0164052254
   -0.0185239588
   -0.0202561849
   -0.0215520958
   -0.0223686871
   -0.0226705862
   -0.0224314543
   -0.0216355206
   -0.0202782557
   -0.0183653562
   -0.0159081237
   -0.0055415383
   -0.0082681893
   -0.0110000564
   -0.0136236414
   -0.0160391103
   -0.0181603690
   -0.0199131492
   -0.0212331548
   -0.0220657612
   -0.0223668572
   -0.0221049198
   -0.0212632831
   -0.0198418616
   -0.0178578361
   -0.0153441917
    0.0019066021
   -0.0051045057
   -0.0074926687
   -0.0100108817
   -0.0125405194
   -0.0149608203
   -0.0171591354
   -0.0190346702
   -0.0204992793
   -0.0214777918
   -0.0219096312
   -0.0217515937
   -0.0209816723
   -0.0196028682
   -0.0176468486
   -0.0151773520
   -0.0017770458
   -0.0034286934
   -0.0052827521
   -0.0073667212
   -0.0096412507
   -0.0120140842
   -0.0143617352
   -0.0165503030
   -0.0184497316
   -0.0199417062
   -0.0209244748
   -0.0213173566
   -0.0210665460
   -0.0201521130
   -0.0185956469
   -0.0164683500
   -0.0046969658
   -0.0065205589
   -0.0085257280
   -0.0107008907
   -0.0129661796
   -0.0151890809
   -0.0172097570
   -0.0188646268
   -0.0200040285
   -0.0205060810
   -0.0202902523
   -0.0193320338
   -0.0176783851
   -0.0154623488
   -0.0074726030
   -0.0094615223
   -0.0116115690
   -0.0138283657
   -0.0159419976
   -0.0177346521
   -0.0189813579
   -0.0194907087
   -0.0191435181
   -0.0179308594
   -0.0159872119
   -0.0088682951
   -0.0108989184
   -0.0131105241
   -0.0152735436
   -0.0170554388
   -0.0180836589
   -0.0180641961
   -0.0169159860
   -0.0148797162
   -0.0113397215
   -0.0136022703
   -0.0156678161
   -0.0166682315
   -0.0159383363
   -0.0134796987
   -0.0149189173
   -0.0137220122
   -0.0075419594
   -0.0063024068
   -0.0094992140
   -0.0074535830
   -0.0053533532
   -0.0033917428
   -0.0103701419
   -0.0078797620
   -0.0055989577
   -0.0036015429
   -0.0018849549
   -0.0120451320
   -0.0091961043
   -0.0066739250
   -0.0045146938
   -0.0026971748
   -0.0011723868
    0.0001197490
   -0.0136181291
   -0.0104193540
   -0.0076396462
   -0.0052875222
   -0.0033288196
   -0.0017112823
   -0.0003757871
    0.0007391348
    0.0016937791
    0.0025420087
    0.0127903347
    0.0146483708
   -0.0132036224
   -0.0099128042
   -0.0071136010
   -0.0047739971
    0.0026301156
    0.0032923646
    0.0039140413
    0.0110296268
    0.0124886836
    0.0143610314
   -0.0121974982
   -0.0089262540
    0.0035219914
    0.0040203999
    0.0045016276
    0.0049669853
    0.0054060866
    0.0083704116
    0.0090476427
    0.0099504604
    0.0111309379
    0.0126534133
    0.0146032009
   -0.0121114113
    0.0045200236
    0.0048883727
    0.0052504679
    0.0055922454
    0.0058994426
    0.0061633128
    0.0063839605
    0.0065712772
    0.0067439615
    0.0069272443
    0.0071502595
    0.0074438762
    0.0078397184
    0.0083706060
    0.0090723062
    0.0099862370
    0.0111631949
    0.0126687918
    0.0145920727
    0.0047581712
    0.0050286549
    0.0053097212
    0.0055864428
    0.0058438568
    0.0060727727
    0.0062727812
    0.0064526994
    0.0066289780
    0.0068229530
    0.0070579109
    0.0119951676
    0.0136405230
    0.0157416354
    0.0051665012
    0.0053781163
    0.0056014214
    0.0058210934
    0.0060283157
    0.0062232482
    0.0064146394
    0.0066173673
    0.0149637833
    0.0052029249
    0.0053511280
    0.0055322501
    0.0057301546
    0.0059349967
    0.0061458073
    0.0063697567
    0.0052036723
    0.0053246115
    0.0054926839
    0.0056939799
    0.0059222017
    0.0061795577
    0.0050968407
    0.0052276615
    0.0054195274
    0.0056634405
    0.0048702846
    0.0050277590
    0.0052650957
    0.0044887409
    0.0046426477
    0.0048980749
    0.0041750736
    0.0044555200
    0.0035185924
    0.0037812429
   -0.0128920958
    0.0030317197
   -0.0132363748
    0.0019726213
    0.0023670937
   -0.0064056646
   -0.0134609596
   -0.0105708387
   -0.0077201231
    0.0010701588
    0.0016058009
   -0.0063853416
   -0.0096303830
   -0.0137012649
   -0.0123059086
   -0.0100727538
   -0.0075536052
   -0.0051705798
   -0.0005510442
    0.0002690167
   -0.0073442339
   -0.0095566200
   -0.0104493163
   -0.0098226436
   -0.0080785558
   -0.0058885044
   -0.0038176375
   -0.0021592494
   -0.0009370533
   -0.0000223902
   -0.0068326841
   -0.0075404096
   -0.0065523765
   -0.0046327924
   -0.0027402122
   -0.0013427367
   -0.0044362785
   -0.0050568701
   -0.0032604214
   -0.0030330231
    0.0076375660
    0.0080544037
    0.0086323469
    0.0094124692
    0.0104593834
    0.0069462748
    0.0071136457
    0.0073713998
    0.0077276136
    0.0081979007
    0.0088084724
    0.0096002570
    0.0106352628
    0.0120073041
    0.0066413154
    0.0067444102
    0.0069140066
    0.0071502738
    0.0074569527
    0.0078430009
    0.0083244008
    0.0089263773
    0.0096865514
    0.0106597613
    0.0119260353
    0.0136045540
    0.0063490811
    0.0064063662
    0.0065179041
    0.0066801791
    0.0068908970
    0.0071500890
    0.0074611891
    0.0078320549
    0.0082760955
    0.0088136208
    0.0094735524
    0.0102958290
    0.0113348631
    0.0126646634
    0.0143862547
    0.0060939975
    0.0062038854
    0.0063541453
    0.0065404343
    0.0067596983
    0.0070108060
    0.0072952038
    0.0076175027
    0.0079859989
    0.0084131115
    0.0089156547
    0.0095147649
    0.0102350280
    0.0111018301
    0.0121344874
    0.0057378082
    0.0058751950
    0.0060438508
    0.0062380963
    0.0064534933
    0.0066868914
    0.0069367690
    0.0072035600
    0.0074898098
    0.0078001243
    0.0081406659
    0.0085179110
    0.0089360368
    0.0093917404
    0.0098641580
    0.0102954265
    0.0053086256
    0.0054881545
    0.0056908585
    0.0059094509
    0.0061384273
    0.0063733949
    0.0066110268
    0.0068491352
    0.0070866099
    0.0073230435
    0.0075577342
    0.0077877715
    0.0080043973
    0.0081865227
    0.0082893525
    0.0082248635
    0.0078294360
    0.0047549857
    0.0049846895
    0.0052318950
    0.0054865829
    0.0057418079
    0.0059919753
    0.0062322222
    0.0064582317
    0.0066659576
    0.0068510183
    0.0070073857
    0.0071249849
    0.0071854553
    0.0071549782
    0.0069727230
    0.0065329533
    0.0056598642
    0.0040788560
    0.0042487952
    0.0045541846
    0.0048622697
    0.0051632641
    0.0054498529
    0.0057156308
    0.0059543759
    0.0061595858
    0.0063237844
    0.0064371497
    0.0064850882
    0.0064440123
    0.0062745464
    0.0059112488
    0.0052484481
    0.0041242385
    0.0023113678
   -0.0004625923
    0.0034175706
    0.0038148361
    0.0042012292
    0.0045675971
    0.0049059201
    0.0052085657
    0.0054674747
    0.0056734664
    0.0058152230
    0.0058774702
    0.0058378150
    0.0056615382
    0.0052938314
    0.0046497810
    0.0036047551
    0.0019939146
   -0.0003598862
   -0.0035609556
    0.0028570377
    0.0033668056
    0.0038317229
    0.0042480742
    0.0046084566
    0.0049030023
    0.0051190611
    0.0052399966
    0.0052427189
    0.0050934316
    0.0047412794
    0.0041106096
    0.0030958392
    0.0015696687
   -0.0005750265
   -0.0033270584
    0.0019624684
    0.0026361738
    0.0032157772
    0.0037078691
    0.0041060854
    0.0043960841
    0.0045562693
    0.0045557339
    0.0043497917
    0.0038738981
    0.0030398590
    0.0017459734
   -0.0000761866
   -0.0023565577
   -0.0047531880
    0.0008803125
    0.0017919370
    0.0025307893
    0.0031168918
    0.0035425016
    0.0037803011
    0.0037852593
    0.0034917963
    0.0028124123
    0.0016552505
   -0.0000037072
   -0.0019699630
   -0.0037060803
   -0.0045219851
   -0.0013156150
    0.0000800322
    0.0012146020
    0.0020835243
    0.0026774292
    0.0029449387
    0.0027923065
    0.0020987545
    0.0007972294
   -0.0008834721
   -0.0021698423
   -0.0022191208
   -0.0011316688
    0.0002790883
    0.0014169518
    0.0019673031
    0.0016052777
    0.0002185208
   -0.0007138011
    0.0005712783
    0.0004634779
    0.0045686768
    0.0041642315
    0.0048571057
    0.0054264569
    0.0053717745
    0.0045513118
    0.0034357116
    0.0029132428
    0.0032172927
    0.0039578780
    0.0047621860
    0.0054519621
    0.0059673641
    0.0062731501
    0.0062803423
    0.0058231086
    0.0047856323
    0.0033651123
    0.0021178302
    0.0015403395
    0.0016938016
    0.0023210489
    0.0031401048
    0.0039722472
    0.0047311337
    0.0053850554
    0.0059322330
    0.0063851341
    0.0067538110
    0.0070227810
    0.0071224881
    0.0069100959
    0.0061985159
    0.0048813457
    0.0031182025
    0.0013790306
    0.0001901581
   -0.0002023108
    0.0000961194
    0.0008143103
    0.0017060415
    0.0026180653
    0.0034746895
    0.0042446980
    0.0049189774
    0.0055005099
    0.0060008897
    0.0064383194
    0.0068341405
    0.0072062800
    0.0075581713
    0.0078618482
    0.0080361848
    0.0079288499
    0.0073270802
    0.0060384278
    0.0040538146
    0.0016906979
   -0.0004734090
   -0.0019044253
   -0.0023942906
   -0.0020827815
   -0.0012728055
   -0.0002455956
    0.0008165003
    0.0018223681
    0.0027370645
    0.0035523776
    0.0042704239
    0.0048971378
    0.0054410820
    0.0059141907
    0.0063325481
    0.0067163475
    0.0070885228
    0.0074717780
    0.0078831405
    0.0083247373
    0.0087691195
    0.0091381820
    0.0092791031
    0.0089534601
    0.0078772598
    0.0058562452
    0.0029928599
   -0.0002023211
   -0.0029809667
   -0.0047376138
   -0.0052875601
   -0.0048442107
   -0.0037958657
   -0.0024962278
   -0.0011748495
    0.0000557332
    0.0011577892
    0.0021300660
    0.0029842418
    0.0037337435
    0.0043900657
    0.0049628777
    0.0054616918
    0.0058976844
    0.0062850329
    0.0066415627
    0.0069886936
    0.0073507567
    0.0077533511
    0.0082203206
    0.0087682150
    0.0093965190
    0.0100712238
    0.0106991896
    0.0110942474
    0.0109499522
   -0.0026072451
   -0.0011316437
    0.0001407826
    0.0012330145
    0.0021748696
    0.0029929614
    0.0037075834
    0.0043330782
    0.0048798153
    0.0053566421
    0.0057730465
    0.0061407454
    0.0064745993
    0.0067930560
    0.0071182333
    0.0074757637
    0.0078942291
    0.0084039255
    0.0090342508
    0.0098084932
    0.0107337623
    0.0117823487
    0.0128585499
   -0.0005371099
    0.0006564061
    0.0016622819
    0.0025223187
    0.0032672671
    0.0039179898
    0.0044879595
    0.0049862929
    0.0054206534
    0.0057994577
    0.0061333680
    0.0064361303
    0.0067250092
    0.0070210592
    0.0073493330
    0.0077391174
    0.0082240983
    0.0088422277
    0.0096347608
    0.0106435519
    0.0119046170
    0.0134336391
    0.0021369187
    0.0029088878
    0.0035782956
    0.0041645853
    0.0046790411
    0.0051287229
    0.0055197304
    0.0058594535
    0.0061579028
    0.0064283806
    0.0066878117
    0.0069569954
    0.0072609855
    0.0076296821
    0.0080987374
    0.0087107134
    0.0095163765
    0.0105759812
    0.0119600823
    0.0137484796
    0.0038090461
    0.0043427859
    0.0048136731
    0.0052261689
    0.0055840658
    0.0058930533
    0.0061620239
    0.0064035793
    0.0066341940
    0.0068743422
    0.0071488272
    0.0074875675
    0.0079268802
    0.0085114686
    0.0092971913
    0.0103549169
    0.0052461691
    0.0055868847
    0.0058801967
    0.0061318019
    0.0063520579
    0.0065558405
    0.0067623200
    0.0069949555
    0.0072820099
    0.0076578065
    0.0081649337
    0.0064717132
    0.0066478030
    0.0068319363
   -0.0021215703
   -0.0007345039
    0.0003912609
    0.0013307335
   -0.0066272757
   -0.0043320363
   -0.0025234644
   -0.0010816408
    0.0000803996
    0.0010302658
    0.0018253445
    0.0025189728
    0.0031646354
   -0.0094193730
   -0.0065297545
   -0.0042746676
   -0.0024886077
   -0.0010585762
    0.0000959724
    0.0010361032
    0.0018118040
    0.0024675410
    0.0030459673
    0.0035902679
   -0.0095411773
   -0.0066473158
   -0.0043780282
   -0.0025722670
   -0.0011205831
    0.0000544185
    0.0010104345
    0.0017934639
    0.0024430516
    0.0029958111
    0.0034877765
    0.0039557614
    0.0044377374
   -0.0109303441
   -0.0077478725
   -0.0052556601
   -0.0032728204
   -0.0016774781
   -0.0003848253
    0.0006667234
    0.0015243969
    0.0022268716
    0.0028081602
    0.0033002612
    0.0037349263
    0.0041446993
    0.0045631015
   -0.0109534352
   -0.0077863173
   -0.0052925349
   -0.0032994216
   -0.0016898629
   -0.0003820230
    0.0006835729
    0.0015523129
    0.0022609958
    0.0028414943
    0.0033233199
    0.0037353349
    0.0041068988
    0.0044683063
    0.0048504799
   -0.0141716086
   -0.0103099331
   -0.0072971167
   -0.0049059303
   -0.0029833961
   -0.0014243876
   -0.0001545256
    0.0008808356
    0.0017238146
    0.0024088156
    0.0029657907
    0.0034225072
    0.0038061436
    0.0041442767
    0.0044653525
    0.0047984992
    0.0051725339
   -0.0133315126
   -0.0096842315
   -0.0068126184
   -0.0045179923
   -0.0026645398
   -0.0011575954
    0.0000707166
    0.0010709372
    0.0018825266
    0.0025381194
    0.0030664447
    0.0034943662
    0.0038482782
    0.0041550059
    0.0044421781
    0.0047380526
    0.0050708360
   -0.0132552604
   -0.0096481457
   -0.0067918127
   -0.0045010110
   -0.0026470365
   -0.0011391088
    0.0000885246
    0.0010852071
    0.0018897825
    0.0025346096
    0.0030483461
    0.0034578985
    0.0037897767
    0.0040708759
    0.0043288727
    0.0045921471
    0.0048897203
   -0.0147399137
   -0.0108487898
   -0.0077604567
   -0.0052830104
   -0.0032796646
   -0.0016526588
   -0.0003308975
    0.0007389108
    0.0015984895
    0.0022823044
    0.0028206191
    0.0032416117
    0.0035728165
    0.0038420533
    0.0040778943
    0.0043099408
    0.0045697200
   -0.0144872185
   -0.0106988419
   -0.0076581266
   -0.0052040377
   -0.0032152755
   -0.0016019931
   -0.0002970799
    0.0007509755
    0.0015834595
    0.0022353763
    0.0027382335
    0.0031220158
    0.0034164842
    0.0036519690
    0.0038600189
    0.0040747466
   -0.0136424352
   -0.0100927541
   -0.0071936392
   -0.0048329966
   -0.0029153980
   -0.0013648191
   -0.0001213792
    0.0008631148
    0.0016291808
    0.0022128808
    0.0026481525
    0.0029684270
    0.0032076924
    0.0034014925
    0.0035891110
   -0.0134414083
   -0.0100640801
   -0.0072165726
   -0.0048622260
   -0.0029414125
   -0.0013945288
   -0.0001684749
    0.0007832768
    0.0015027346
    0.0020295791
    0.0024029350
    0.0026626100
    0.0028502460
    0.0030118854
   -0.0087428321
   -0.0061774914
   -0.0040215450
   -0.0022655548
   -0.0008753278
    0.0001911414
    0.0009782351
    0.0015317591
    0.0018992213
    0.0021300779
    0.0022761955
   -0.0076363685
   -0.0053179505
   -0.0033231101
   -0.0017145574
   -0.0004894793
    0.0003861190
    0.0009623242
    0.0012979322
    0.0014540594
   -0.0057559387
   -0.0037350437
   -0.0020347963
   -0.0007785027
    0.0000272881
    0.0004328445
   -0.0046243883
   -0.0027677369
   -0.0013302196
   -0.0006371202
   -0.0018823694
    0.0045636642
    0.0029206965
    0.0051073773
    0.0072896047
    0.0073832462
    0.0055206495
    0.0025027465
   -0.0002132705
    0.0092285374
    0.0100292820
    0.0098743130
    0.0087577222
    0.0067107446
    0.0038740608
    0.0005724435
   -0.0026030022
    0.0118493704
    0.0121018323
    0.0118174077
    0.0109444353
    0.0094486168
    0.0073215068
    0.0045945885
    0.0013649140
   -0.0021628559
    0.0134946189
    0.0137296575
    0.0136280154
    0.0131350002
    0.0122090844
    0.0108176189
    0.0089368596
    0.0065553194
    0.0036813400
    0.0003576827
   -0.0033131386
    0.0147084768
    0.0149758853
    0.0150189448
    0.0147859206
    0.0142395768
    0.0133486788
    0.0120852550
    0.0104240171
    0.0083429239
    0.0058252497
    0.0028640057
   -0.0005293109
   -0.0043085287
    0.0156886577
    0.0159430075
    0.0160141954
    0.0158640422
    0.0154641582
    0.0147893632
    0.0138155888
    0.0125192325
    0.0108769454
    0.0088656252
    0.0064630978
    0.0036496872
    0.0004119468
   -0.0032497330
    0.0163177662
    0.0165956527
    0.0167106725
    0.0166376490
    0.0163561163
    0.0158463093
    0.0150881247
    0.0140610062
    0.0127437990
    0.0111145316
    0.0091501883
    0.0068267174
    0.0041193475
    0.0010040230
   -0.0025390644
    0.0168489098
    0.0170728893
    0.0171327153
    0.0170162050
    0.0167091473
    0.0161953781
    0.0154573811
    0.0144766836
    0.0132337969
    0.0117080682
    0.0098773705
    0.0077176408
    0.0052026657
    0.0023041018
   -0.0010075381
   -0.0047599259
    0.0168841558
    0.0171653690
    0.0172880820
    0.0172501871
    0.0170431952
    0.0166543473
    0.0160684261
    0.0152687243
    0.0142374241
    0.0129555743
    0.0114028909
    0.0095572614
    0.0073942503
    0.0048865399
    0.0020035340
   -0.0012884654
   -0.0050247256
    0.0170034708
    0.0171698404
    0.0171849347
    0.0170456416
    0.0167419546
    0.0162600700
    0.0155841668
    0.0146971266
    0.0135808569
    0.0122160664
    0.0105818914
    0.0086554211
    0.0064109863
    0.0038194527
    0.0008475988
   -0.0025419703
    0.0165624630
    0.0167781971
    0.0168504971
    0.0167819227
    0.0165650345
    0.0161868552
    0.0156315788
    0.0148820031
    0.0139199046
    0.0127262147
    0.0112806077
    0.0095610916
    0.0075432907
    0.0051997470
    0.0024989937
   -0.0005951638
   -0.0041238668
    0.0162399994
    0.0162562655
    0.0161462237
    0.0158967475
    0.0154910072
    0.0149104047
    0.0141355005
    0.0131462982
    0.0119221317
    0.0104411819
    0.0086799240
    0.0066123687
    0.0042091572
    0.0014366159
   -0.0017441082
   -0.0053772710
    0.0154690851
    0.0154511440
    0.0153439811
    0.0151205315
    0.0147562811
    0.0142274201
    0.0135105653
    0.0125826145
    0.0114203801
    0.0100000043
    0.0082962317
    0.0062815876
    0.0039253616
    0.0011925796
   -0.0019569680
   -0.0055691783
    0.0144305951
    0.0142517134
    0.0139910454
    0.0136046502
    0.0130577078
    0.0123194967
    0.0113614103
    0.0101556874
    0.0086744303
    0.0068885267
    0.0047665335
    0.0022735510
   -0.0006299587
   -0.0039890519
    0.0128963774
    0.0125644508
    0.0121275990
    0.0115314325
    0.0107333052
    0.0096960207
    0.0083848310
    0.0067655334
    0.0048028786
    0.0024590331
   -0.0003077405
   -0.0035441242
    0.0109248777
    0.0104415565
    0.0098111902
    0.0089691319
    0.0078638222
    0.0064495220
    0.0046826011
    0.0025189832
   -0.0000878412
   -0.0031881741
    0.0087162752
    0.0081165096
    0.0073323039
    0.0062786192
    0.0048883713
    0.0031020681
    0.0008627591
   -0.0018869712
   -0.0052062465
    0.0059699777
    0.0052160831
    0.0041757238
    0.0027450756
    0.0008387607
   -0.0016204802
   -0.0047056914
    0.0029158485
    0.0020554293
    0.0007522673
   -0.0011277195
   -0.0036967595
    0.0007224519
   -0.0011547871
   -0.0034189802
   -0.0047140654
   -0.0044259291
   -0.0027953655
   -0.0050088030
   -0.0064546015
   -0.0068781804
   -0.0062549726
   -0.0045846955
   -0.0066605179
   -0.0080837697
   -0.0087324209
   -0.0085788390
   -0.0076768358
   -0.0046207492
   -0.0069004942
   -0.0086866620
   -0.0098777234
   -0.0104220280
   -0.0103140685
   -0.0095909890
   -0.0059945577
   -0.0081888508
   -0.0099268673
   -0.0111468124
   -0.0118147414
   -0.0119229345
   -0.0114896667
   -0.0105588075
   -0.0046055325
   -0.0071009897
   -0.0092366177
   -0.0109519591
   -0.0122057796
   -0.0129735123
   -0.0132465795
   -0.0130329704
   -0.0123583574
   -0.0112670157
   -0.0065258654
   -0.0088394398
   -0.0107880148
   -0.0123348298
   -0.0134544417
   -0.0141316413
   -0.0143616222
   -0.0141509673
   -0.0135190906
   -0.0124997768
   -0.0052536154
   -0.0077712336
   -0.0099720858
   -0.0118216586
   -0.0132943236
   -0.0143715916
   -0.0150416625
   -0.0152998229
   -0.0151495020
   -0.0146035288
   -0.0136857161
   -0.0124325980
   -0.0072257551
   -0.0095400780
   -0.0115348409
   -0.0131869831
   -0.0144787200
   -0.0153968395
   -0.0159327960
   -0.0160834133
   -0.0158518298
   -0.0152487139
   -0.0142936014
   -0.0130164873
   -0.0061660803
   -0.0086180492
   -0.0107806086
   -0.0126315982
   -0.0141533712
   -0.0153317089
   -0.0161555774
   -0.0166174527
   -0.0167140292
   -0.0164470087
   -0.0158241516
   -0.0148602505
   -0.0135783663
   -0.0120112870
   -0.0061051915
   -0.0085621085
   -0.0107468548
   -0.0126392291
   -0.0142227526
   -0.0154836215
   -0.0164103887
   -0.0169941520
   -0.0172291338
   -0.0171133196
   -0.0166491789
   -0.0158444002
   -0.0147125941
   -0.0132739631
   -0.0060695926
   -0.0085174316
   -0.0107094258
   -0.0126260382
   -0.0142511292
   -0.0155708024
   -0.0165730749
   -0.0172479712
   -0.0175879240
   -0.0175883355
   -0.0172481412
   -0.0165702950
   -0.0155621478
   -0.0142355636
   -0.0126067156
   -0.0076263712
   -0.0099035112
   -0.0119279087
   -0.0136818486
   -0.0151500932
   -0.0163192457
   -0.0171775531
   -0.0177151818
   -0.0179246162
   -0.0178010963
   -0.0173430735
   -0.0165524332
   -0.0154344090
   -0.0139970262
   -0.0074247212
   -0.0096991305
   -0.0117384439
   -0.0135231832
   -0.0150366576
   -0.0162640823
   -0.0171923509
   -0.0178100908
   -0.0181079882
   -0.0180792409
   -0.0177198062
   -0.0170286532
   -0.0160074962
   -0.0146600111
   -0.0129898725
   -0.0071005489
   -0.0093722907
   -0.0114290937
   -0.0132484363
   -0.0148111440
   -0.0161003619
   -0.0171010856
   -0.0178000969
   -0.0181861976
   -0.0182505518
   -0.0179870020
   -0.0173922129
   -0.0164654086
   -0.0152075803
   -0.0136194338
   -0.0058378221
   -0.0081609135
   -0.0103042562
   -0.0122387477
   -0.0139402071
   -0.0153878038
   -0.0165631568
   -0.0174499745
   -0.0180340513
   -0.0183035386
   -0.0182491962
   -0.0178646770
   -0.0171465003
   -0.0160935503
   -0.0147056746
   -0.0129808570
   -0.0051954077
   -0.0074929278
   -0.0096462651
   -0.0116189477
   -0.0133807731
   -0.0149060289
   -0.0161722877
   -0.0171598142
   -0.0178513521
   -0.0182322381
   -0.0182907101
   -0.0180181925
   -0.0174093752
   -0.0164619349
   -0.0151755066
   -0.0135494120
   -0.0065637674
   -0.0087159593
   -0.0107278592
   -0.0125604755
   -0.0141807360
   -0.0155601906
   -0.0166739855
   -0.0175004505
   -0.0180210379
   -0.0182205211
   -0.0180873900
   -0.0176140661
   -0.0167969043
   -0.0156356660
   -0.0141320395
   -0.0066983759
   -0.0087673949
   -0.0107232722
   -0.0125197129
   -0.0141169299
   -0.0154805277
   -0.0165806278
   -0.0173913527
   -0.0178908624
   -0.0180615298
   -0.0178904637
   -0.0173698255
   -0.0164970162
   -0.0152743513
   -0.0137079808
   -0.0049060297
   -0.0069056623
   -0.0088805650
   -0.0107700839
   -0.0125199136
   -0.0140822936
   -0.0154155499
   -0.0164834461
   -0.0172549226
   -0.0177041566
   -0.0178110040
   -0.0175616480
   -0.0169492231
   -0.0159742836
   -0.0146449257
   -0.0129766242
   -0.0044369665
   -0.0062787792
   -0.0081596549
   -0.0100127418
   -0.0117731557
   -0.0133809688
   -0.0147824462
   -0.0159303399
   -0.0167839444
   -0.0173094336
   -0.0174805250
   -0.0172794447
   -0.0166980799
   -0.0157391028
   -0.0144170586
   -0.0127596829
   -0.0000833485
   -0.0012851650
   -0.0026413481
   -0.0041596562
   -0.0058179012
   -0.0075692258
   -0.0093504242
   -0.0110905306
   -0.0127178620
   -0.0141645084
   -0.0153689133
   -0.0162773484
   -0.0168450653
   -0.0170377275
   -0.0168331381
   -0.0162232396
   -0.0152163716
   -0.0138397038
   -0.0121425988
   -0.0019297129
   -0.0032031096
   -0.0046116358
   -0.0061568317
   -0.0078088720
   -0.0095111390
   -0.0111891234
   -0.0127602066
   -0.0141417706
   -0.0152569775
   -0.0160388814
   -0.0164337405
   -0.0164043901
   -0.0159339325
   -0.0150297741
   -0.0137279080
   -0.0120978573
   -0.0047109077
   -0.0061574932
   -0.0077232852
   -0.0093641271
   -0.0110046066
   -0.0125483057
   -0.0138906352
   -0.0149306061
   -0.0155804900
   -0.0157741594
   -0.0154750853
   -0.0146843430
   -0.0134483684
   -0.0063085164
   -0.0078234394
   -0.0094341913
   -0.0110513023
   -0.0125491417
   -0.0137835117
   -0.0146145356
   -0.0149293692
   -0.0146636224
   -0.0138210592
   -0.0124891347
   -0.0070054369
   -0.0085188143
   -0.0101461662
   -0.0117164014
   -0.0130069998
   -0.0137843521
   -0.0138675885
   -0.0131969235
   -0.0118876041
   -0.0085969488
   -0.0102380526
   -0.0117715323
   -0.0126800902
   -0.0125305380
   -0.0113119059
   -0.0099436526
   -0.0114221495
   -0.0105347529
   -0.0103487360
   -0.0071046102
   -0.0060797244
   -0.0047753191
   -0.0076161067
   -0.0060560780
   -0.0045012531
   -0.0030395685
   -0.0086759127
   -0.0068832238
   -0.0051876791
   -0.0036451116
   -0.0022722988
   -0.0010618653
   -0.0103543239
   -0.0083239886
   -0.0064343131
   -0.0047338979
   -0.0032358455
   -0.0019316019
   -0.0008003572
    0.0001849568
   -0.0096750582
   -0.0075805177
   -0.0057085234
   -0.0040683119
   -0.0026500933
   -0.0014334334
   -0.0003919807
    0.0005036962
    0.0012837411
    0.0019764081
    0.0122242312
   -0.0097926796
   -0.0076089244
   -0.0056825051
    0.0019312464
    0.0025035541
    0.0030260120
    0.0096299277
    0.0106244560
    0.0118411488
    0.0133149646
   -0.0096801370
   -0.0074368823
    0.0030213878
    0.0034462529
    0.0038461503
    0.0042245036
    0.0080591669
    0.0087008023
    0.0094984284
    0.0104819795
    0.0116865014
    0.0131537397
   -0.0105114102
    0.0036873298
    0.0040182729
    0.0043348139
    0.0046348472
    0.0049144373
    0.0051702442
    0.0066624840
    0.0069765566
    0.0073657461
    0.0078496200
    0.0084496137
    0.0091899781
    0.0100990416
    0.0112108436
    0.0125671097
    0.0039679909
    0.0042363196
    0.0044973782
    0.0047478439
    0.0049836657
    0.0052022381
    0.0054038118
    0.0055921052
    0.0057742161
    0.0059600338
    0.0061613908
    0.0063912706
    0.0066632800
    0.0100811081
    0.0111550861
    0.0124619585
    0.0041447203
    0.0043626741
    0.0045807727
    0.0047951433
    0.0050018130
    0.0051986741
    0.0053865825
    0.0055696111
    0.0057546197
    0.0059504210
    0.0122014916
    0.0043387876
    0.0045209873
    0.0047091222
    0.0048989938
    0.0050877293
    0.0052750905
    0.0054637824
    0.0056590197
    0.0044495710
    0.0046145725
    0.0047910764
    0.0049758663
    0.0051679791
    0.0053690995
    0.0042964036
    0.0044343168
    0.0045947547
    0.0047743443
    0.0049709852
    0.0051847742
    0.0042546588
    0.0044048247
    0.0045841346
    0.0047905886
    0.0041408185
    0.0043173877
    0.0045309209
    0.0038870795
    0.0040813302
    0.0035678030
    0.0037861112
    0.0030739761
    0.0032984393
    0.0027118179
   -0.0107506553
    0.0021280025
   -0.0098071791
    0.0013478262
    0.0017422704
   -0.0106594614
   -0.0087437333
   -0.0067721316
    0.0004351604
    0.0009473852
   -0.0076548760
   -0.0108262030
   -0.0101128063
   -0.0087417282
   -0.0070301409
   -0.0052653404
   -0.0036519940
   -0.0012347570
   -0.0004117071
    0.0002418876
   -0.0056652544
   -0.0074024826
   -0.0083875721
   -0.0083844467
   -0.0074879501
   -0.0060385476
   -0.0044271289
   -0.0029465531
   -0.0017376344
   -0.0008089598
   -0.0052005263
   -0.0063070613
   -0.0062875686
   -0.0052590094
   -0.0037694973
   -0.0023550875
   -0.0012844515
   -0.0044615458
   -0.0044201585
   -0.0030095814
   -0.0027576253
    0.0074450145
    0.0079373355
    0.0085731068
    0.0062954807
    0.0064683500
    0.0067031985
    0.0070084779
    0.0073964999
    0.0078850267
    0.0084993638
    0.0092753723
    0.0102641397
    0.0059187369
    0.0060210332
    0.0061663543
    0.0063577410
    0.0065997772
    0.0068994504
    0.0072670925
    0.0077175101
    0.0082714723
    0.0089578252
    0.0098166868
    0.0109044477
    0.0123020542
    0.0056407252
    0.0057185457
    0.0058296323
    0.0059747679
    0.0061554387
    0.0063743759
    0.0066361223
    0.0069476236
    0.0073189328
    0.0077640322
    0.0083019638
    0.0089583627
    0.0097677069
    0.0107766133
    0.0120489903
    0.0053713588
    0.0054426280
    0.0055410706
    0.0056660055
    0.0058172156
    0.0059952144
    0.0062015658
    0.0064392521
    0.0067130493
    0.0070299210
    0.0073994409
    0.0078343022
    0.0083508712
    0.0089698310
    0.0097168399
    0.0106230574
    0.0051343780
    0.0052283003
    0.0053439334
    0.0054797053
    0.0056346280
    0.0058083810
    0.0060014776
    0.0062154780
    0.0064531874
    0.0067188374
    0.0070181904
    0.0073585727
    0.0077487254
    0.0081983399
    0.0087169663
    0.0093117657
    0.0099829347
    0.0048334901
    0.0049437829
    0.0050716335
    0.0052143958
    0.0053702233
    0.0055378703
    0.0057167005
    0.0059067789
    0.0061089438
    0.0063248249
    0.0065567867
    0.0068076549
    0.0070801778
    0.0073760284
    0.0076939334
    0.0080264354
    0.0083542415
    0.0086364139
    0.0043985461
    0.0045171258
    0.0046538993
    0.0048035463
    0.0049626241
    0.0051286658
    0.0052998072
    0.0054746572
    0.0056522760
    0.0058321328
    0.0060140051
    0.0061977025
    0.0063825477
    0.0065664466
    0.0067443040
    0.0069053883
    0.0070290651
    0.0070779233
    0.0069870674
    0.0066480899
    0.0039936005
    0.0041473777
    0.0043153206
    0.0044911660
    0.0046707696
    0.0048510938
    0.0050296896
    0.0052044419
    0.0053734459
    0.0055348564
    0.0056866360
    0.0058261147
    0.0059491583
    0.0060488487
    0.0061133509
    0.0061225352
    0.0060428691
    0.0058199206
    0.0053679731
    0.0045573341
    0.0036385467
    0.0038437498
    0.0040525263
    0.0042599239
    0.0044622146
    0.0046562850
    0.0048392699
    0.0050082851
    0.0051602100
    0.0052913495
    0.0053968383
    0.0054696955
    0.0054992535
    0.0054687649
    0.0053518169
    0.0051072132
    0.0046722325
    0.0039548987
    0.0028277422
    0.0011294908
    0.0030676647
    0.0033306566
    0.0035870571
    0.0038334170
    0.0040663311
    0.0042824545
    0.0044782986
    0.0046499909
    0.0047929401
    0.0049013527
    0.0049674195
    0.0049799810
    0.0049224812
    0.0047699700
    0.0044849662
    0.0040123851
    0.0032745840
    0.0021694104
    0.0005775363
   -0.0016108763
    0.0026421823
    0.0029740431
    0.0032806126
    0.0035615966
    0.0038146406
    0.0040361265
    0.0042212825
    0.0043639091
    0.0044557896
    0.0044856358
    0.0044373746
    0.0042876214
    0.0040022745
    0.0035325606
    0.0028119495
    0.0017572608
    0.0002803207
   -0.0016809031
   -0.0041058097
    0.0019002676
    0.0023428111
    0.0027307368
    0.0030714948
    0.0033658184
    0.0036104596
    0.0037991881
    0.0039227535
    0.0039680512
    0.0039165005
    0.0037415641
    0.0034055753
    0.0028569326
    0.0020303650
    0.0008558508
   -0.0007153626
   -0.0026612946
   -0.0048256942
    0.0014507096
    0.0019821152
    0.0024264790
    0.0027938060
    0.0030838440
    0.0032891747
    0.0033961249
    0.0033839538
    0.0032227936
    0.0028710554
    0.0022744659
    0.0013719914
    0.0001179114
   -0.0014706185
   -0.0032469450
   -0.0048966762
    0.0003985924
    0.0011443099
    0.0017384038
    0.0022028369
    0.0025411419
    0.0027416462
    0.0027793366
    0.0026154526
    0.0021971678
    0.0014641458
    0.0003758780
   -0.0010242287
   -0.0025216716
   -0.0037132020
   -0.0004292510
    0.0005164819
    0.0012459030
    0.0017622704
    0.0020496812
    0.0020641096
    0.0017367563
    0.0009966772
   -0.0001496978
   -0.0014592484
   -0.0023769068
   -0.0023897138
   -0.0015656617
   -0.0004352186
    0.0005524191
    0.0011794918
    0.0012925326
    0.0007228843
   -0.0004424038
   -0.0011803564
   -0.0004253322
    0.0005181318
   -0.0000417934
    0.0036156170
    0.0032890781
    0.0038433886
    0.0043112006
    0.0042680140
    0.0036210410
    0.0027521535
    0.0023242393
    0.0025347975
    0.0031112453
    0.0037618545
    0.0043339413
    0.0047665667
    0.0050183143
    0.0050139753
    0.0046400970
    0.0038385530
    0.0027660388
    0.0018068004
    0.0013139074
    0.0013653771
    0.0018064091
    0.0024322936
    0.0030956691
    0.0037178319
    0.0042663052
    0.0047337964
    0.0051232713
    0.0054343803
    0.0056479714
    0.0057100259
    0.0055250702
    0.0049805474
    0.0040221844
    0.0027544905
    0.0014656896
    0.0004986260
    0.0000587009
    0.0001364246
    0.0005819793
    0.0012215517
    0.0019241210
    0.0026123165
    0.0032482830
    0.0038176112
    0.0043188503
    0.0047579972
    0.0051452811
    0.0054920264
    0.0058061682
    0.0060854427
    0.0063079642
    0.0064213662
    0.0063354937
    0.0059304438
    0.0050968105
    0.0038127491
    0.0022200422
    0.0006210544
   -0.0006412960
   -0.0013437981
   -0.0014594297
   -0.0011130684
   -0.0004828744
    0.0002756779
    0.0010581397
    0.0018067829
    0.0024953547
    0.0031152661
    0.0036668015
    0.0041547020
    0.0045864664
    0.0049718411
    0.0053224648
    0.0056510599
    0.0059697886
    0.0062873692
    0.0066044685
    0.0069069107
    0.0071564784
    0.0072808652
    0.0071679478
    0.0066760081
    0.0056756722
    0.0041277794
    0.0021634936
    0.0000953618
   -0.0016850945
   -0.0028708936
   -0.0033511547
   -0.0032069570
   -0.0026246206
   -0.0018013253
   -0.0008900654
    0.0000132563
    0.0008592450
    0.0016284431
    0.0023175851
    0.0029307193
    0.0034745115
    0.0039563554
    0.0043840343
    0.0047660677
    0.0051121686
    0.0054335015
    0.0057425456
    0.0060525493
    0.0063763402
    0.0067242648
    0.0071008617
    0.0074995701
    0.0078948677
    0.0082316476
    0.0084134171
    0.0082956534
    0.0076980722
   -0.0050986227
   -0.0041444071
   -0.0030370473
   -0.0019174420
   -0.0008632267
    0.0000925516
    0.0009429899
    0.0016940186
    0.0023563390
    0.0029412216
    0.0034587873
    0.0039177679
    0.0043260228
    0.0046913208
    0.0050220659
    0.0053278070
    0.0056195202
    0.0059096295
    0.0062117647
    0.0065402183
    0.0069089034
    0.0073295334
    0.0078085490
    0.0083419974
    0.0089074105
    0.0094516676
    0.0098750014
   -0.0020759566
   -0.0009432589
    0.0000438768
    0.0009002198
    0.0016444016
    0.0022943964
    0.0028655449
    0.0033700686
    0.0038175482
    0.0042158087
    0.0045719220
    0.0048930969
    0.0051873468
    0.0054639172
    0.0057335556
    0.0060085943
    0.0063029420
    0.0066319309
    0.0070119330
    0.0074595914
    0.0079903368
    0.0086156392
    0.0093381248
    0.0101430598
    0.0109841889
   -0.0005865100
    0.0003633545
    0.0011736511
    0.0018707468
    0.0024764765
    0.0030078053
    0.0034773463
    0.0038944091
    0.0042662264
    0.0045991419
    0.0048995531
    0.0051745938
    0.0054325995
    0.0056833789
    0.0059383870
    0.0062108684
    0.0065159604
    0.0068707759
    0.0072944175
    0.0078077682
    0.0084328689
    0.0091914203
    0.0101016374
    0.0111719355
    0.0123886404
    0.0014585007
    0.0021076580
    0.0026694434
    0.0031618838
    0.0035976386
    0.0039854909
    0.0043319216
    0.0046424552
    0.0049226953
    0.0051790323
    0.0054190819
    0.0056519590
    0.0058884530
    0.0061412075
    0.0064249367
    0.0067567139
    0.0071563495
    0.0076468143
    0.0082546675
    0.0090103449
    0.0099480560
    0.0111046833
    0.0027206794
    0.0031922004
    0.0036092972
    0.0039813218
    0.0043144102
    0.0046132574
    0.0048824216
    0.0051272005
    0.0053541371
    0.0055712966
    0.0057884341
    0.0060171367
    0.0062710385
    0.0065661572
    0.0069213999
    0.0073592731
    0.0079068306
    0.0085968800
    0.0094694972
    0.0038030228
    0.0041401263
    0.0044441776
    0.0047183802
    0.0049660726
    0.0051916659
    0.0054011212
    0.0056021481
    0.0058042779
    0.0060189591
    0.0062597258
    0.0065425579
    0.0068865024
    0.0073145944
    0.0078552020
    0.0050988826
    0.0053040793
    0.0054960585
    0.0056823981
    0.0058727500
    0.0060787850
    0.0063143094
    0.0065956139
   -0.0027322901
   -0.0015234907
   -0.0005111250
    0.0003509686
    0.0011032743
   -0.0049778775
   -0.0034131231
   -0.0021227807
   -0.0010485363
   -0.0001445653
    0.0006268594
    0.0012985856
    0.0019008824
    0.0024629915
   -0.0071929975
   -0.0052514150
   -0.0036634931
   -0.0023522485
   -0.0012602111
   -0.0003431754
    0.0004342823
    0.0011019960
    0.0016864766
    0.0022124766
    0.0027040139
    0.0031849069
   -0.0102436027
   -0.0077472342
   -0.0057270503
   -0.0040733361
   -0.0027063979
   -0.0015674045
   -0.0006117705
    0.0001954848
    0.0008830320
    0.0014755368
    0.0019953150
    0.0024634363
    0.0029004562
    0.0033267091
   -0.0095125457
   -0.0071835447
   -0.0052852877
   -0.0037214426
   -0.0024218315
   -0.0013343187
   -0.0004191683
    0.0003549742
    0.0010138799
    0.0015797343
    0.0020725642
    0.0025112076
    0.0029139869
    0.0032990185
    0.0036842044
   -0.0110088530
   -0.0084176774
   -0.0063111080
   -0.0045791250
   -0.0031418783
   -0.0019405566
   -0.0009309254
   -0.0000787877
    0.0006432190
    0.0012578974
    0.0017851172
    0.0022429773
    0.0026486329
    0.0030188174
    0.0033701401
    0.0037190557
    0.0040815135
   -0.0101108831
   -0.0077092093
   -0.0057417446
   -0.0041138610
   -0.0027562046
   -0.0016171631
   -0.0006574756
    0.0001535499
    0.0008407472
    0.0014250308
    0.0019247798
    0.0023568571
    0.0027373156
    0.0030818738
    0.0034061634
    0.0037257292
    0.0040557544
   -0.0103601092
   -0.0079280908
   -0.0059306245
   -0.0042747234
   -0.0028917977
   -0.0017305769
   -0.0007519892
    0.0000745305
    0.0007736467
    0.0013660498
    0.0018698182
    0.0023014202
    0.0026764447
    0.0030100819
    0.0033174241
    0.0036135474
    0.0039133739
    0.0042313134
   -0.0126489405
   -0.0098113754
   -0.0074905124
   -0.0055742424
   -0.0039794130
   -0.0026439650
   -0.0015210149
   -0.0005744491
    0.0002242804
    0.0008984835
    0.0014679094
    0.0019500112
    0.0023608309
    0.0027156593
    0.0030294835
    0.0033172257
    0.0035938430
    0.0038742143
    0.0041729633
   -0.0119306322
   -0.0092431486
   -0.0070306127
   -0.0051949985
   -0.0036623782
   -0.0023768217
   -0.0012955092
   -0.0003850162
    0.0003814323
    0.0010260195
    0.0015678406
    0.0020240073
    0.0024104765
    0.0027426082
    0.0030355707
    0.0033045467
    0.0035648102
    0.0038317495
   -0.0120514105
   -0.0093608846
   -0.0071351946
   -0.0052834950
   -0.0037355245
   -0.0024371875
   -0.0013465104
   -0.0004304087
    0.0003378817
    0.0009807274
    0.0015175437
    0.0019658698
    0.0023421826
    0.0026624348
    0.0029424437
    0.0031981202
    0.0034456336
    0.0037016956
   -0.0110132017
   -0.0085206523
   -0.0064421931
   -0.0047043933
   -0.0032483568
   -0.0020273997
   -0.0010043849
   -0.0001492647
    0.0005629352
    0.0011537125
    0.0016423014
    0.0020466086
    0.0023838523
    0.0026710401
    0.0029252889
    0.0031641194
    0.0034059982
   -0.0099184614
   -0.0076249936
   -0.0056968318
   -0.0040780761
   -0.0027210466
   -0.0015862341
   -0.0006409518
    0.0001422701
    0.0007871956
    0.0013151152
    0.0017458529
    0.0020984857
    0.0023918683
    0.0026450336
    0.0028776625
    0.0031109629
   -0.0097089789
   -0.0074760075
   -0.0055770546
   -0.0039749017
   -0.0026317969
   -0.0015132626
   -0.0005888629
    0.0001683309
    0.0007826680
    0.0012768541
    0.0016727255
    0.0019918440
    0.0022559346
    0.0024874075
    0.0027103386
   -0.0089791799
   -0.0068922659
   -0.0050901509
   -0.0035617018
   -0.0022835583
   -0.0012287449
   -0.0003701313
    0.0003186216
    0.0008631403
    0.0012887108
    0.0016206330
    0.0018844736
    0.0021063747
   -0.0088491948
   -0.0068641752
   -0.0050855422
   -0.0035533874
   -0.0022708106
   -0.0012231122
   -0.0003873728
    0.0002632040
    0.0007574559
    0.0011253422
    0.0013970545
    0.0016016552
   -0.0065272541
   -0.0048330697
   -0.0033340462
   -0.0020807970
   -0.0010802033
   -0.0003158822
    0.0002406876
    0.0006234437
    0.0008654740
   -0.0053443984
   -0.0038055528
   -0.0024491998
   -0.0013738393
   -0.0006005080
   -0.0001112346
   -0.0045724602
   -0.0031308924
   -0.0018744401
   -0.0010612845
   -0.0024447421
    0.0035524520
    0.0024462927
    0.0040245413
    0.0055158847
    0.0054815688
    0.0040761238
    0.0019589522
    0.0001910499
    0.0074903863
    0.0072902726
    0.0063984832
    0.0048667372
    0.0028331249
    0.0005664541
   -0.0015042625
    0.0088945139
    0.0090250923
    0.0087586671
    0.0080685578
    0.0069404128
    0.0053827722
    0.0034381595
    0.0011991965
   -0.0011699315
    0.0101574092
    0.0103060311
    0.0102151933
    0.0098483167
    0.0091772600
    0.0081823560
    0.0068532621
    0.0051916081
    0.0032161147
    0.0009710814
   -0.0014609872
    0.0113010204
    0.0113602939
    0.0112435300
    0.0109186175
    0.0103613694
    0.0095526502
    0.0084773875
    0.0071248856
    0.0054900997
    0.0035761937
    0.0013989298
   -0.0010064375
   -0.0035748246
    0.0121785729
    0.0121986512
    0.0120734076
    0.0117784657
    0.0112947480
    0.0106059703
    0.0096977918
    0.0085575827
    0.0071746814
    0.0055412206
    0.0036535216
    0.0015145755
   -0.0008618265
   -0.0034446136
    0.0127992014
    0.0128600100
    0.0128038751
    0.0126105982
    0.0122642496
    0.0117507912
    0.0110571428
    0.0101708899
    0.0090802304
    0.0077740446
    0.0062422349
    0.0044763559
    0.0024707184
    0.0002244627
   -0.0022550926
    0.0132234309
    0.0133233024
    0.0133214987
    0.0132028046
    0.0129547838
    0.0125658747
    0.0120247728
    0.0113202978
    0.0104413260
    0.0093767811
    0.0081156716
    0.0066472348
    0.0049611233
    0.0030480239
    0.0009006220
   -0.0014844960
   -0.0041037007
    0.0135525512
    0.0136380674
    0.0136224788
    0.0134970503
    0.0132529310
    0.0128807756
    0.0123708377
    0.0117130453
    0.0108971140
    0.0099125617
    0.0087486721
    0.0073945345
    0.0058390576
    0.0040711064
    0.0020799513
   -0.0001439500
   -0.0026073896
    0.0135978819
    0.0137433592
    0.0137921841
    0.0137411599
    0.0135849677
    0.0133165183
    0.0129275411
    0.0124090160
    0.0117514669
    0.0109450519
    0.0099796217
    0.0088446880
    0.0075293493
    0.0060222647
    0.0043116403
    0.0023854069
    0.0002316112
   -0.0021606372
   -0.0047994925
    0.0136426135
    0.0137595778
    0.0137808165
    0.0137061642
    0.0135316138
    0.0132506645
    0.0128553457
    0.0123368567
    0.0116858660
    0.0108926653
    0.0099472218
    0.0088390843
    0.0075573244
    0.0060904399
    0.0044262572
    0.0025519750
    0.0004543077
   -0.0018799330
   -0.0044627364
    0.0135976288
    0.0136256578
    0.0135638415
    0.0134094077
    0.0131563498
    0.0127967911
    0.0123218842
    0.0117221822
    0.0109879211
    0.0101089691
    0.0090748770
    0.0078747144
    0.0064969482
    0.0049293502
    0.0031588477
    0.0011715576
   -0.0010470112
   -0.0035113289
    0.0133208265
    0.0133192471
    0.0132363067
    0.0130674999
    0.0128054352
    0.0124411288
    0.0119648264
    0.0113663548
    0.0106353110
    0.0097610687
    0.0087326841
    0.0075387978
    0.0061674311
    0.0046058446
    0.0028404217
    0.0008565752
   -0.0013611170
   -0.0038283782
    0.0129160674
    0.0128698297
    0.0127560367
    0.0125653110
    0.0122870531
    0.0119099891
    0.0114226285
    0.0108134369
    0.0100708795
    0.0091833830
    0.0081391244
    0.0069259304
    0.0055310310
    0.0039408634
    0.0021409398
    0.0001157446
   -0.0021511053
   -0.0046763103
    0.0123180963
    0.0121744850
    0.0119720614
    0.0116935787
    0.0113234595
    0.0108471416
    0.0102507660
    0.0095209475
    0.0086445565
    0.0076084972
    0.0063994061
    0.0050034599
    0.0034061039
    0.0015918574
   -0.0004557452
   -0.0027540103
    0.0113731352
    0.0111155405
    0.0107899470
    0.0103740802
    0.0098489052
    0.0091972737
    0.0084032038
    0.0074513663
    0.0063266514
    0.0050138175
    0.0034971471
    0.0017602089
   -0.0002142906
   -0.0024444648
   -0.0049487091
    0.0103663002
    0.0100388876
    0.0096484378
    0.0091642148
    0.0085615529
    0.0078191904
    0.0069178064
    0.0058391566
    0.0045654495
    0.0030788384
    0.0013610578
   -0.0006067367
   -0.0028439155
    0.0088491976
    0.0084031118
    0.0078624472
    0.0071939802
    0.0063703283
    0.0053674052
    0.0041629225
    0.0027354863
    0.0010639921
   -0.0008727136
   -0.0030957176
    0.0072735879
    0.0067319774
    0.0060714456
    0.0052516573
    0.0042394877
    0.0030058148
    0.0015238128
   -0.0002319664
   -0.0022859297
   -0.0046609341
    0.0054425972
    0.0047911107
    0.0039782703
    0.0029557969
    0.0016837050
    0.0001269753
   -0.0017458734
   -0.0039628829
    0.0029586542
    0.0020589971
    0.0008947194
   -0.0005858681
   -0.0024260538
    0.0009469130
   -0.0000256163
   -0.0013563398
   -0.0004583534
   -0.0020935852
   -0.0030259820
   -0.0016887528
   -0.0032798148
   -0.0043298293
   -0.0046514149
   -0.0029646522
   -0.0044753308
   -0.0055373204
   -0.0060543669
   -0.0059973058
   -0.0053958362
   -0.0028471956
   -0.0045268036
   -0.0058864426
   -0.0068423553
   -0.0073465371
   -0.0073848199
   -0.0069739527
   -0.0034776746
   -0.0051662308
   -0.0065721130
   -0.0076370806
   -0.0083240899
   -0.0086160208
   -0.0085147986
   -0.0080403066
   -0.0035795785
   -0.0053301771
   -0.0068367982
   -0.0080533285
   -0.0089476080
   -0.0095003117
   -0.0097044018
   -0.0095649511
   -0.0090991396
   -0.0083357651
   -0.0055371074
   -0.0071018759
   -0.0084091300
   -0.0094321438
   -0.0101529511
   -0.0105617821
   -0.0106570772
   -0.0104457688
   -0.0099436058
   -0.0091753863
   -0.0047013508
   -0.0064275522
   -0.0079354225
   -0.0091986830
   -0.0101977685
   -0.0109190941
   -0.0113547390
   -0.0115025523
   -0.0113665272
   -0.0109572549
   -0.0102924749
   -0.0093975329
   -0.0053424597
   -0.0070342741
   -0.0085160360
   -0.0097672756
   -0.0107724000
   -0.0115200579
   -0.0120029863
   -0.0122180887
   -0.0121667926
   -0.0118555097
   -0.0112961822
   -0.0105068699
   -0.0095124033
   -0.0047008796
   -0.0064822085
   -0.0080752343
   -0.0094604821
   -0.0106226153
   -0.0115496962
   -0.0122328622
   -0.0126663043
   -0.0128474030
   -0.0127770944
   -0.0124602801
   -0.0119063098
   -0.0111295751
   -0.0101501626
   -0.0055059097
   -0.0072236749
   -0.0087561533
   -0.0100875469
   -0.0112051583
   -0.0120988441
   -0.0127608060
   -0.0131855960
   -0.0133702894
   -0.0133147980
   -0.0130221804
   -0.0124990868
   -0.0117561846
   -0.0108086978
   -0.0050516527
   -0.0068177382
   -0.0084133053
   -0.0098229014
   -0.0110339249
   -0.0120359813
   -0.0128206557
   -0.0133813556
   -0.0137134371
   -0.0138144303
   -0.0136842473
   -0.0133255156
   -0.0127438602
   -0.0119482518
   -0.0109513851
   -0.0061483763
   -0.0078158723
   -0.0093130319
   -0.0106266958
   -0.0117458698
   -0.0126613351
   -0.0133654590
   -0.0138521588
   -0.0141170607
   -0.0141576601
   -0.0139735363
   -0.0135665800
   -0.0129412059
   -0.0121045070
   -0.0110664189
   -0.0062088380
   -0.0078677379
   -0.0093652042
   -0.0106881532
   -0.0118255365
   -0.0127679151
   -0.0135073002
   -0.0140370392
   -0.0143519790
   -0.0144485442
   -0.0143249584
   -0.0139813592
   -0.0134199627
   -0.0126450558
   -0.0116629985
   -0.0104820629
   -0.0062767706
   -0.0079212172
   -0.0094128434
   -0.0107381747
   -0.0118857787
   -0.0128457654
   -0.0136096118
   -0.0141700948
   -0.0145213041
   -0.0146588038
   -0.0145797344
   -0.0142829512
   -0.0137690639
   -0.0130404021
   -0.0121008256
   -0.0109553534
   -0.0056439163
   -0.0073234461
   -0.0088653536
   -0.0102543198
   -0.0114773632
   -0.0125232622
   -0.0133822654
   -0.0140458965
   -0.0145069660
   -0.0147596592
   -0.0147995890
   -0.0146239353
   -0.0142315058
   -0.0136226409
   -0.0127990732
   -0.0117634647
   -0.0053347603
   -0.0070133904
   -0.0085679783
   -0.0099812287
   -0.0112384711
   -0.0123270467
   -0.0132358852
   -0.0139553455
   -0.0144771032
   -0.0147941938
   -0.0149010975
   -0.0147938469
   -0.0144700375
   -0.0139288125
   -0.0131706420
   -0.0121968920
   -0.0110090442
   -0.0046407010
   -0.0063298572
   -0.0079153062
   -0.0093763933
   -0.0106955861
   -0.0118578090
   -0.0128499371
   -0.0136604681
   -0.0142794139
   -0.0146982266
   -0.0149098640
   -0.0149088685
   -0.0146914408
   -0.0142554329
   -0.0136002004
   -0.0127262632
   -0.0116346379
   -0.0045667164
   -0.0062197558
   -0.0077843827
   -0.0092370953
   -0.0105577799
   -0.0117290654
   -0.0127358384
   -0.0135648824
   -0.0142046711
   -0.0146453546
   -0.0148787538
   -0.0148984597
   -0.0146998966
   -0.0142803657
   -0.0136388707
   -0.0127758438
   -0.0116925489
   -0.0059717554
   -0.0075162394
   -0.0089649743
   -0.0102943668
   -0.0114839292
   -0.0125158006
   -0.0133743547
   -0.0140460145
   -0.0145191303
   -0.0147840415
   -0.0148331180
   -0.0146608922
   -0.0142640824
   -0.0136415620
   -0.0127941237
   -0.0117239976
   -0.0048855162
   -0.0064284680
   -0.0079109020
   -0.0093031846
   -0.0105791942
   -0.0117159964
   -0.0126934826
   -0.0134941228
   -0.0141027604
   -0.0145065668
   -0.0146951656
   -0.0146606968
   -0.0143979958
   -0.0139046623
   -0.0131810306
   -0.0122300129
   -0.0110568177
   -0.0053267923
   -0.0068030498
   -0.0082275328
   -0.0095675897
   -0.0107938573
   -0.0118802642
   -0.0128038692
   -0.0135446921
   -0.0140856335
   -0.0144125363
   -0.0145143448
   -0.0143832866
   -0.0140151396
   -0.0134093454
   -0.0125691837
   -0.0115018017
   -0.0035478493
   -0.0049528560
   -0.0063735190
   -0.0077711261
   -0.0091081677
   -0.0103496446
   -0.0114637317
   -0.0124220425
   -0.0131996910
   -0.0137753419
   -0.0141314128
   -0.0142542524
   -0.0141345444
   -0.0137676710
   -0.0131540902
   -0.0122997700
   -0.0112166845
   -0.0031899349
   -0.0044855124
   -0.0058311526
   -0.0071883310
   -0.0085159604
   -0.0097731249
   -0.0109209984
   -0.0119239718
   -0.0127503328
   -0.0133726990
   -0.0137683926
   -0.0139199883
   -0.0138158734
   -0.0134508648
   -0.0128270217
   -0.0119544122
   -0.0108522744
   -0.0011309864
   -0.0021384259
   -0.0032486269
   -0.0044515061
   -0.0057227730
   -0.0070269151
   -0.0083211858
   -0.0095595791
   -0.0106961679
   -0.0116875381
   -0.0124944050
   -0.0130828812
   -0.0134254450
   -0.0135020180
   -0.0133010625
   -0.0128207847
   -0.0120705140
   -0.0110722660
   -0.0019365925
   -0.0029309650
   -0.0040216495
   -0.0052001070
   -0.0064416722
   -0.0077074117
   -0.0089482889
   -0.0101101566
   -0.0111383799
   -0.0119815507
   -0.0125944509
   -0.0129404374
   -0.0129936127
   -0.0127410713
   -0.0121851105
   -0.0113456058
   -0.0102623983
   -0.0036107076
   -0.0046901770
   -0.0058582606
   -0.0070845055
   -0.0083206189
   -0.0095046748
   -0.0105677508
   -0.0114410290
   -0.0120622514
   -0.0123812263
   -0.0123648585
   -0.0120018066
   -0.0113067964
   -0.0103243330
   -0.0044947936
   -0.0055916540
   -0.0067809002
   -0.0080077185
   -0.0091950896
   -0.0102502328
   -0.0110764875
   -0.0115869339
   -0.0117174177
   -0.0114386196
   -0.0107662582
   -0.0097676441
   -0.0058791188
   -0.0070598455
   -0.0082869113
   -0.0094290931
   -0.0103325478
   -0.0108491607
   -0.0108733338
   -0.0103780599
   -0.0094405012
   -0.0069347193
   -0.0081740220
   -0.0092887862
   -0.0099528668
   -0.0099076540
   -0.0091267780
   -0.0078218560
   -0.0089248885
   -0.0087316085
   -0.0050404224
   -0.0062160644
   -0.0053417650
   -0.0043180401
   -0.0068949890
   -0.0057467534
   -0.0045648002
   -0.0034144147
   -0.0023328994
   -0.0081144617
   -0.0068084217
   -0.0055043715
   -0.0042589350
   -0.0031035245
   -0.0020511890
   -0.0011025342
   -0.0082948707
   -0.0068477506
   -0.0054697214
   -0.0041941772
   -0.0030361343
   -0.0019980189
   -0.0010740054
   -0.0002531275
    0.0004783920
   -0.0080997886
   -0.0065832082
   -0.0051816310
   -0.0039109968
   -0.0027748627
   -0.0017686610
   -0.0008825177
   -0.0001032020
    0.0005844143
    0.0011959718
    0.0107050093
   -0.0084952815
   -0.0068934934
   -0.0054277957
   -0.0041083379
    0.0016019899
    0.0020792207
    0.0025147549
    0.0094481394
    0.0103242238
   -0.0088184562
   -0.0071390414
    0.0024108456
    0.0027840644
    0.0031308105
    0.0078704420
    0.0084768184
    0.0091947585
    0.0100399208
    0.0110283166
    0.0028875817
    0.0031927559
    0.0034798752
    0.0037514368
    0.0040079845
    0.0066712604
    0.0070554340
    0.0075114445
    0.0080523177
    0.0086923170
    0.0094471649
    0.0103341074
    0.0032827088
    0.0035333210
    0.0037723644
    0.0040004405
    0.0042171474
    0.0044220422
    0.0046153962
    0.0047987033
    0.0049749037
    0.0051483869
    0.0053248270
    0.0055109050
    0.0057140590
    0.0059422618
    0.0062039432
    0.0065080314
    0.0077753945
    0.0083553465
    0.0090373147
    0.0098379138
    0.0107755218
    0.0034983555
    0.0037111129
    0.0039169381
    0.0041157312
    0.0043069256
    0.0044903448
    0.0046667686
    0.0048382268
    0.0050080423
    0.0051806673
    0.0053614296
    0.0055562334
    0.0099464136
    0.0108701674
    0.0036860516
    0.0038698918
    0.0040509812
    0.0042288056
    0.0044029877
    0.0045739161
    0.0047430625
    0.0049130167
    0.0050873236
    0.0037654789
    0.0039308755
    0.0040975586
    0.0042650365
    0.0044332101
    0.0046028105
    0.0047755267
    0.0049538686
    0.0036900235
    0.0038417065
    0.0039989357
    0.0041614160
    0.0043289504
    0.0045019485
    0.0046815649
    0.0037007364
    0.0038497977
    0.0040084373
    0.0041765475
    0.0043542569
    0.0035797142
    0.0037276307
    0.0038889931
    0.0040640410
    0.0034041167
    0.0035545826
    0.0037216579
    0.0039061577
    0.0032474484
    0.0034131266
    0.0035983231
    0.0030400695
    0.0032257803
    0.0028747686
    0.0024235566
    0.0019491253
   -0.0098109176
    0.0015754947
   -0.0095445771
   -0.0080601430
    0.0011473968
   -0.0088669549
   -0.0075944713
   -0.0062030236
    0.0003482522
   -0.0059330166
   -0.0083987545
   -0.0076212900
   -0.0064992660
   -0.0052227048
   -0.0039521072
   -0.0010138843
   -0.0003692328
   -0.0057100899
   -0.0066635197
   -0.0069902602
   -0.0066550782
   -0.0057982539
   -0.0046544276
   -0.0034539806
   -0.0023597345
   -0.0014488751
   -0.0007309566
   -0.0050437734
   -0.0054835697
   -0.0051367891
   -0.0042047274
   -0.0030518718
   -0.0019869898
   -0.0041366771
   -0.0037091198
   -0.0025699162
   -0.0029717333
    0.0057997576
    0.0059813836
    0.0062088398
    0.0064895155
    0.0068331207
    0.0072525658
    0.0077650725
    0.0083937385
    0.0091697656
    0.0054785654
    0.0056198964
    0.0057942464
    0.0060059502
    0.0062606730
    0.0065659119
    0.0069315971
    0.0073708463
    0.0079009964
    0.0085450258
    0.0093336550
    0.0103084270
    0.0051306025
    0.0052291397
    0.0053506085
    0.0054970532
    0.0056710847
    0.0058761586
    0.0061169010
    0.0063994517
    0.0067318957
    0.0071247786
    0.0075918004
    0.0081507284
    0.0088246749
    0.0096438713
    0.0048941071
    0.0049831430
    0.0050900709
    0.0052158969
    0.0053619868
    0.0055302317
    0.0057232626
    0.0059446482
    0.0061991415
    0.0064929364
    0.0068339897
    0.0072323813
    0.0077007742
    0.0082549777
    0.0089146059
    0.0097038060
    0.0046178765
    0.0046962584
    0.0047888959
    0.0048958473
    0.0050174463
    0.0051543459
    0.0053076099
    0.0054788389
    0.0056703058
    0.0058850750
    0.0061271531
    0.0064016076
    0.0067146900
    0.0070739102
    0.0074880765
    0.0079671482
    0.0085218260
    0.0091625321
    0.0044120092
    0.0045007090
    0.0046009669
    0.0047122808
    0.0048344799
    0.0049676958
    0.0051123965
    0.0052694545
    0.0054402047
    0.0056265183
    0.0058308327
    0.0060561387
    0.0063059424
    0.0065840703
    0.0068943388
    0.0072399118
    0.0076221405
    0.0080385438
    0.0040799550
    0.0041678770
    0.0042666280
    0.0043744880
    0.0044903975
    0.0046136929
    0.0047440166
    0.0048812727
    0.0050256504
    0.0051776317
    0.0053379993
    0.0055078072
    0.0056882770
    0.0058806242
    0.0060857050
    0.0063034663
    0.0065320074
    0.0067660599
    0.0069945880
    0.0071969290
    0.0038307581
    0.0039379783
    0.0040531977
    0.0041744088
    0.0043002652
    0.0044298189
    0.0045623817
    0.0046974723
    0.0048347708
    0.0049741121
    0.0051153996
    0.0052585034
    0.0054030443
    0.0055480390
    0.0056913374
    0.0058287254
    0.0059525591
    0.0060496866
    0.0060983046
    0.0060634188
    0.0058903871
    0.0035573862
    0.0036868331
    0.0038206790
    0.0039568452
    0.0040938273
    0.0042304430
    0.0043657041
    0.0044987239
    0.0046286475
    0.0047545741
    0.0048754191
    0.0049896848
    0.0050951205
    0.0051881437
    0.0052629954
    0.0053104829
    0.0053160979
    0.0052573877
    0.0051002702
    0.0047942560
    0.0042668372
    0.0031910192
    0.0033461905
    0.0035019000
    0.0036561181
    0.0038071999
    0.0039537417
    0.0040944321
    0.0042279478
    0.0043528585
    0.0044674888
    0.0045697369
    0.0046567561
    0.0047244960
    0.0047669888
    0.0047752923
    0.0047360080
    0.0046291861
    0.0044255657
    0.0040831764
    0.0035436400
    0.0027293745
    0.0015440869
    0.0027868360
    0.0029783908
    0.0031637548
    0.0033418940
    0.0035115419
    0.0036713077
    0.0038196622
    0.0039548490
    0.0040747671
    0.0041767979
    0.0042575112
    0.0043122431
    0.0043344259
    0.0043146359
    0.0042392470
    0.0040886030
    0.0038347297
    0.0034387495
    0.0028485576
    0.0019981802
    0.0008112410
    0.0022234219
    0.0024735560
    0.0027051424
    0.0029205085
    0.0031200144
    0.0033029489
    0.0034679006
    0.0036128566
    0.0037351203
    0.0038311374
    0.0038961357
    0.0039235904
    0.0039044113
    0.0038257782
    0.0036696181
    0.0034107091
    0.0030147141
    0.0024367926
    0.0016221916
    0.0005113296
   -0.0009473289
    0.0018909522
    0.0021925357
    0.0024615187
    0.0027023294
    0.0029162628
    0.0031026574
    0.0032594003
    0.0033830489
    0.0034686531
    0.0035093173
    0.0034954799
    0.0034138216
    0.0032458655
    0.0029663230
    0.0025416785
    0.0019299545
    0.0010835403
   -0.0000420512
   -0.0014704666
   -0.0031770749
    0.0014017387
    0.0017774900
    0.0020997102
    0.0023767557
    0.0026116657
    0.0028038943
    0.0029501261
    0.0030444572
    0.0030780629
    0.0030383925
    0.0029079966
    0.0026631022
    0.0022725280
    0.0016981391
    0.0008990838
   -0.0001568400
   -0.0014718932
   -0.0029886681
   -0.0045640624
    0.0008394330
    0.0013113177
    0.0017005960
    0.0020201495
    0.0022747490
    0.0024630248
    0.0025785487
    0.0026099401
    0.0025402348
    0.0023458041
    0.0019956684
    0.0014529791
    0.0006819344
   -0.0003353470
   -0.0015696541
   -0.0029107137
   -0.0041538844
   -0.0002988979
    0.0003955391
    0.0009526287
    0.0013935110
    0.0017302194
    0.0019640249
    0.0020862926
    0.0020790705
    0.0019150622
    0.0015585420
    0.0009712003
    0.0001298683
   -0.0009372507
   -0.0021033029
   -0.0031251956
   -0.0037158308
   -0.0012602182
   -0.0003785196
    0.0003455966
    0.0009015655
    0.0012906605
    0.0015034595
    0.0015133348
    0.0012778752
    0.0007510228
   -0.0000781815
   -0.0011056906
   -0.0020380174
   -0.0024775644
   -0.0022232351
   -0.0014571231
   -0.0005476550
    0.0002304242
    0.0007445094
    0.0009102722
    0.0006330519
   -0.0001253032
   -0.0010669456
   -0.0013902120
   -0.0007178748
    0.0001290599
   -0.0000527707
   -0.0003256667
    0.0029539824
    0.0026876534
    0.0031370089
    0.0035229415
    0.0034857809
    0.0029671863
    0.0022799512
    0.0019284747
    0.0020773753
    0.0025332538
    0.0030660201
    0.0035437876
    0.0039064792
    0.0041117050
    0.0040977819
    0.0037871078
    0.0031545553
    0.0023265665
    0.0015784059
    0.0011661915
    0.0011650142
    0.0014807029
    0.0019652851
    0.0025000838
    0.0030151879
    0.0034779415
    0.0038769659
    0.0042092592
    0.0044691256
    0.0046373544
    0.0046719994
    0.0045075412
    0.0040745039
    0.0033474618
    0.0024025827
    0.0014297909
    0.0006596006
    0.0002491503
    0.0002221907
    0.0004974869
    0.0009572052
    0.0014984960
    0.0020518879
    0.0025783321
    0.0030597636
    0.0034907435
    0.0038729053
    0.0042113746
    0.0045117622
    0.0047767338
    0.0050014933
    0.0051681474
    0.0052400327
    0.0051591221
    0.0048527372
    0.0042571253
    0.0033587268
    0.0022352065
    0.0010603336
    0.0000502631
   -0.0006230456
   -0.0008926324
   -0.0007967158
   -0.0004342306
    0.0000853906
    0.0006729796
    0.0012686533
    0.0018380392
    0.0023645241
    0.0028423142
    0.0032717456
    0.0036565978
    0.0040027192
    0.0043171979
    0.0046075484
    0.0048805691
    0.0051405177
    0.0053864571
    0.0056085387
    0.0057833539
    0.0058692521
    0.0058039954
    0.0055095140
    0.0049100021
    0.0039660476
    0.0027153276
    0.0012941775
   -0.0000864835
   -0.0012095233
   -0.0019269264
   -0.0021982988
   -0.0020783096
   -0.0016732604
   -0.0010967852
   -0.0004424949
    0.0002249009
    0.0008668698
    0.0014639879
    0.0020089122
    0.0025011121
    0.0029435352
    0.0033408336
    0.0036985740
    0.0040230228
    0.0043210805
    0.0046002003
    0.0048680906
    0.0051321068
    0.0053982514
    0.0056695410
    0.0059436350
    0.0062094600
    0.0064428032
    0.0066014060
    0.0066211849
    0.0064173508
    0.0058963403
    0.0049837994
    0.0036663258
    0.0020293175
   -0.0034894882
   -0.0037802637
   -0.0036270616
   -0.0031517940
   -0.0024819722
   -0.0017231339
   -0.0009493612
   -0.0002056071
    0.0004850940
    0.0011140424
    0.0016808430
    0.0021892824
    0.0026448508
    0.0030534777
    0.0034210540
    0.0037534271
    0.0040565873
    0.0043368812
    0.0046011617
    0.0048567972
    0.0051115211
    0.0053730765
    0.0056485703
    0.0059434503
    0.0062598975
    0.0065943920
    0.0069342214
    0.0072526966
    0.0075034217
    0.0076149557
    0.0074894367
   -0.0038078007
   -0.0028815720
   -0.0019647321
   -0.0011008741
   -0.0003105020
    0.0004006326
    0.0010351378
    0.0015996628
    0.0021022198
    0.0025507332
    0.0029524051
    0.0033136294
    0.0036401894
    0.0039376026
    0.0042114589
    0.0044676863
    0.0047127389
    0.0049536775
    0.0051981469
    0.0054542369
    0.0057301953
    0.0060339285
    0.0063721580
    0.0067490724
    0.0071641925
    0.0076090779
    0.0080625090
    0.0084838576
    0.0088052047
   -0.0022500812
   -0.0013101177
   -0.0004746406
    0.0002617761
    0.0009092020
    0.0014791899
    0.0019829734
    0.0024305370
    0.0028303296
    0.0031893613
    0.0035135553
    0.0038081736
    0.0040782391
    0.0043288991
    0.0045656818
    0.0047946856
    0.0050226892
    0.0052571789
    0.0055063589
    0.0057790450
    0.0060844903
    0.0064320208
    0.0068303885
    0.0072866526
    0.0078043000
    0.0083801483
    0.0089994227
    0.0096282667
   -0.0003076305
    0.0004144436
    0.0010414238
    0.0015887698
    0.0020700271
    0.0024964505
    0.0028770697
    0.0032190406
    0.0035281484
    0.0038093337
    0.0040671775
    0.0043062975
    0.0045316392
    0.0047486834
    0.0049635856
    0.0051832727
    0.0054155082
    0.0056689357
    0.0059531096
    0.0062784715
    0.0066562291
    0.0070980752
    0.0076155813
    0.0082190239
    0.0089152610
    0.0097039030
    0.0011620537
    0.0016899236
    0.0021513674
    0.0025589465
    0.0029223586
    0.0032489742
    0.0035444826
    0.0038135433
    0.0040603288
    0.0042889783
    0.0045039161
    0.0047100751
    0.0049130540
    0.0051192231
    0.0053358210
    0.0055710520
    0.0058342003
    0.0061357633
    0.0064875726
    0.0069029271
    0.0073966166
    0.0079848105
    0.0086845649
    0.0095126655
    0.0104830964
    0.0020591483
    0.0024695009
    0.0028330141
    0.0031585935
    0.0034527035
    0.0037201892
    0.0039650086
    0.0041908188
    0.0044014002
    0.0046009458
    0.0047942550
    0.0049868573
    0.0051851164
    0.0053963193
    0.0056288125
    0.0058921712
    0.0061974165
    0.0065573078
    0.0069866864
    0.0075028528
    0.0081259861
    0.0088794791
    0.0031473114
    0.0034327785
    0.0036928293
    0.0039312131
    0.0041511130
    0.0043557038
    0.0045485293
    0.0047337341
    0.0049161966
    0.0051016218
    0.0052966231
    0.0055088192
    0.0057470057
    0.0060213860
    0.0063439103
    0.0067287165
    0.0071927184
    0.0077563278
    0.0038790104
    0.0040945842
    0.0042952903
    0.0044837941
    0.0046633564
    0.0048380178
    0.0050126767
    0.0051931410
    0.0053861820
    0.0055996379
    0.0058425941
    0.0061256932
    0.0064615655
    0.0050323430
    0.0052058723
    0.0053916432
   -0.0037661770
   -0.0026340341
   -0.0016656476
   -0.0008299467
   -0.0001001484
    0.0005475432
    0.0011350235
   -0.0046651620
   -0.0034296043
   -0.0023776232
   -0.0014756814
   -0.0006960950
   -0.0000154231
    0.0005868253
    0.0011292239
    0.0016291739
    0.0021034289
   -0.0066590659
   -0.0051411333
   -0.0038579578
   -0.0027662710
   -0.0018315567
   -0.0010259301
   -0.0003263561
    0.0002867580
    0.0008306371
    0.0013209614
    0.0017724402
    0.0021991962
    0.0026149506
   -0.0074518002
   -0.0058312331
   -0.0044628597
   -0.0032998360
   -0.0023052733
   -0.0014498197
   -0.0007096809
   -0.0000650914
    0.0005008596
    0.0010031273
    0.0014553707
    0.0018704238
    0.0022606026
    0.0026378483
    0.0030137009
   -0.0094482803
   -0.0075282990
   -0.0059150759
   -0.0045501404
   -0.0033878047
   -0.0023922373
   -0.0015350151
   -0.0007932112
   -0.0001478917
    0.0004170058
    0.0009155399
    0.0013604110
    0.0017634245
    0.0021358271
    0.0024884896
    0.0028319706
    0.0031764183
   -0.0095004219
   -0.0075921620
   -0.0059850241
   -0.0046222149
   -0.0034594099
   -0.0024618407
   -0.0016019429
   -0.0008575094
   -0.0002102656
    0.0003552258
    0.0008523786
    0.0012932157
    0.0016888328
    0.0020497236
    0.0023860102
    0.0027075335
    0.0030238550
    0.0033440971
   -0.0103680174
   -0.0083386358
   -0.0066296635
   -0.0051808404
   -0.0039450165
   -0.0028852113
   -0.0019721959
   -0.0011825562
   -0.0004971913
    0.0000998301
    0.0006221543
    0.0010818119
    0.0014897279
    0.0018560885
    0.0021906226
    0.0025027600
    0.0028017115
    0.0030964360
    0.0033955035
   -0.0107089381
   -0.0086422082
   -0.0068985604
   -0.0054182118
   -0.0041541185
   -0.0030692362
   -0.0021342140
   -0.0013255373
   -0.0006240448
   -0.0000137971
    0.0005187893
    0.0009856216
    0.0013974329
    0.0017641753
    0.0020952942
    0.0023999241
    0.0026870011
    0.0029652709
    0.0032432371
    0.0035289960
   -0.0091645701
   -0.0073516195
   -0.0058110778
   -0.0044949625
   -0.0033652610
   -0.0023917536
   -0.0015501900
   -0.0008208488
   -0.0001873761
    0.0003640969
    0.0008456460
    0.0012680736
    0.0016413268
    0.0019747813
    0.0022774775
    0.0025582346
    0.0028257327
    0.0030884884
    0.0033547903
   -0.0106988057
   -0.0086625038
   -0.0069339595
   -0.0054595485
   -0.0041962080
   -0.0031094980
   -0.0021717933
   -0.0013607266
   -0.0006579257
   -0.0000480117
    0.0004821958
    0.0009442801
    0.0013487196
    0.0017052396
    0.0020230845
    0.0023112173
    0.0025784327
    0.0028334171
    0.0030847501
    0.0033408762
   -0.0097729698
   -0.0078873843
   -0.0062785205
   -0.0049006176
   -0.0037164651
   -0.0026959448
   -0.0018145839
   -0.0010523082
   -0.0003923950
    0.0001793831
    0.0006754174
    0.0011067887
    0.0014836918
    0.0018157290
    0.0021121519
    0.0023820102
    0.0026342555
    0.0028777945
    0.0031215199
    0.0033744022
   -0.0093148633
   -0.0075051335
   -0.0059545583
   -0.0046228380
   -0.0034765411
   -0.0024881448
   -0.0016349617
   -0.0008981282
   -0.0002617022
    0.0002880639
    0.0007633187
    0.0011750947
    0.0015336697
    0.0018488465
    0.0021301619
    0.0023870267
    0.0026288252
    0.0028650078
    0.0031052379
   -0.0100482292
   -0.0081455710
   -0.0065082295
   -0.0050988741
   -0.0038849057
   -0.0028386173
   -0.0019367003
   -0.0011595062
   -0.0004902994
    0.0000854306
    0.0005805551
    0.0010067841
    0.0013750456
    0.0016957839
    0.0019791802
    0.0022353023
    0.0024742578
    0.0027063301
    0.0029422560
   -0.0088430762
   -0.0071184016
   -0.0056258409
   -0.0043368233
   -0.0032251476
   -0.0022677340
   -0.0014445355
   -0.0007381382
   -0.0001332348
    0.0003838865
    0.0008258009
    0.0012043152
    0.0015307673
    0.0018162596
    0.0020718237
    0.0023086071
    0.0025380924
    0.0027725273
   -0.0085672954
   -0.0068934506
   -0.0054335268
   -0.0041677726
   -0.0030752210
   -0.0021358260
   -0.0013311960
   -0.0006446596
   -0.0000610409
    0.0004336887
    0.0008527445
    0.0012088365
    0.0015143996
    0.0017817839
    0.0020234410
    0.0022521545
   -0.0100101967
   -0.0082177903
   -0.0066089120
   -0.0051897701
   -0.0039528614
   -0.0028844324
   -0.0019684697
   -0.0011886256
   -0.0005290042
    0.0000256772
    0.0004901593
    0.0008788097
    0.0012057945
    0.0014851893
    0.0017311058
    0.0019577997
   -0.0086667852
   -0.0070674231
   -0.0056103196
   -0.0043172662
   -0.0031909376
   -0.0022239118
   -0.0014038018
   -0.0007159564
   -0.0001447500
    0.0003258626
    0.0007121087
    0.0010302405
    0.0012963428
    0.0015260195
   -0.0075779133
   -0.0061384347
   -0.0047989621
   -0.0036028390
   -0.0025655370
   -0.0016863999
   -0.0009558306
   -0.0003593537
    0.0001201185
    0.0005009026
    0.0008013376
    0.0010382900
   -0.0062146002
   -0.0049245501
   -0.0037151210
   -0.0026473429
   -0.0017451270
   -0.0010100621
   -0.0004310545
    0.0000093995
    0.0003302511
   -0.0043158198
   -0.0031665330
   -0.0021582295
   -0.0013434439
   -0.0007340956
   -0.0003230253
   -0.0039308573
   -0.0028105209
   -0.0018385767
   -0.0011653223
   -0.0024320607
    0.0028805492
    0.0021053209
    0.0043334195
    0.0042479530
    0.0031691543
    0.0016369204
    0.0004369410
    0.0057972682
    0.0055941579
    0.0048769739
    0.0037055420
    0.0022055946
    0.0005943225
   -0.0008141344
    0.0069631891
    0.0067231173
    0.0061659927
    0.0052902024
    0.0041125094
    0.0026768513
    0.0010643691
   -0.0005958231
    0.0079880102
    0.0079024601
    0.0076100672
    0.0070937984
    0.0063426699
    0.0053536505
    0.0041339840
    0.0027047653
    0.0011060427
   -0.0005965001
   -0.0023041670
    0.0088499087
    0.0087729905
    0.0085481832
    0.0081576013
    0.0075876535
    0.0068286753
    0.0058751966
    0.0047267925
    0.0033897021
    0.0018793559
    0.0002239546
   -0.0015306687
    0.0095678471
    0.0095241044
    0.0093711162
    0.0090917079
    0.0086725144
    0.0081027949
    0.0073739375
    0.0064795013
    0.0054155333
    0.0041813447
    0.0027807297
    0.0012237861
   -0.0004704113
   -0.0022701656
    0.0101490666
    0.0101195232
    0.0100018428
    0.0097812753
    0.0094461967
    0.0089868688
    0.0083948380
    0.0076627301
    0.0067842984
    0.0057546240
    0.0045705481
    0.0032313484
    0.0017397880
    0.0001036842
   -0.0016618139
   -0.0035310957
    0.0105897961
    0.0106029703
    0.0105467604
    0.0104075819
    0.0101749652
    0.0098400655
    0.0093949543
    0.0088323337
    0.0081454288
    0.0073280010
    0.0063744682
    0.0052800868
    0.0040413029
    0.0026562869
    0.0011257567
   -0.0005457861
   -0.0023481969
    0.0108957152
    0.0109426499
    0.0109306089
    0.0108480169
    0.0106860673
    0.0104371997
    0.0100944325
    0.0096510927
    0.0091007371
    0.0084371448
    0.0076543098
    0.0067465473
    0.0057085581
    0.0045356396
    0.0032239675
    0.0017710470
    0.0001764821
   -0.0015569451
   -0.0034216039
    0.0111241147
    0.0111740999
    0.0111642242
    0.0110871500
    0.0109366269
    0.0107067387
    0.0103915846
    0.0099852764
    0.0094819140
    0.0088756263
    0.0081606085
    0.0073311292
    0.0063816223
    0.0053067273
    0.0041014349
    0.0027613230
    0.0012829101
   -0.0003357290
   -0.0020940536
   -0.0039876457
    0.0112624243
    0.0113054457
    0.0112874286
    0.0112042822
    0.0110516176
    0.0108246243
    0.0105181490
    0.0101267974
    0.0096450387
    0.0090672686
    0.0083878475
    0.0076011216
    0.0067014775
    0.0056833333
    0.0045412250
    0.0032699213
    0.0018646449
    0.0003213862
   -0.0013624591
   -0.0031872491
    0.0113343563
    0.0113223313
    0.0112483629
    0.0111093630
    0.0109013200
    0.0106195497
    0.0102589590
    0.0098142147
    0.0092798588
    0.0086503260
    0.0079200154
    0.0070832707
    0.0061343993
    0.0050677037
    0.0038775033
    0.0025582597
    0.0011047579
   -0.0004875671
   -0.0022220493
   -0.0040999355
    0.0112734106
    0.0112425499
    0.0111525472
    0.0110005831
    0.0107826749
    0.0104940876
    0.0101296710
    0.0096840151
    0.0091515896
    0.0085267697
    0.0078038783
    0.0069771624
    0.0060408125
    0.0049889405
    0.0038156105
    0.0025148955
    0.0010810336
   -0.0004913611
   -0.0022068122
   -0.0040682849
    0.0111171638
    0.0110646481
    0.0109569911
    0.0107908041
    0.0105615855
    0.0102641691
    0.0098930231
    0.0094424545
    0.0089066623
    0.0082798107
    0.0075560103
    0.0067293183
    0.0057937149
    0.0047430782
    0.0035712068
    0.0022718524
    0.0008388184
   -0.0007338055
   -0.0024512849
   -0.0043175621
    0.0108868138
    0.0108250228
    0.0107152010
    0.0105528205
    0.0103324528
    0.0100481477
    0.0096937265
    0.0092629411
    0.0087495263
    0.0081472275
    0.0074498126
    0.0066510275
    0.0057445557
    0.0047240048
    0.0035828834
    0.0023146097
    0.0009125915
   -0.0006296138
   -0.0023179825
   -0.0041574651
    0.0104785904
    0.0103446300
    0.0101648433
    0.0099315429
    0.0096371730
    0.0092743192
    0.0088357628
    0.0083144595
    0.0077035179
    0.0069961304
    0.0061855534
    0.0052650043
    0.0042276645
    0.0030666270
    0.0017749176
    0.0003455598
   -0.0012282338
   -0.0029527028
    0.0098989668
    0.0096990271
    0.0094524271
    0.0091488602
    0.0087789371
    0.0083339419
    0.0078056434
    0.0071861689
    0.0064679034
    0.0056433589
    0.0047051462
    0.0036458479
    0.0024580259
    0.0011342369
   -0.0003328971
   -0.0019504665
   -0.0037248113
    0.0092506655
    0.0090024386
    0.0087092390
    0.0083576154
    0.0079359674
    0.0074338840
    0.0068418179
    0.0061507859
    0.0053521861
    0.0044376803
    0.0033990428
    0.0022281417
    0.0009169101
   -0.0005425525
   -0.0021577537
   -0.0039353635
    0.0084282190
    0.0081234802
    0.0077708428
    0.0073537803
    0.0068584464
    0.0062726984
    0.0055855289
    0.0047867165
    0.0038665504
    0.0028156797
    0.0016250075
    0.0002856856
   -0.0012107309
   -0.0028720289
    0.0075393559
    0.0071850797
    0.0067816012
    0.0063081224
    0.0057476680
    0.0050857019
    0.0043092624
    0.0034064831
    0.0023662594
    0.0011780812
   -0.0001679840
   -0.0016811711
   -0.0033695786
    0.0063974910
    0.0059782388
    0.0054963752
    0.0049280228
    0.0042537135
    0.0034567760
    0.0025224695
    0.0014374195
    0.0001893978
   -0.0012326704
   -0.0028384014
    0.0051591867
    0.0046772914
    0.0041157395
    0.0034466085
    0.0026471396
    0.0016979961
    0.0005823740
   -0.0007144139
   -0.0022048723
   -0.0038987059
    0.0035978792
    0.0030172395
    0.0023175337
    0.0014687927
    0.0004462925
   -0.0007705691
   -0.0021985565
    0.0019789134
    0.0012964138
    0.0004444362
   -0.0006101614
   -0.0018938597
