           1           2   1.0108927210801331     
           2           3   1.0208146639344109     
           3           4  0.99302948414325942     
           2           5   1.0142402929768473     
           3           6  0.94234664245638589     
           3           7  0.93341138668151791     
           4           8   1.9248781129243029     
           5           9  0.97535003654426067     
           5          10  0.98217638283930497     
           1          11  0.98356182147689164     
           1          12  0.97377966494718993     
           1          13  0.98208371119602111     
           4          14  0.92822292957607877     
           5          15  0.98187672334972442     
