1 14 8
2 5 3
3 4 2
4 3 -15 -16
5 2 3
6 3 7
7 3 6
8 -12 -13
9 -10 -11
10 17 12
11 18 13
12 19 10
13 20 11
14 1 8
15 4 16
16 4 15
17 10 12
18 11 13
19 12 10
20 13 11
21 14 1
22 14 1
23 14 1
24 15 4
25 15 4
26 16 4
27 16 4
28 9 0
29 15 4
30 16 4

A
1 1.243281028
2 2.06451177
3 1.619640845
4 1.184660182
5 0.913766949
6 0.480338826
7 0.480338826
8 2.06451177
9 2.06451177
10 2.06451177
11 2.06451177
12 2.06451177
13 2.06451177
14 1.619640845
15 1.619640845
16 1.619640845
17 0.431753012
18 0.431753012
19 0.431753012
20 0.431753012
21 0.480338826
22 0.480338826
23 0.480338826
24 0.480338826
25 0.480338826
26 0.480338826
27 0.480338826
28 0.431753012
29 0.480338826
30 0.480338826

2
N
Y
