[406, 405, 407, 401]
[408, 405, 407, 401]
[401, 407, 411, 414]
[403, 421, 423, 404]
[431, 421, 423, 404]
[415, 401, 407, 405]
[406, 405, 407, 411]
[407, 401, 415, 417]
[408, 405, 407, 411]
[410, 413, 428, 432]
[410, 413, 428, 433]
[415, 401, 407, 411]
[422, 403, 420, 419]
[421, 403, 420, 419]
[420, 403, 421, 423]
[420, 403, 421, 431]
[420, 403, 422, 445]
[421, 403, 422, 445]
[424, 404, 423, 421]
[422, 403, 421, 423]
[422, 403, 421, 431]
[435, 426, 434, 425]
[427, 413, 428, 432]
[427, 413, 428, 433]
[450, 429, 432, 428]
[435, 426, 434, 451]
