   -0.0076506262
   -0.0102469641
   -0.0105227688
   -0.0085382886
   -0.0082494364
   -0.0114296527
   -0.0132859352
   -0.0139273547
   -0.0134442875
   -0.0117737944
   -0.0088009755
   -0.0096401720
   -0.0128028510
   -0.0149264120
   -0.0161593375
   -0.0166707702
   -0.0165460405
   -0.0157438116
   -0.0141189763
   -0.0114981575
   -0.0091272229
   -0.0127502117
   -0.0154095323
   -0.0172110355
   -0.0183251948
   -0.0189195189
   -0.0191054201
   -0.0189077128
   -0.0182588990
   -0.0170176044
   -0.0150066855
   -0.0120653560
   -0.0121375711
   -0.0153490394
   -0.0176783933
   -0.0192612021
   -0.0202650329
   -0.0208499340
   -0.0211368560
   -0.0211864341
   -0.0209893276
   -0.0204680668
   -0.0194900262
   -0.0178895622
   -0.0154977556
   -0.0121770264
   -0.0128098915
   -0.0161992046
   -0.0187067375
   -0.0204569420
   -0.0216057693
   -0.0223131155
   -0.0227194994
   -0.0229279485
   -0.0229917089
   -0.0229083751
   -0.0226202852
   -0.0220212820
   -0.0209689111
   -0.0193012101
   -0.0168573542
   -0.0135012542
   -0.0133376337
   -0.0169237691
   -0.0196105072
   -0.0215174675
   -0.0227922057
   -0.0235901368
   -0.0240569117
   -0.0243138372
   -0.0244467138
   -0.0244982711
   -0.0244645324
   -0.0242952260
   -0.0238983519
   -0.0231480234
   -0.0218955519
   -0.0199828379
   -0.0172579679
   -0.0135917777
   -0.0121773440
   -0.0163051830
   -0.0194722239
   -0.0217878363
   -0.0233889626
   -0.0244257202
   -0.0250474628
   -0.0253902568
   -0.0255665445
   -0.0256569118
   -0.0257043399
   -0.0257111391
   -0.0256389741
   -0.0254115479
   -0.0249201027
   -0.0240309415
   -0.0225949869
   -0.0204584791
   -0.0174750536
   -0.0135165953
   -0.0124927698
   -0.0167842237
   -0.0200836674
   -0.0225090512
   -0.0241976591
   -0.0252973003
   -0.0259555677
   -0.0263097833
   -0.0264781741
   -0.0265524562
   -0.0265921439
   -0.0266209361
   -0.0266252231
   -0.0265550328
   -0.0263271660
   -0.0258303158
   -0.0249317274
   -0.0234853368
   -0.0213406431
   -0.0183520692
   -0.0143865934
   -0.0134453531
   -0.0176957726
   -0.0209470131
   -0.0233265779
   -0.0249747436
   -0.0260387948
   -0.0266644334
   -0.0269872682
   -0.0271250779
   -0.0271711205
   -0.0271889225
   -0.0272086360
   -0.0272252646
   -0.0271991379
   -0.0270580462
   -0.0267015743
   -0.0260065927
   -0.0248342328
   -0.0230374735
   -0.0204695619
   -0.0169913676
   -0.0124739025
   -0.0141423714
   -0.0183247962
   -0.0215115114
   -0.0238336074
   -0.0254324712
   -0.0264549879
   -0.0270457175
   -0.0273389304
   -0.0274512743
   -0.0274754673
   -0.0274752017
   -0.0274814958
   -0.0274910884
   -0.0274665672
   -0.0273385299
   -0.0270095729
   -0.0263595673
   -0.0252524742
   -0.0235437629
   -0.0210885518
   -0.0177495480
   -0.0134010632
   -0.0137914924
   -0.0180507656
   -0.0213082286
   -0.0236910704
   -0.0253384836
   -0.0263966946
   -0.0270106956
   -0.0273160873
   -0.0274313026
   -0.0274509810
   -0.0274405841
   -0.0274326567
   -0.0274248306
   -0.0273800615
   -0.0272288491
   -0.0268732392
   -0.0261925998
   -0.0250507639
   -0.0233041140
   -0.0208105898
   -0.0174388743
   -0.0130747188
   -0.0115401828
   -0.0161927498
   -0.0198148803
   -0.0225177492
   -0.0244309237
   -0.0256974025
   -0.0264641622
   -0.0268723024
   -0.0270481443
   -0.0270952163
   -0.0270878541
   -0.0270664891
   -0.0270350609
   -0.0269607070
   -0.0267760205
   -0.0263833331
   -0.0256610820
   -0.0244719797
   -0.0226724923
   -0.0201237970
   -0.0167033230
   -0.0123150725
   -0.0115671368
   -0.0160471078
   -0.0195350008
   -0.0221265416
   -0.0239465958
   -0.0251381558
   -0.0258495733
   -0.0262222191
   -0.0263797562
   -0.0264190241
   -0.0264028484
   -0.0263555133
   -0.0262608384
   -0.0260634359
   -0.0256728443
   -0.0249704667
   -0.0238190157
   -0.0220740494
   -0.0195974417
   -0.0162729068
   -0.0120215331
   -0.0127201720
   -0.0167351252
   -0.0198130771
   -0.0220478276
   -0.0235695890
   -0.0245268404
   -0.0250693339
   -0.0253328376
   -0.0254263223
   -0.0254220243
   -0.0253487473
   -0.0251892643
   -0.0248818049
   -0.0243258171
   -0.0233916953
   -0.0219340879
   -0.0198083590
   -0.0168899564
   -0.0130958515
   -0.0136604484
   -0.0171982655
   -0.0198426520
   -0.0216975270
   -0.0229051646
   -0.0236212575
   -0.0239925412
   -0.0241376859
   -0.0241327727
   -0.0240020447
   -0.0237147836
   -0.0231889665
   -0.0223016237
   -0.0209052335
   -0.0188496993
   -0.0160086602
   -0.0123086248
   -0.0132885754
   -0.0166104361
   -0.0190460596
   -0.0207045453
   -0.0217385119
   -0.0223085506
   -0.0225517079
   -0.0225566668
   -0.0223480607
   -0.0218820052
   -0.0210535150
   -0.0197160736
   -0.0177117497
   -0.0149096722
   -0.0112478405
   -0.0103447401
   -0.0140546737
   -0.0168299977
   -0.0187347470
   -0.0199126192
   -0.0205307401
   -0.0207265512
   -0.0205680911
   -0.0200342800
   -0.0190202194
   -0.0173681872
   -0.0149215093
   -0.0115920941
   -0.0109932641
   -0.0142588918
   -0.0165228127
   -0.0178849121
   -0.0185083977
   -0.0185186549
   -0.0179333278
   -0.0166505261
   -0.0145060976
   -0.0113905327
   -0.0091503932
   -0.0126272246
   -0.0149060734
   -0.0160035366
   -0.0160285342
   -0.0149796579
   -0.0127299925
   -0.0092738160
   -0.0101116851
   -0.0127698707
   -0.0133313000
   -0.0115814603
   -0.0078320350
   -0.0105231516
   -0.0086178845
    0.0080572090
    0.0086178781
    0.0102110491
    0.0092395083
    0.0065841735
    0.0042866796
    0.0040399986
    0.0059253261
    0.0087072085
    0.0110950087
    0.0124227852
    0.0125064958
    0.0113784793
    0.0091972453
    0.0063018339
    0.0033050528
    0.0010169056
    0.0001147638
    0.0008446558
    0.0029618416
    0.0058472032
    0.0088008716
    0.0113195593
    0.0131575596
    0.0142432812
    0.0145759456
    0.0141681128
    0.0130309153
    0.0111771330
    0.0086552796
    0.0056131246
    0.0023569309
   -0.0006449620
   -0.0028773988
   -0.0039622092
   -0.0037392807
   -0.0022428670
    0.0002829229
    0.0033981635
    0.0066150914
    0.0095569562
    0.0120068853
    0.0138802954
    0.0151799215
    0.0159439305
    0.0162036671
    0.0159722888
    0.0152475524
    0.0140077362
    0.0122162607
    0.0098515908
    0.0069454394
    0.0036152058
    0.0000967073
   -0.0032477909
   -0.0060016975
   -0.0067331224
   -0.0042325522
   -0.0010181025
    0.0025010717
    0.0059488080
    0.0090661672
    0.0117082346
    0.0138135739
    0.0153882566
    0.0164888276
    0.0171844222
    0.0175218952
    0.0175203583
    0.0171823047
    0.0164938117
    0.0154131121
    0.0138735159
    0.0118131144
    0.0092072222
    0.0060809755
    0.0025181064
   -0.0013102390
   -0.0051162024
   -0.0064760443
   -0.0027138435
    0.0011995055
    0.0049475671
    0.0083325101
    0.0112447365
    0.0176803240
    0.0182667546
    0.0185981321
    0.0187001511
    0.0185786906
    0.0182301286
    0.0176298075
    0.0111726808
    0.0082379777
    0.0047858610
    0.0008833533
   -0.0033324493
   -0.0076093506
   -0.0073741927
   -0.0029954474
    0.0012981418
    0.0052793659
    0.0194008983
    0.0195923100
    0.0196498973
    0.0195759535
    0.0193698934
    0.0049634066
    0.0008284821
   -0.0037274384
   -0.0085301430
   -0.0086071983
   -0.0036781135
    0.0010037837
    0.0052836428
    0.0203417454
    0.0204131757
    0.0204340897
    0.0204030641
    0.0203239990
    0.0045737387
    0.0000960777
   -0.0048710383
   -0.0071610542
   -0.0018689951
    0.0210747479
    0.0210628124
    0.0210677335
    0.0004279470
   -0.0048484765
   -0.0045937733
    0.0215928818
    0.0215366271
    0.0215534664
   -0.0016010285
   -0.0074212937
   -0.0089628717
   -0.0028726348
    0.0219437884
    0.0218489828
    0.0218671931
   -0.0048975600
   -0.0103029156
   -0.0038768888
    0.0220121037
    0.0219873081
   -0.0079382041
   -0.0097414085
   -0.0032841104
    0.0219670432
    0.0219555972
   -0.0087754139
   -0.0088926035
   -0.0025602343
    0.0218203045
    0.0217397006
    0.0217625784
   -0.0056882114
   -0.0093988145
   -0.0031472420
    0.0213886551
    0.0213596966
    0.0213897167
   -0.0037975155
   -0.0100254436
   -0.0064543363
   -0.0007549562
    0.0208264811
    0.0208241992
    0.0208231147
   -0.0015004300
   -0.0071711380
   -0.0080523354
   -0.0024419123
    0.0025262222
    0.0200612834
    0.0201262119
    0.0201259437
    0.0200594097
    0.0024215495
   -0.0024649910
   -0.0078981309
   -0.0042454747
    0.0006799407
    0.0049971449
    0.0190089921
    0.0192192694
    0.0192878146
    0.0192120060
    0.0189923401
    0.0045929791
    0.0002836524
   -0.0045397124
   -0.0078824065
   -0.0029258664
    0.0016128914
    0.0055901140
    0.0089575707
    0.0166140826
    0.0174091776
    0.0179292791
    0.0182108568
    0.0182613351
    0.0180796609
    0.0176611982
    0.0169814847
    0.0100557091
    0.0069148993
    0.0031923183
   -0.0010440338
   -0.0056288266
   -0.0054257405
   -0.0009343746
    0.0031949122
    0.0067892885
    0.0097839414
    0.0121765489
    0.0140068800
    0.0153454383
    0.0162688289
    0.0168307206
    0.0170529471
    0.0169383435
    0.0164824092
    0.0156665217
    0.0144425322
    0.0127353278
    0.0104719240
    0.0076144446
    0.0041796839
    0.0002631200
   -0.0039145800
   -0.0079723866
   -0.0045238655
   -0.0003780671
    0.0035475549
    0.0069927171
    0.0098411642
    0.0120723308
    0.0137199243
    0.0148359711
    0.0154590650
    0.0156032559
    0.0152671970
    0.0144389889
    0.0130871740
    0.0111605122
    0.0086167041
    0.0054690414
    0.0018383340
   -0.0019908821
   -0.0055528564
   -0.0064717381
   -0.0031015529
    0.0007092377
    0.0044294395
    0.0076848572
    0.0102893140
    0.0121871522
    0.0133812176
    0.0138796231
    0.0136782492
    0.0127650576
    0.0111207981
    0.0087345304
    0.0056673843
    0.0021550408
   -0.0013089001
   -0.0040327722
   -0.0053964889
   -0.0050984209
   -0.0031847425
   -0.0000629959
    0.0035499971
    0.0069237007
    0.0095705143
    0.0112531356
    0.0118669992
    0.0113582639
    0.0097164770
    0.0070337884
    0.0036839070
    0.0005375191
   -0.0011978163
   -0.0006858938
    0.0019185273
    0.0054246103
    0.0083161545
    0.0095175552
    0.0085077708
    0.0055165848
    0.0026037266
    0.0034662900
    0.0069402010
    0.0054902006
    0.0128336454
    0.0144333510
    0.0159127936
    0.0173699768
    0.0096590454
    0.0115339668
    0.0131739271
    0.0145990722
    0.0158764481
    0.0171015534
    0.0183875188
    0.0080642249
    0.0101780895
    0.0119631139
    0.0134663476
    0.0147490261
    0.0158813387
    0.0169426107
    0.0180220419
    0.0192175307
    0.0049338887
    0.0076082356
    0.0098097674
    0.0116243931
    0.0131295077
    0.0143937872
    0.0154816481
    0.0164579212
    0.0173918281
    0.0183595349
    0.0194452149
    0.0207399037
    0.0049102108
    0.0076345740
    0.0098300511
    0.0116190262
    0.0130927490
    0.0143229299
    0.0153708154
    0.0162937950
    0.0171502036
    0.0180028121
    0.0189212452
    0.0199833319
    0.0212758188
    0.0012469691
    0.0047886388
    0.0075579052
    0.0097649594
    0.0115518521
    0.0130177823
    0.0142364675
    0.0152676936
    0.0161648280
    0.0169799999
    0.0177678551
    0.0185884216
    0.0195092338
    0.0206070123
    0.0001939356
    0.0040260429
    0.0069733016
    0.0092965377
    0.0111636750
    0.0126871475
    0.0139470399
    0.0150052885
    0.0159145659
    0.0167241125
    0.0174838981
    0.0182477191
    0.0190756578
    0.0200361976
    0.0212086772
    0.0021110199
    0.0055103347
    0.0081431351
    0.0102320039
    0.0119200339
    0.0133043317
    0.0144558871
    0.0154314252
    0.0162809367
    0.0170526995
    0.0177969266
    0.0185686128
    0.0194298662
    0.0204519939
    0.0217190709
   -0.0018422029
    0.0025604009
    0.0058675536
    0.0084300045
    0.0104640605
    0.0121087151
    0.0134587903
    0.0145842502
    0.0155417474
    0.0163819956
    0.0171546763
    0.0179120875
    0.0187118877
    0.0196194049
    0.0207096852
    0.0014697255
    0.0050502795
    0.0077998597
    0.0099668505
    0.0117092648
    0.0131334424
    0.0143166238
    0.0153205482
    0.0161999206
    0.0170080066
    0.0178007265
    0.0186395904
    0.0195939177
    0.0207425815
    0.0025632650
    0.0058939910
    0.0084739419
    0.0105193481
    0.0121716616
    0.0135294995
    0.0146679558
    0.0156506043
    0.0165372493
    0.0173892027
    0.0182729724
    0.0192626022
    0.0204408214
    0.0051301814
    0.0078980952
    0.0100849260
    0.0118454186
    0.0132890047
    0.0145002223
    0.0155520360
    0.0165146341
    0.0174612462
    0.0184717448
    0.0196339686
    0.0053552349
    0.0081056977
    0.0102951123
    0.0120665672
    0.0135295986
    0.0147759396
    0.0158914883
    0.0169644094
    0.0180897206
    0.0193697220
    0.0085954361
    0.0107618672
    0.0125376306
    0.0140309701
    0.0153479666
    0.0165998516
    0.0179064115
    0.0108861997
    0.0127858255
    0.0144235330
    0.0159311224
    0.0166802309
    0.0152521351
    0.0137456745
    0.0120613035
    0.0183623578
    0.0170914428
    0.0158846196
    0.0146306967
    0.0132308252
    0.0116010309
    0.0096732026
    0.0197633388
    0.0184974175
    0.0173914903
    0.0163474958
    0.0152740001
    0.0140881568
    0.0127135652
    0.0110755777
    0.0090951561
    0.0066836190
    0.0201831070
    0.0189882774
    0.0179665113
    0.0170305125
    0.0161004908
    0.0151043326
    0.0139753900
    0.0126484351
    0.0110536114
    0.0091079381
    0.0067035289
    0.0036933920
    0.0201011587
    0.0190223369
    0.0180968242
    0.0172465950
    0.0164019236
    0.0155001168
    0.0144830146
    0.0132932667
    0.0118691112
    0.0101367151
    0.0079986501
    0.0053160864
    0.0018822933
    0.0210018398
    0.0198314149
    0.0188650082
    0.0180229312
    0.0172352821
    0.0164402418
    0.0155820921
    0.0146085188
    0.0134670181
    0.0120998978
    0.0104370922
    0.0083847686
    0.0058070125
    0.0024955733
    0.0218794935
    0.0205709197
    0.0195183687
    0.0186356860
    0.0178497009
    0.0170966099
    0.0163199636
    0.0154683621
    0.0144926444
    0.0133421794
    0.0119598231
    0.0102742872
    0.0081880910
    0.0055574745
    0.0021581727
    0.0213849992
    0.0201845082
    0.0192073014
    0.0183728986
    0.0176123367
    0.0168653243
    0.0160781152
    0.0152010645
    0.0141855330
    0.0129799722
    0.0115241835
    0.0097407821
    0.0075211239
    0.0047016890
    0.0010231077
    0.0210019333
    0.0198542314
    0.0189086426
    0.0180871505
    0.0173220594
    0.0165537508
    0.0157284871
    0.0147957422
    0.0137048198
    0.0124001861
    0.0108147830
    0.0088594424
    0.0064056207
    0.0032560149
   -0.0009053116
    0.0207530108
    0.0195992209
    0.0186400421
    0.0177960667
    0.0169973531
    0.0161817066
    0.0152924020
    0.0142752872
    0.0130747456
    0.0116280345
    0.0098569227
    0.0076543632
    0.0048628486
    0.0012391047
    0.0207239444
    0.0194899405
    0.0184625112
    0.0175562355
    0.0166944002
    0.0158080136
    0.0148337265
    0.0137105415
    0.0123749747
    0.0107542379
    0.0087559501
    0.0062522855
    0.0030565468
    0.0197203218
    0.0185377854
    0.0175114386
    0.0165515416
    0.0155760445
    0.0145096401
    0.0132804240
    0.0118147696
    0.0100297752
    0.0078226886
    0.0050575858
    0.0192759631
    0.0180003224
    0.0168693377
    0.0157786935
    0.0146313139
    0.0133371775
    0.0118097085
    0.0099601301
    0.0076916464
    0.0183694238
    0.0170026742
    0.0157254995
    0.0144117695
    0.0129452015
    0.0112226142
    0.0091577344
    0.0158989994
    0.0143552860
    0.0126691552
    0.0107333070
   -0.0073536619
   -0.0075566436
   -0.0060351521
   -0.0081403533
   -0.0096353361
   -0.0101726752
   -0.0097850505
   -0.0084697204
   -0.0062331407
   -0.0063994132
   -0.0088895404
   -0.0106789238
   -0.0117927762
   -0.0122977792
   -0.0122388333
   -0.0116087154
   -0.0103546992
   -0.0084158098
   -0.0080936134
   -0.0103870137
   -0.0120848759
   -0.0132430080
   -0.0139380649
   -0.0142343033
   -0.0141613286
   -0.0137052614
   -0.0128134821
   -0.0114113287
   -0.0094277688
   -0.0068258155
   -0.0089217637
   -0.0112299996
   -0.0129937490
   -0.0142700924
   -0.0151350813
   -0.0156628210
   -0.0159089831
   -0.0158999407
   -0.0156281095
   -0.0150535451
   -0.0141113192
   -0.0127238651
   -0.0108171517
   -0.0083394108
   -0.0070937209
   -0.0099245964
   -0.0122112533
   -0.0139818218
   -0.0152949586
   -0.0162243365
   -0.0168446368
   -0.0172199301
   -0.0173949585
   -0.0173894102
   -0.0171956905
   -0.0167799041
   -0.0160860741
   -0.0150430691
   -0.0135739587
   -0.0116072508
   -0.0090895841
   -0.0096633649
   -0.0121810042
   -0.0141766431
   -0.0157011646
   -0.0168220538
   -0.0176128862
   -0.0181442085
   -0.0184759586
   -0.0186516472
   -0.0186943380
   -0.0186046340
   -0.0183606998
   -0.0179202426
   -0.0172242918
   -0.0162025761
   -0.0147802196
   -0.0128856080
   -0.0104591567
   -0.0074626108
   -0.0094499009
   -0.0121687384
   -0.0143538613
   -0.0160529643
   -0.0173292456
   -0.0182534576
   -0.0188967877
   -0.0193246956
   -0.0195917872
   -0.0197377746
   -0.0197846550
   -0.0197351693
   -0.0195726961
   -0.0192624364
   -0.0187538245
   -0.0179840630
   -0.0168826247
   -0.0153764558
   -0.0133959251
   -0.0108811349
   -0.0077880865
   -0.0079426993
   -0.0110697935
   -0.0136322399
   -0.0156717665
   -0.0172452074
   -0.0184189624
   -0.0192633193
   -0.0198473184
   -0.0202340671
   -0.0204768401
   -0.0206158908
   -0.0206760519
   -0.0206653269
   -0.0205744488
   -0.0203774474
   -0.0200331610
   -0.0194876156
   -0.0186771221
   -0.0175319944
   -0.0159807022
   -0.0139543848
   -0.0113913897
   -0.0082409016
   -0.0105253547
   -0.0133184410
   -0.0155644297
   -0.0173195902
   -0.0186485347
   -0.0196202095
   -0.0203037678
   -0.0207646847
   -0.0210612410
   -0.0212415110
   -0.0213408813
   -0.0213803058
   -0.0213651811
   -0.0212851574
   -0.0211146500
   -0.0208141433
   -0.0203321969
   -0.0196080173
   -0.0185744237
   -0.0171612739
   -0.0152989572
   -0.0129219038
   -0.0099711442
   -0.0096877044
   -0.0127315586
   -0.0152008271
   -0.0171525525
   -0.0186502692
   -0.0197618450
   -0.0205562753
   -0.0211004036
   -0.0214557546
   -0.0216756942
   -0.0218029584
   -0.0218676676
   -0.0218859296
   -0.0218591388
   -0.0217738593
   -0.0216025241
   -0.0213047095
   -0.0208289904
   -0.0201152566
   -0.0190974942
   -0.0177066349
   -0.0158736903
   -0.0135326102
   -0.0106220673
   -0.0109440692
   -0.0138222883
   -0.0161383625
   -0.0179534022
   -0.0193331067
   -0.0203459055
   -0.0210601064
   -0.0215410354
   -0.0218481616
   -0.0220325222
   -0.0221345061
   -0.0221820804
   -0.0221895181
   -0.0221568005
   -0.0220696093
   -0.0218999803
   -0.0216075900
   -0.0211415071
   -0.0204424353
   -0.0194452867
   -0.0180819997
   -0.0162843329
   -0.0139866707
   -0.0111277217
   -0.0101547482
   -0.0132033307
   -0.0156728091
   -0.0176231828
   -0.0191188095
   -0.0202273872
   -0.0210173498
   -0.0215549964
   -0.0219017130
   -0.0221113069
   -0.0222276846
   -0.0222829078
   -0.0222957959
   -0.0222710598
   -0.0221991110
   -0.0220565105
   -0.0218070476
   -0.0214033112
   -0.0207888491
   -0.0199006584
   -0.0186719451
   -0.0170351108
   -0.0149246881
   -0.0122798708
   -0.0090451462
   -0.0097083442
   -0.0128220747
   -0.0153539627
   -0.0173608753
   -0.0189052534
   -0.0200539229
   -0.0208751796
   -0.0214358390
   -0.0217980760
   -0.0220167043
   -0.0221366483
   -0.0221908830
   -0.0221988720
   -0.0221657429
   -0.0220819266
   -0.0219237646
   -0.0216544729
   -0.0212260441
   -0.0205813872
   -0.0196571058
   -0.0183865728
   -0.0167031849
   -0.0145438004
   -0.0118519632
   -0.0085795449
   -0.0087226156
   -0.0119543295
   -0.0146024409
   -0.0167163338
   -0.0183541321
   -0.0195806519
   -0.0204639652
   -0.0210717282
   -0.0214676336
   -0.0217082827
   -0.0218401737
   -0.0218974854
   -0.0219003188
   -0.0218536039
   -0.0217469072
   -0.0215549710
   -0.0212390029
   -0.0207487144
   -0.0200249841
   -0.0190030695
   -0.0176161859
   -0.0157995799
   -0.0134948149
   -0.0106540329
   -0.0096858033
   -0.0126638869
   -0.0150865871
   -0.0169997695
   -0.0184614418
   -0.0195373258
   -0.0202960643
   -0.0208046937
   -0.0211246007
   -0.0213078063
   -0.0213939937
   -0.0214081427
   -0.0213591182
   -0.0212391202
   -0.0210241309
   -0.0206753571
   -0.0201415817
   -0.0193623269
   -0.0182717422
   -0.0168030987
   -0.0148939575
   -0.0124918089
   -0.0095600497
   -0.0081777835
   -0.0113001921
   -0.0138712411
   -0.0159217241
   -0.0175015049
   -0.0186731251
   -0.0195052542
   -0.0200667217
   -0.0204211554
   -0.0206222735
   -0.0207101478
   -0.0207082974
   -0.0206220685
   -0.0204382670
   -0.0201260431
   -0.0196391335
   -0.0189193061
   -0.0179008899
   -0.0165162505
   -0.0147022545
   -0.0124074976
   -0.0096003705
   -0.0096904936
   -0.0124250304
   -0.0146314387
   -0.0163464513
   -0.0176268340
   -0.0185404149
   -0.0191578278
   -0.0195451176
   -0.0197574225
   -0.0198339585
   -0.0197945034
   -0.0196376040
   -0.0193407020
   -0.0188621069
   -0.0181449847
   -0.0171228733
   -0.0157269276
   -0.0138944547
   -0.0115785704
   -0.0087588325
   -0.0097100571
   -0.0122972082
   -0.0143607367
   -0.0159366965
   -0.0170845939
   -0.0178752544
   -0.0183796657
   -0.0186593497
   -0.0187585555
   -0.0186988910
   -0.0184766517
   -0.0180632353
   -0.0174085951
   -0.0164477847
   -0.0151101248
   -0.0133307804
   -0.0110639680
   -0.0082970915
   -0.0071439159
   -0.0100397571
   -0.0124054867
   -0.0142429115
   -0.0155946768
   -0.0165273268
   -0.0171142220
   -0.0174202584
   -0.0174897247
   -0.0173383372
   -0.0169502963
   -0.0162810473
   -0.0152655072
   -0.0138315482
   -0.0119175542
   -0.0094924991
   -0.0093986919
   -0.0117282735
   -0.0134972995
   -0.0147445738
   -0.0155380229
   -0.0159479016
   -0.0160241709
   -0.0157814933
   -0.0151946335
   -0.0142056284
   -0.0127425725
   -0.0107478688
   -0.0082114839
   -0.0090100509
   -0.0112427088
   -0.0128450592
   -0.0138514452
   -0.0143247362
   -0.0143110576
   -0.0138111058
   -0.0127783239
   -0.0111476613
   -0.0088904625
   -0.0060801655
   -0.0072179070
   -0.0097076611
   -0.0114300183
   -0.0123428087
   -0.0124683868
   -0.0118046589
   -0.0103106344
   -0.0079989111
   -0.0074982339
   -0.0096290231
   -0.0104369998
   -0.0097409900
   -0.0075690641
   -0.0076656545
   -0.0074843505
   -0.0064346742
    0.0058852193
    0.0063111735
    0.0075197131
    0.0067846022
    0.0047989206
    0.0031098647
    0.0029308618
    0.0043156019
    0.0063936832
    0.0082159781
    0.0092475549
    0.0093219363
    0.0084620714
    0.0068084372
    0.0046489385
    0.0024524888
    0.0007887721
    0.0001206306
    0.0006201783
    0.0021250147
    0.0042226629
    0.0064308465
    0.0083692907
    0.0098215345
    0.0107023591
    0.0109955053
    0.0107076466
    0.0098509627
    0.0084486942
    0.0065605413
    0.0043186418
    0.0019530117
   -0.0002197763
   -0.0018628262
   -0.0027139661
   -0.0026454272
   -0.0016733818
    0.0000450906
    0.0022367604
    0.0045858377
    0.0068192309
    0.0087515799
    0.0102860701
    0.0113925871
    0.0120778762
    0.0123583232
    0.0122448044
    0.0117383331
    0.0108307024
    0.0095111081
    0.0077822718
    0.0056816311
    0.0033003650
    0.0007961338
   -0.0016096317
   -0.0036642468
   -0.0051426434
   -0.0050320176
   -0.0034891004
   -0.0013919685
    0.0010291857
    0.0035319908
    0.0059144913
    0.0080373440
    0.0098214035
    0.0112371385
    0.0122917368
    0.0130119847
    0.0134261751
    0.0135531666
    0.0133999704
    0.0129622866
    0.0122240535
    0.0111595321
    0.0097426061
    0.0079614132
    0.0058313844
    0.0034046370
    0.0007792204
   -0.0018935745
   -0.0044155014
   -0.0060134497
   -0.0037126060
   -0.0011078842
    0.0015885652
    0.0041970740
    0.0065888694
    0.0086828302
    0.0104360960
    0.0118385006
    0.0129083277
    0.0136823655
    0.0142005578
    0.0144933330
    0.0145775215
    0.0144582794
    0.0141307432
    0.0135782757
    0.0127709141
    0.0116699357
    0.0102395259
    0.0084597515
    0.0063338036
    0.0038905017
    0.0011888010
   -0.0016724624
   -0.0045464389
   -0.0061750932
   -0.0033414464
   -0.0004144789
    0.0024366159
    0.0050907574
    0.0074696733
    0.0149037163
    0.0152434068
    0.0154229077
    0.0154541675
    0.0153395040
    0.0150729120
    0.0146367376
    0.0062996746
    0.0037502896
    0.0009178854
   -0.0021258281
   -0.0052660289
   -0.0043258547
   -0.0011442902
    0.0019053183
    0.0047270214
    0.0160272686
    0.0161710217
    0.0162125436
    0.0161547281
    0.0159944026
    0.0044480491
    0.0015527527
   -0.0016132390
   -0.0049746672
   -0.0054879762
   -0.0020381196
    0.0012344118
    0.0167183714
    0.0168134854
    0.0168456519
    0.0168172199
    0.0167266772
    0.0015958686
   -0.0017307749
   -0.0053089587
   -0.0048753990
   -0.0012454112
    0.0173305566
    0.0173591291
    0.0173592965
    0.0173312163
   -0.0009731784
   -0.0046880415
   -0.0038708891
    0.0177642837
    0.0177642102
    0.0177621115
   -0.0014603844
   -0.0053846885
   -0.0040822308
    0.0180635229
    0.0180493886
    0.0180525646
   -0.0060096904
   -0.0072966450
   -0.0030401894
    0.0182135322
    0.0182195094
   -0.0050078675
   -0.0064107609
    0.0182752494
    0.0182537712
    0.0182647913
   -0.0052276678
   -0.0071567150
    0.0181925050
    0.0181718864
    0.0181791448
   -0.0052743317
   -0.0065252867
    0.0179724281
    0.0179670815
    0.0179769883
   -0.0037558229
   -0.0060129299
    0.0176401220
    0.0176434041
    0.0176423450
   -0.0035294537
   -0.0077591729
   -0.0070545686
   -0.0029542343
    0.0171889543
    0.0172040487
    0.0171887402
   -0.0030925374
   -0.0071337181
   -0.0068705411
   -0.0029293052
    0.0006650176
    0.0164894652
    0.0166001876
    0.0166477264
    0.0166334699
    0.0165569239
   -0.0011070026
   -0.0048142742
   -0.0070970753
   -0.0033058761
    0.0001884132
    0.0156627268
    0.0158662566
    0.0159668749
    0.0159686024
    0.0158712328
    0.0156703250
    0.0032530768
    0.0001310727
   -0.0033034543
   -0.0069689283
   -0.0055449777
   -0.0020259776
    0.0012203221
    0.0041263252
    0.0144512128
    0.0148492300
    0.0150904739
    0.0151866900
    0.0151410757
    0.0149515431
    0.0146088405
    0.0049043350
    0.0021169223
   -0.0009884631
   -0.0043311461
   -0.0041439177
   -0.0008688541
    0.0021574469
    0.0048536201
    0.0071801557
    0.0091256397
    0.0106999273
    0.0119311942
    0.0128602387
    0.0135299489
    0.0139745894
    0.0142148581
    0.0142595725
    0.0141095106
    0.0137583161
    0.0131891701
    0.0123714501
    0.0112629383
    0.0098198327
    0.0080097721
    0.0058212251
    0.0032684733
    0.0003982545
   -0.0026970091
   -0.0058645567
   -0.0044980189
   -0.0013757284
    0.0015954510
    0.0042845531
    0.0066186357
    0.0085685054
    0.0101361662
    0.0113449375
    0.0122282632
    0.0128175711
    0.0131340325
    0.0131871929
    0.0129773390
    0.0124960176
    0.0117237173
    0.0106294499
    0.0091778174
    0.0073427585
    0.0051224869
    0.0025527909
   -0.0002784684
   -0.0032163152
   -0.0060366229
   -0.0049654159
   -0.0020831086
    0.0008191695
    0.0035328388
    0.0059220470
    0.0079172067
    0.0094975063
    0.0106721012
    0.0114618360
    0.0118847633
    0.0119494736
    0.0116548028
    0.0109900873
    0.0099351339
    0.0084659886
    0.0065712972
    0.0042761263
    0.0016676038
   -0.0010827610
   -0.0037149059
   -0.0044486525
   -0.0019040155
    0.0008514395
    0.0035157257
    0.0058681533
    0.0077820288
    0.0092034161
    0.0101193322
    0.0105299872
    0.0104334862
    0.0098220650
    0.0086845801
    0.0070197402
    0.0048684595
    0.0023612320
   -0.0002410823
   -0.0025531303
   -0.0041556682
   -0.0047356238
   -0.0041740743
   -0.0025655441
   -0.0002167611
    0.0024224053
    0.0049085639
    0.0069219989
    0.0082834040
    0.0089071085
    0.0087520859
    0.0078039796
    0.0060973001
    0.0037907075
    0.0012771737
   -0.0007898810
   -0.0017074877
   -0.0010942647
    0.0008597852
    0.0034267067
    0.0057012822
    0.0069890830
    0.0069061809
    0.0053801397
    0.0029199775
    0.0010831722
    0.0017410847
    0.0043470935
    0.0048487071
    0.0037307789
    0.0098985840
    0.0112676794
    0.0125222186
    0.0085182809
    0.0099387673
    0.0111999146
    0.0123313497
    0.0133814390
    0.0144043967
    0.0065963024
    0.0082087393
    0.0096104869
    0.0108287227
    0.0119022378
    0.0128755875
    0.0137965517
    0.0147138838
    0.0156733330
    0.0046406224
    0.0065156542
    0.0081163247
    0.0094828820
    0.0106580493
    0.0116836677
    0.0126007331
    0.0134502726
    0.0142740977
    0.0151146270
    0.0160133673
    0.0038077123
    0.0058159969
    0.0075010162
    0.0089231598
    0.0101342452
    0.0111787025
    0.0120959470
    0.0129226856
    0.0136948196
    0.0144487172
    0.0152218092
    0.0160523534
    0.0169781110
    0.0009640813
    0.0034734814
    0.0055376775
    0.0072506573
    0.0086865145
    0.0099031798
    0.0109469913
    0.0118567210
    0.0126667285
    0.0134092988
    0.0141163649
    0.0148206902
    0.0155564795
    0.0163595914
    0.0172670971
    0.0002406067
    0.0029060366
    0.0050698521
    0.0068497274
    0.0083324432
    0.0095826000
    0.0106497383
    0.0115735364
    0.0123877148
    0.0131227219
    0.0138077331
    0.0144721141
    0.0151464031
    0.0158630094
    0.0166565744
    0.0175642756
   -0.0017556104
    0.0013311628
    0.0037947800
    0.0057941451
    0.0074417461
    0.0088181818
    0.0099827238
    0.0109806785
    0.0118485182
    0.0126174129
    0.0133157409
    0.0139708881
    0.0146105643
    0.0152638229
    0.0159617544
    0.0167380764
    0.0176298695
   -0.0025524995
    0.0007248322
    0.0033150877
    0.0054020952
    0.0071126196
    0.0085356155
    0.0097352628
    0.0107597153
    0.0116468905
    0.0124285094
    0.0131327809
    0.0137864359
    0.0144160935
    0.0150494293
    0.0157159437
    0.0164476535
    0.0172798833
    0.0182527745
   -0.0026123440
    0.0006951979
    0.0032993433
    0.0053921622
    0.0071044599
    0.0085272507
    0.0097258186
    0.0107488876
    0.0116347159
    0.0124151811
    0.0131185959
    0.0137716836
    0.0144010898
    0.0150344320
    0.0157011664
    0.0164332842
    0.0172660443
    0.0182395246
   -0.0025697773
    0.0007426069
    0.0033467781
    0.0054372763
    0.0071462276
    0.0085654243
    0.0097606819
    0.0107812128
    0.0116657437
    0.0124467016
    0.0131530534
    0.0138123265
    0.0144520553
    0.0151008919
    0.0157894016
    0.0165506505
    0.0174208865
    0.0003428588
    0.0030422439
    0.0052022555
    0.0069627309
    0.0084208661
    0.0096463259
    0.0106910924
    0.0115960936
    0.0123956369
    0.0131204428
    0.0137997785
    0.0144630375
    0.0151407265
    0.0158652708
    0.0166713279
    0.0175961681
   -0.0011909947
    0.0018468638
    0.0042577273
    0.0062064088
    0.0078080237
    0.0091446525
    0.0102769141
    0.0112518743
    0.0121083668
    0.0128807217
    0.0136012968
    0.0143022284
    0.0150166201
    0.0157791095
    0.0166258675
    0.0017681612
    0.0042174522
    0.0061990237
    0.0078274037
    0.0091860458
    0.0103377335
    0.0113321363
    0.0122111977
    0.0130128302
    0.0137734820
    0.0145297355
    0.0153190084
    0.0161793435
    0.0021865498
    0.0045833417
    0.0065341241
    0.0081432837
    0.0094906221
    0.0106387728
    0.0116395180
    0.0125386371
    0.0133791789
    0.0142034898
    0.0150538069
    0.0159712547
    0.0046728945
    0.0066565057
    0.0082998086
    0.0096801574
    0.0108626398
    0.0119043289
    0.0128580138
    0.0137745299
    0.0147030285
    0.0058022247
    0.0076603895
    0.0092209246
    0.0105521579
    0.0117200849
    0.0127883415
    0.0138177807
    0.0087265029
    0.0102475153
    0.0115776314
    0.0122527936
    0.0109878214
    0.0095837607
    0.0141086475
    0.0130923310
    0.0120371704
    0.0108883464
    0.0095935740
    0.0081085691
    0.0148832153
    0.0139666959
    0.0130576551
    0.0121085056
    0.0110711535
    0.0098980856
    0.0085418613
    0.0069546527
    0.0050903306
    0.0162534958
    0.0153364014
    0.0144882268
    0.0136690457
    0.0128372427
    0.0119514314
    0.0109705523
    0.0098526745
    0.0085528557
    0.0070202865
    0.0051955241
    0.0030097603
    0.0168116548
    0.0159061292
    0.0150898803
    0.0143254905
    0.0135752990
    0.0128025574
    0.0119714859
    0.0110463261
    0.0099897002
    0.0087600438
    0.0073081513
    0.0055726027
    0.0034745095
    0.0169398655
    0.0160733322
    0.0152986446
    0.0145794312
    0.0138806920
    0.0131690775
    0.0124125292
    0.0115793842
    0.0106368903
    0.0095491117
    0.0082738914
    0.0067586393
    0.0049344812
    0.0027082825
   -0.0000472076
    0.0179072144
    0.0169516260
    0.0161236453
    0.0153853150
    0.0147013641
    0.0140388224
    0.0133667514
    0.0126556773
    0.0118766474
    0.0109998821
    0.0099929336
    0.0088180074
    0.0074282316
    0.0057622412
    0.0037362461
    0.0012327023
    0.0180221015
    0.0170732752
    0.0162559100
    0.0155313188
    0.0148646467
    0.0142239149
    0.0135794345
    0.0129031212
    0.0121676782
    0.0113452926
    0.0104060672
    0.0093156828
    0.0080321960
    0.0065012589
    0.0046491191
    0.0023720291
   -0.0004795315
    0.0174974764
    0.0166349507
    0.0158821355
    0.0152027868
    0.0145641509
    0.0139361812
    0.0132908328
    0.0126012718
    0.0118408753
    0.0109818048
    0.0099931786
    0.0088384757
    0.0074717389
    0.0058320021
    0.0038348623
    0.0013595994
   -0.0017705556
    0.0174940678
    0.0166292191
    0.0158745853
    0.0151938453
    0.0145541881
    0.0139255073
    0.0132796787
    0.0125897827
    0.0118290674
    0.0109695654
    0.0099802106
    0.0088242326
    0.0074553337
    0.0058120780
    0.0038093363
    0.0013252813
   -0.0018187126
    0.0172180993
    0.0163738197
    0.0156302925
    0.0149518854
    0.0143059733
    0.0136622911
    0.0129922831
    0.0122682602
    0.0114622472
    0.0105443348
    0.0094805703
    0.0082297726
    0.0067390205
    0.0049368652
    0.0027231707
   -0.0000462969
    0.0177926877
    0.0168385035
    0.0160108566
    0.0152716003
    0.0145853527
    0.0139190148
    0.0132414232
    0.0125226996
    0.0117332402
    0.0108422726
    0.0098158862
    0.0086141545
    0.0071871134
    0.0054687462
    0.0033683152
    0.0007576882
    0.0165245986
    0.0156869382
    0.0149291637
    0.0142148475
    0.0135091294
    0.0127785512
    0.0119904604
    0.0111117781
    0.0101072013
    0.0089365706
    0.0075512192
    0.0058886754
    0.0038652939
    0.0013664180
    0.0164891106
    0.0155937558
    0.0147817795
    0.0140145883
    0.0132538305
    0.0124619492
    0.0116017939
    0.0106353879
    0.0095217846
    0.0082140711
    0.0066551122
    0.0047720577
    0.0024699532
    0.0160649285
    0.0151351298
    0.0142755963
    0.0134445117
    0.0125986458
    0.0116945761
    0.0106883388
    0.0095338209
    0.0081801587
    0.0065682909
    0.0046275005
    0.0022744462
    0.0145677704
    0.0136371157
    0.0127089327
    0.0117321593
    0.0106543756
    0.0094218381
    0.0079783841
    0.0062646513
    0.0042208912
    0.0132552591
    0.0121989067
    0.0110649521
    0.0097900689
    0.0083131749
    0.0065819918
    0.0114206241
    0.0100452219
   -0.0053837613
   -0.0055371621
   -0.0059351577
   -0.0071277066
   -0.0075691673
   -0.0072640911
   -0.0062308066
   -0.0063579032
   -0.0078213834
   -0.0087740055
   -0.0092327376
   -0.0092173654
   -0.0087296547
   -0.0077542663
   -0.0062782486
   -0.0053398499
   -0.0072178526
   -0.0086857897
   -0.0097479304
   -0.0104325345
   -0.0107711104
   -0.0107832354
   -0.0104688953
   -0.0098089124
   -0.0087727417
   -0.0073320087
   -0.0054773298
   -0.0052597848
   -0.0072497120
   -0.0088745779
   -0.0101388505
   -0.0110689991
   -0.0117006237
   -0.0120671993
   -0.0121916304
   -0.0120811874
   -0.0117261065
   -0.0111017616
   -0.0101740480
   -0.0089073826
   -0.0072745473
   -0.0069213871
   -0.0087266553
   -0.0101908397
   -0.0113347645
   -0.0121913293
   -0.0127973660
   -0.0131867083
   -0.0133847662
   -0.0134048627
   -0.0132464403
   -0.0128952109
   -0.0123251306
   -0.0115020388
   -0.0103886842
   -0.0089508884
   -0.0071644892
   -0.0069491345
   -0.0088497151
   -0.0104194363
   -0.0116776317
   -0.0126548769
   -0.0133870947
   -0.0139103605
   -0.0142564660
   -0.0144494962
   -0.0145033612
   -0.0144204907
   -0.0141916265
   -0.0137967292
   -0.0132069447
   -0.0123874481
   -0.0113010907
   -0.0099127220
   -0.0081939688
   -0.0061284639
   -0.0061350584
   -0.0082502213
   -0.0100336351
   -0.0114993343
   -0.0126730524
   -0.0135876894
   -0.0142791483
   -0.0147826244
   -0.0151295125
   -0.0153447919
   -0.0154451374
   -0.0154376763
   -0.0153195016
   -0.0150778902
   -0.0146912483
   -0.0141306960
   -0.0133622287
   -0.0123493695
   -0.0110562102
   -0.0094508578
   -0.0075090910
   -0.0077479478
   -0.0097047437
   -0.0113368617
   -0.0126674073
   -0.0137267908
   -0.0145494358
   -0.0151708137
   -0.0156247730
   -0.0159412781
   -0.0161444745
   -0.0162512323
   -0.0162701404
   -0.0162010283
   -0.0160349744
   -0.0157548554
   -0.0153363252
   -0.0147492769
   -0.0139596267
   -0.0129314134
   -0.0116291690
   -0.0100204617
   -0.0080785687
   -0.0062861428
   -0.0085411173
   -0.0104554743
   -0.0120481689
   -0.0133457404
   -0.0143798877
   -0.0151850527
   -0.0157961898
   -0.0162466502
   -0.0165663950
   -0.0167803876
   -0.0169073480
   -0.0169587928
   -0.0169384883
   -0.0168422856
   -0.0166583040
   -0.0163675465
   -0.0159448268
   -0.0153600132
   -0.0145795157
   -0.0135679710
   -0.0122901481
   -0.0107128095
   -0.0088067471
   -0.0065484270
   -0.0075813697
   -0.0097164971
   -0.0115138990
   -0.0129986863
   -0.0142008980
   -0.0151537300
   -0.0158917936
   -0.0164493459
   -0.0168586545
   -0.0171485440
   -0.0173430366
   -0.0174603865
   -0.0175122144
   -0.0175030409
   -0.0174301017
   -0.0172834483
   -0.0170464266
   -0.0166963284
   -0.0162054496
   -0.0155422300
   -0.0146725901
   -0.0135614755
   -0.0121743346
   -0.0104786596
   -0.0084453131
   -0.0083758168
   -0.0104481201
   -0.0121849338
   -0.0136144935
   -0.0147684116
   -0.0156804275
   -0.0163850030
   -0.0169158796
   -0.0173047120
   -0.0175797929
   -0.0177649059
   -0.0178784054
   -0.0179324845
   -0.0179326792
   -0.0178776777
   -0.0177593646
   -0.0175631691
   -0.0172686145
   -0.0168501141
   -0.0162780155
   -0.0155197125
   -0.0145409022
   -0.0133069197
   -0.0117840166
   -0.0099404911
   -0.0077474462
   -0.0078254264
   -0.0100248340
   -0.0118774782
   -0.0134119656
   -0.0146595925
   -0.0156536955
   -0.0164285481
   -0.0170181111
   -0.0174548088
   -0.0177682900
   -0.0179843754
   -0.0181240513
   -0.0182027170
   -0.0182296179
   -0.0182074676
   -0.0181323988
   -0.0179940607
   -0.0177760674
   -0.0174565531
   -0.0170090453
   -0.0164033717
   -0.0156068334
   -0.0145853528
   -0.0133046548
   -0.0117314692
   -0.0098344497
   -0.0075845688
   -0.0073779594
   -0.0096691473
   -0.0116057816
   -0.0132165606
   -0.0145324686
   -0.0155864837
   -0.0164126722
   -0.0170450636
   -0.0175164923
   -0.0178573879
   -0.0180947252
   -0.0182510365
   -0.0183435938
   -0.0183837885
   -0.0183766887
   -0.0183208959
   -0.0182085617
   -0.0180256959
   -0.0177527226
   -0.0173651107
   -0.0168343679
   -0.0161290203
   -0.0152157337
   -0.0140605567
   -0.0126300149
   -0.0108922506
   -0.0088177206
   -0.0063791266
   -0.0086346389
   -0.0107409379
   -0.0125076274
   -0.0139641213
   -0.0151422429
   -0.0160754434
   -0.0167978195
   -0.0173428872
   -0.0177423874
   -0.0180251331
   -0.0182159911
   -0.0183349146
   -0.0183962738
   -0.0184082540
   -0.0183726146
   -0.0182845731
   -0.0181330409
   -0.0179009774
   -0.0175660987
   -0.0171016743
   -0.0164775408
   -0.0156612257
   -0.0146191727
   -0.0133180009
   -0.0117257347
   -0.0098128619
   -0.0075530308
   -0.0083882034
   -0.0105190490
   -0.0123100675
   -0.0137890721
   -0.0149869410
   -0.0159366755
   -0.0166722520
   -0.0172272644
   -0.0176336755
   -0.0179205686
   -0.0181130057
   -0.0182310920
   -0.0182891738
   -0.0182952571
   -0.0182507566
   -0.0181503671
   -0.0179823414
   -0.0177289188
   -0.0173670360
   -0.0168692684
   -0.0162049135
   -0.0153412761
   -0.0142449587
   -0.0128833532
   -0.0112260328
   -0.0092461336
   -0.0069212820
   -0.0081794745
   -0.0103105071
   -0.0121044967
   -0.0135868438
   -0.0147871215
   -0.0157377995
   -0.0164727230
   -0.0170255929
   -0.0174284833
   -0.0177104621
   -0.0178963378
   -0.0180056353
   -0.0180517241
   -0.0180412864
   -0.0179739958
   -0.0178425744
   -0.0176330770
   -0.0173255021
   -0.0168946787
   -0.0163113927
   -0.0155436891
   -0.0145583858
   -0.0133227073
   -0.0118060028
   -0.0099815566
   -0.0078283493
   -0.0071657593
   -0.0093986399
   -0.0112929463
   -0.0128686297
   -0.0141519770
   -0.0151737925
   -0.0159674431
   -0.0165669585
   -0.0170052341
   -0.0173123280
   -0.0175140629
   -0.0176306788
   -0.0176758918
   -0.0176562436
   -0.0175707912
   -0.0174111044
   -0.0171617446
   -0.0168009661
   -0.0163018669
   -0.0156337401
   -0.0147637226
   -0.0136586896
   -0.0122873006
   -0.0106222328
   -0.0086425885
   -0.0063363247
   -0.0068134784
   -0.0090361830
   -0.0109263749
   -0.0124990982
   -0.0137780335
   -0.0147929489
   -0.0155770574
   -0.0161646185
   -0.0165886756
   -0.0168790295
   -0.0170605131
   -0.0171515311
   -0.0171630304
   -0.0170978723
   -0.0169506634
   -0.0167080610
   -0.0163495672
   -0.0158487099
   -0.0151747172
   -0.0142944498
   -0.0131747752
   -0.0117851229
   -0.0101003860
   -0.0081040563
   -0.0061628216
   -0.0084067492
   -0.0103238717
   -0.0119220308
   -0.0132209557
   -0.0142486909
   -0.0150381149
   -0.0156237974
   -0.0160390784
   -0.0163135217
   -0.0164707389
   -0.0165267427
   -0.0164888010
   -0.0163549282
   -0.0161140444
   -0.0157467103
   -0.0152265884
   -0.0145224265
   -0.0136005974
   -0.0124281212
   -0.0109760899
   -0.0092234785
   -0.0071612277
   -0.0065379079
   -0.0086570666
   -0.0104530340
   -0.0119324382
   -0.0131156909
   -0.0140322728
   -0.0147162937
   -0.0152024078
   -0.0155221780
   -0.0157010035
   -0.0157558144
   -0.0156934737
   -0.0155101777
   -0.0151917897
   -0.0147151266
   -0.0140501985
   -0.0131633197
   -0.0120209412
   -0.0105941555
   -0.0088637168
   -0.0068253150
   -0.0067742985
   -0.0087829739
   -0.0104654085
   -0.0118275891
   -0.0128912858
   -0.0136878505
   -0.0142522431
   -0.0146176633
   -0.0148109716
   -0.0148492535
   -0.0147376740
   -0.0144687729
   -0.0140234093
   -0.0133732098
   -0.0124845379
   -0.0113237324
   -0.0098634081
   -0.0080894377
   -0.0060079931
   -0.0057609613
   -0.0078423069
   -0.0095924546
   -0.0110038564
   -0.0120915675
   -0.0128846317
   -0.0134173445
   -0.0137213519
   -0.0138192495
   -0.0137202647
   -0.0134184788
   -0.0128938627
   -0.0121161581
   -0.0110513882
   -0.0096705838
   -0.0079599173
   -0.0059310135
   -0.0066106852
   -0.0084832332
   -0.0099922020
   -0.0111368363
   -0.0119393079
   -0.0124309027
   -0.0126394516
   -0.0125798084
   -0.0122489614
   -0.0116267527
   -0.0106824894
   -0.0093869387
   -0.0077282008
   -0.0057287627
   -0.0058300803
   -0.0077558796
   -0.0092769728
   -0.0103699581
   -0.0110464570
   -0.0113291172
   -0.0112313683
   -0.0107469367
   -0.0098530041
   -0.0085278362
   -0.0067798188
   -0.0061722879
   -0.0079229403
   -0.0091389518
   -0.0097799178
   -0.0098407552
   -0.0093141102
   -0.0081887477
   -0.0064951809
   -0.0060778837
   -0.0076279251
   -0.0082774166
   -0.0078997257
   -0.0065004020
   -0.0059169675
   -0.0064746928
   -0.0049081029
    0.0044613321
    0.0047904068
    0.0057250957
    0.0051569549
    0.0036374667
    0.0023619404
    0.0022279367
    0.0032721033
    0.0048590124
    0.0062740760
    0.0070873069
    0.0071510315
    0.0064814639
    0.0052018974
    0.0035531544
    0.0018985248
    0.0006538666
    0.0001484213
    0.0005053233
    0.0016120538
    0.0031803755
    0.0048648478
    0.0063763215
    0.0075329882
    0.0082499786
    0.0085020217
    0.0082903821
    0.0076279386
    0.0065426680
    0.0050945640
    0.0033963478
    0.0016240198
    0.0000035769
   -0.0012312880
   -0.0018952857
   -0.0018920825
   -0.0012278057
   -0.0000070574
    0.0015883466
    0.0033429571
    0.0050580551
    0.0065846565
    0.0078318980
    0.0087580851
    0.0093535354
    0.0096228250
    0.0095722926
    0.0092044933
    0.0085184191
    0.0075148433
    0.0062065446
    0.0046308154
    0.0028602528
    0.0010080951
   -0.0007761779
   -0.0023253542
   -0.0034845824
   -0.0041395971
   -0.0042296695
   -0.0037476285
   -0.0027396149
   -0.0013056093
    0.0004115699
    0.0022524233
    0.0040701756
    0.0057500434
    0.0072152053
    0.0084240636
    0.0093631656
    0.0100374512
    0.0104596795
    0.0106419421
    0.0105910528
    0.0103070809
    0.0097836496
    0.0090100874
    0.0079764567
    0.0066810944
    0.0051386231
    0.0033865450
    0.0014900450
   -0.0004559581
   -0.0023305411
   -0.0039999712
   -0.0034789422
   -0.0017249406
    0.0001901612
    0.0021389255
    0.0040136236
    0.0057338802
    0.0072468106
    0.0085240447
    0.0095579401
    0.0103565548
    0.0109368091
    0.0113171725
    0.0115122615
    0.0115303791
    0.0113730721
    0.0110352030
    0.0105052267
    0.0097668097
    0.0088028100
    0.0076011675
    0.0061607329
    0.0044955824
    0.0026381311
    0.0006421244
   -0.0014148752
   -0.0034325261
   -0.0043680405
   -0.0023978758
   -0.0003321703
    0.0017223478
    0.0036796497
    0.0054769360
    0.0070723974
    0.0111914490
    0.0117074071
    0.0120592793
    0.0122637257
    0.0123307395
    0.0122638624
    0.0120605792
    0.0117121005
    0.0112031711
    0.0071611999
    0.0055868287
    0.0037982730
    0.0018248886
   -0.0002868400
   -0.0024700851
   -0.0046367362
   -0.0048487346
   -0.0026657877
   -0.0004552445
    0.0016946397
    0.0037169673
    0.0125044343
    0.0127879791
    0.0129561833
    0.0130186481
    0.0129789491
    0.0128353537
    0.0125804999
    0.0042694057
    0.0022772435
    0.0001161579
   -0.0021661905
   -0.0045023606
   -0.0038792947
   -0.0015167239
    0.0007744397
    0.0029339506
    0.0133638636
    0.0135257724
    0.0136052752
    0.0136074852
    0.0135327409
    0.0133767406
    0.0010309578
   -0.0012984707
   -0.0037468010
   -0.0051347012
   -0.0026086449
   -0.0001662413
    0.0140330096
    0.0141068958
    0.0141238814
    0.0140852560
    0.0139885362
   -0.0009732374
   -0.0035184728
   -0.0051282465
   -0.0024702688
    0.0000638795
    0.0145074985
    0.0145443773
    0.0145426400
    0.0145022703
   -0.0025634512
   -0.0052991713
   -0.0050211655
   -0.0022562024
    0.0148755763
    0.0148865755
    0.0148732653
   -0.0022947185
   -0.0051184627
   -0.0032596812
    0.0151353651
    0.0151387455
    0.0151283868
   -0.0043976399
   -0.0039737749
    0.0153046690
    0.0153031049
   -0.0048635315
   -0.0056290356
    0.0153814300
    0.0153825789
    0.0153808816
   -0.0053398903
    0.0153716366
    0.0153708749
   -0.0045728431
   -0.0042982647
    0.0152716427
    0.0152715669
   -0.0044427402
   -0.0037409604
    0.0150784763
    0.0150854376
    0.0150792189
   -0.0037387681
   -0.0058602525
   -0.0028728090
    0.0147924590
    0.0148110907
    0.0148063321
   -0.0042429271
   -0.0057988514
   -0.0028801036
    0.0143992852
    0.0144441991
    0.0144520719
    0.0144233342
   -0.0018551012
   -0.0046706460
   -0.0049105899
   -0.0021262905
    0.0139312280
    0.0139964195
    0.0140082581
    0.0139672705
    0.0138711766
   -0.0011038575
   -0.0037809087
   -0.0045370468
   -0.0018605874
    0.0006276579
    0.0131960147
    0.0133665576
    0.0134596310
    0.0134797516
    0.0134277247
    0.0133009606
   -0.0006009496
   -0.0031529400
   -0.0032472327
   -0.0007351106
    0.0015905852
    0.0123065242
    0.0125946300
    0.0127758749
    0.0128585050
    0.0128458203
    0.0127370860
    0.0125273114
    0.0030121144
    0.0008368495
   -0.0015283381
   -0.0040327908
   -0.0049469667
   -0.0024451584
   -0.0000613795
    0.0021438177
    0.0041321688
    0.0111217798
    0.0115867026
    0.0119063797
    0.0120938179
    0.0121560494
    0.0120950632
    0.0119082174
    0.0115876663
    0.0111193380
    0.0040231100
    0.0020215269
   -0.0001770588
   -0.0025198615
   -0.0049282461
   -0.0033624186
   -0.0010144267
    0.0012091524
    0.0032452178
    0.0050548500
    0.0066185310
    0.0079320535
    0.0090032599
    0.0098485193
    0.0104881246
    0.0109414853
    0.0112235826
    0.0113435445
    0.0113048107
    0.0111055020
    0.0107381558
    0.0101892190
    0.0094396528
    0.0084679239
    0.0072551462
    0.0057908679
    0.0040780242
    0.0021370747
    0.0000104809
   -0.0022322284
   -0.0044914297
   -0.0048227113
   -0.0025861116
   -0.0003513609
    0.0017739383
    0.0037126831
    0.0054170215
    0.0068634344
    0.0080471085
    0.0089761297
    0.0096652485
    0.0101298616
    0.0103817084
    0.0104269433
    0.0102658148
    0.0098926268
    0.0092957461
    0.0084589317
    0.0073654085
    0.0060046708
    0.0043804508
    0.0025184373
    0.0004734473
   -0.0016647363
   -0.0037706149
   -0.0038259863
   -0.0017249263
    0.0004079764
    0.0024395342
    0.0042727837
    0.0058477641
    0.0071354102
    0.0081286180
    0.0088325931
    0.0092561124
    0.0094055266
    0.0092820000
    0.0088808519
    0.0081923011
    0.0072047888
    0.0059125825
    0.0043273625
    0.0024914361
    0.0004896695
   -0.0015442703
   -0.0034346207
   -0.0039893282
   -0.0021761053
   -0.0001556450
    0.0018743868
    0.0037499796
    0.0053576840
    0.0066324657
    0.0075449507
    0.0080856304
    0.0082517278
    0.0080398196
    0.0074442782
    0.0064616751
    0.0051032497
    0.0034158407
    0.0015060171
   -0.0004444955
   -0.0021888937
   -0.0034628861
   -0.0040548502
   -0.0038602144
   -0.0029033192
   -0.0013387774
    0.0005752950
    0.0025439125
    0.0043101528
    0.0056952885
    0.0065962970
    0.0069610052
    0.0067645103
    0.0060017179
    0.0047034917
    0.0029793944
    0.0010715951
   -0.0006308152
   -0.0016790698
   -0.0017435904
   -0.0007761089
    0.0009378178
    0.0028791037
    0.0045087240
    0.0054317519
    0.0054284439
    0.0044485068
    0.0027115309
    0.0009189782
    0.0001895020
    0.0012069373
    0.0031701281
    0.0040388924
    0.0023818469
    0.0026328008
    0.0077213541
    0.0088151035
    0.0097971419
    0.0106895848
    0.0058804904
    0.0071166397
    0.0082135882
    0.0091880582
    0.0100643055
    0.0108694735
    0.0116304831
    0.0123706789
    0.0035838731
    0.0050602336
    0.0063608445
    0.0075009557
    0.0085031381
    0.0093924647
    0.0101946355
    0.0109351828
    0.0116389482
    0.0123292516
    0.0130262320
    0.0030567827
    0.0045960636
    0.0059312862
    0.0070907046
    0.0081028174
    0.0089945310
    0.0097909764
    0.0105158684
    0.0111919538
    0.0118412744
    0.0124850543
    0.0131430667
    0.0020633954
    0.0037353480
    0.0051692579
    0.0064038266
    0.0074735191
    0.0084082577
    0.0092341647
    0.0099745468
    0.0106508545
    0.0112834547
    0.0118920952
    0.0124961877
    0.0131146978
    0.0137656604
    0.0015208747
    0.0032702297
    0.0047571437
    0.0060294601
    0.0071267104
    0.0080813945
    0.0089206656
    0.0096678095
    0.0103435177
    0.0109668868
    0.0115561580
    0.0121292123
    0.0127038898
    0.0132980284
    0.0139293485
    0.0146150577
   -0.0015583612
    0.0006873052
    0.0025655370
    0.0041485295
    0.0054942084
    0.0066484494
    0.0076476598
    0.0085212340
    0.0092935387
    0.0099855022
    0.0106158164
    0.0112018689
    0.0117603822
    0.0123079467
    0.0128612824
    0.0134374624
    0.0140539134
    0.0147284117
   -0.0013693187
    0.0008548995
    0.0027050209
    0.0042596882
    0.0055794208
    0.0067108528
    0.0076903611
    0.0085469016
    0.0093042467
    0.0099826119
    0.0105999211
    0.0111727238
    0.0117168671
    0.0122480405
    0.0127821184
    0.0133354354
    0.0139249628
    0.0145684606
   -0.0033404551
   -0.0007552426
    0.0013683199
    0.0031332640
    0.0046171455
    0.0058784487
    0.0069617021
    0.0079014388
    0.0087251115
    0.0094552736
    0.0101111583
    0.0107098871
    0.0112673146
    0.0117987152
    0.0123192348
    0.0128443120
    0.0133899215
    0.0139728229
    0.0146108160
    0.0153233103
   -0.0029716938
   -0.0004431009
    0.0016305030
    0.0033529953
    0.0048013854
    0.0060331941
    0.0070919761
    0.0080114350
    0.0088183354
    0.0095346926
    0.0101793303
    0.0107690225
    0.0113193637
    0.0118453937
    0.0123620898
    0.0128847331
    0.0134291960
    0.0140121953
    0.0146516001
    0.0153670799
   -0.0037662048
   -0.0010782035
    0.0011137264
    0.0029255374
    0.0044424691
    0.0057277117
    0.0068287424
    0.0077819476
    0.0086159804
    0.0093541304
    0.0100161056
    0.0106192731
    0.0111796003
    0.0117123613
    0.0122326392
    0.0127557421
    0.0132974958
    0.0138744757
    0.0145042814
    0.0152060502
   -0.0036352539
   -0.0009618550
    0.0012178171
    0.0030191918
    0.0045271696
    0.0058047365
    0.0068992575
    0.0078471078
    0.0086769896
    0.0094123629
    0.0100731377
    0.0106769920
    0.0112402596
    0.0117786402
    0.0123077082
    0.0128432520
    0.0134015885
    0.0139996856
    0.0146554286
   -0.0007485546
    0.0014041113
    0.0031849754
    0.0046768030
    0.0059413616
    0.0070253770
    0.0079649544
    0.0087887859
    0.0095205241
    0.0101804724
    0.0107868262
    0.0113566064
    0.0119062741
    0.0124522340
    0.0130111102
    0.0135999053
    0.0142360683
    0.0149375380
   -0.0011401277
    0.0010960491
    0.0029436973
    0.0044885007
    0.0057951317
    0.0069128761
    0.0078799337
    0.0087267763
    0.0094785965
    0.0101570862
    0.0107817450
    0.0113708669
    0.0119421484
    0.0125131284
    0.0131013749
    0.0137244545
    0.0143996956
   -0.0004843011
    0.0016528409
    0.0034275046
    0.0049167662
    0.0061802531
    0.0072642978
    0.0082055770
    0.0090339978
    0.0097748937
    0.0104506506
    0.0110819074
    0.0116883001
    0.0122889526
    0.0129025845
    0.0135472568
    0.0003381578
    0.0023558082
    0.0040422853
    0.0054645346
    0.0066762912
    0.0077206431
    0.0086327740
    0.0094423433
    0.0101753186
    0.0108553646
    0.0115047097
    0.0121445401
    0.0127948793
    0.0134738836
    0.0024898298
    0.0041885650
    0.0056254569
    0.0068515784
    0.0079099089
    0.0088368486
    0.0096640175
    0.0104197803
    0.0111302367
    0.0118196094
    0.0125097700
    0.0047412225
    0.0061442465
    0.0073475993
    0.0083923424
    0.0093154220
    0.0101503146
    0.0109275030
    0.0116741427
    0.0049330245
    0.0063708850
    0.0076094292
    0.0086880692
    0.0096456029
    0.0105179631
    0.0081405161
    0.0108600336
    0.0099888797
    0.0090358743
    0.0079728062
    0.0067751542
    0.0118975136
    0.0111488749
    0.0103672020
    0.0095267576
    0.0085994057
    0.0075563478
    0.0063695403
    0.0050140896
    0.0128084494
    0.0121161987
    0.0114258678
    0.0107165677
    0.0099647761
    0.0091454403
    0.0082322869
    0.0071976004
    0.0060118497
    0.0046437841
    0.0030622359
    0.0133624491
    0.0126962378
    0.0120506971
    0.0114070848
    0.0107448746
    0.0100425360
    0.0092776974
    0.0084268033
    0.0074643521
    0.0063618888
    0.0050868178
    0.0036015463
    0.0018637422
    0.0139431132
    0.0132808429
    0.0126557510
    0.0120503714
    0.0114461328
    0.0108239418
    0.0101643333
    0.0094472920
    0.0086516764
    0.0077543857
    0.0067291753
    0.0055451143
    0.0041648285
    0.0025426522
    0.0006234127
    0.0141849578
    0.0135345780
    0.0129282490
    0.0123485335
    0.0117777365
    0.0111981503
    0.0105920815
    0.0099416074
    0.0092280908
    0.0084315058
    0.0075293932
    0.0064955390
    0.0052981843
    0.0038977757
    0.0022442188
    0.0002739628
    0.0143641149
    0.0137221877
    0.0131290310
    0.0125671296
    0.0120193246
    0.0114688234
    0.0108990899
    0.0102936062
    0.0096354212
    0.0089065647
    0.0080871943
    0.0071544412
    0.0060808750
    0.0048324182
    0.0033656029
    0.0016240411
   -0.0004659142
    0.0147222990
    0.0140637222
    0.0134633583
    0.0129032634
    0.0123663370
    0.0118361654
    0.0112968267
    0.0107326645
    0.0101279358
    0.0094663142
    0.0087302179
    0.0078999201
    0.0069523061
    0.0058592151
    0.0045851882
    0.0030843629
    0.0012963359
   -0.0008592425
    0.0147955686
    0.0141389246
    0.0135425406
    0.0129882596
    0.0124590793
    0.0119388327
    0.0114119755
    0.0108633152
    0.0102776504
    0.0096393157
    0.0089315566
    0.0081357080
    0.0072300489
    0.0061882824
    0.0049774450
    0.0035549731
    0.0018647218
   -0.0001685031
   -0.0026462973
    0.0147847470
    0.0141315611
    0.0135385516
    0.0129875460
    0.0124615984
    0.0119446750
    0.0114213616
    0.0108766270
    0.0102954188
    0.0096622350
    0.0089605076
    0.0081717647
    0.0072745202
    0.0062427849
    0.0050439514
    0.0036359197
    0.0019630539
   -0.0000493411
   -0.0025026495
    0.0148842901
    0.0142163692
    0.0136117645
    0.0130520727
    0.0125201264
    0.0119996728
    0.0114750751
    0.0109311001
    0.0103525479
    0.0097238085
    0.0090282594
    0.0082474772
    0.0073601312
    0.0063405326
    0.0051565733
    0.0037669275
    0.0021171201
    0.0001341793
   -0.0022807239
    0.0145891792
    0.0139391631
    0.0133450910
    0.0127891014
    0.0122542038
    0.0117240674
    0.0111828135
    0.0106147565
    0.0100040199
    0.0093340086
    0.0085866890
    0.0077416600
    0.0067748047
    0.0056565174
    0.0043492550
    0.0028041391
    0.0009564004
   -0.0012807770
    0.0147948417
    0.0141068115
    0.0134806398
    0.0128983709
    0.0123425379
    0.0117960833
    0.0112422945
    0.0106646129
    0.0100463133
    0.0093699903
    0.0086168866
    0.0077659057
    0.0067923299
    0.0056660109
    0.0043490003
    0.0027922710
    0.0009315181
   -0.0013181760
    0.0143008279
    0.0136331898
    0.0130153203
    0.0124296666
    0.0118584820
    0.0112840023
    0.0106884459
    0.0100538096
    0.0093614018
    0.0085911657
    0.0077207463
    0.0067241140
    0.0055698012
    0.0042185599
    0.0026203163
    0.0007105759
   -0.0015933601
    0.0140416311
    0.0133631513
    0.0127279598
    0.0121186009
    0.0115165186
    0.0109025949
    0.0102572467
    0.0095602503
    0.0087902288
    0.0079237724
    0.0069342708
    0.0057902633
    0.0044534361
    0.0028761906
    0.0009993080
    0.0135590722
    0.0128744989
    0.0122203695
    0.0115784942
    0.0109286178
    0.0102492380
    0.0095177812
    0.0087103369
    0.0078009325
    0.0067604099
    0.0055549825
    0.0041446522
    0.0024819586
    0.0124233368
    0.0117326270
    0.0110391046
    0.0103199647
    0.0095500987
    0.0087025653
    0.0077483396
    0.0066556050
    0.0053889488
    0.0039090679
    0.0021743474
    0.0116111501
    0.0108596261
    0.0100731250
    0.0092233061
    0.0082788194
    0.0072061512
    0.0059702944
    0.0045363828
    0.0107585926
    0.0098983249
    0.0089580257
    0.0079026924
    0.0066965372
    0.0083343581
   -0.0040240163
   -0.0041423795
   -0.0044261115
   -0.0053790618
   -0.0057396698
   -0.0054993821
   -0.0046826692
   -0.0046711708
   -0.0058585629
   -0.0066556519
   -0.0070559093
   -0.0070649302
   -0.0066861555
   -0.0059198099
   -0.0047734609
   -0.0051672177
   -0.0063956604
   -0.0073201619
   -0.0079445598
   -0.0082810507
   -0.0083399256
   -0.0081237203
   -0.0076263472
   -0.0068368580
   -0.0057470069
   -0.0043609747
   -0.0048050348
   -0.0061996546
   -0.0073364087
   -0.0082168099
   -0.0088534449
   -0.0092626532
   -0.0094584649
   -0.0094484825
   -0.0092319555
   -0.0088000568
   -0.0081383024
   -0.0072307506
   -0.0060654578
   -0.0046407173
   -0.0054153755
   -0.0067836284
   -0.0079170078
   -0.0088224590
   -0.0095147838
   -0.0100118932
   -0.0103307058
   -0.0104839085
   -0.0104778397
   -0.0103115323
   -0.0099768644
   -0.0094599181
   -0.0087432439
   -0.0078090009
   -0.0066427372
   -0.0052374871
   -0.0059794206
   -0.0073291874
   -0.0084588276
   -0.0093782442
   -0.0101032818
   -0.0106523708
   -0.0110436156
   -0.0112923920
   -0.0114094691
   -0.0113998540
   -0.0112622313
   -0.0109891460
   -0.0105678276
   -0.0099815609
   -0.0092116637
   -0.0082398110
   -0.0070507539
   -0.0056352676
   -0.0055198271
   -0.0069965122
   -0.0082585980
   -0.0093135262
   -0.0101749678
   -0.0108602863
   -0.0113882353
   -0.0117768532
   -0.0120417623
   -0.0121947950
   -0.0122429796
   -0.0121880444
   -0.0120262385
   -0.0117486613
   -0.0113419889
   -0.0107895162
   -0.0100726026
   -0.0091723175
   -0.0080713616
   -0.0067561794
   -0.0052191626
   -0.0061660553
   -0.0076104203
   -0.0088452952
   -0.0098809760
   -0.0107323959
   -0.0114172462
   -0.0119541976
   -0.0123613544
   -0.0126549279
   -0.0128480753
   -0.0129500708
   -0.0129657299
   -0.0128950922
   -0.0127334498
   -0.0124716265
   -0.0120965537
   -0.0115920935
   -0.0109400770
   -0.0101215338
   -0.0091180713
   -0.0079134044
   -0.0064949685
   -0.0048556294
   -0.0054563532
   -0.0070456672
   -0.0084227995
   -0.0095961553
   -0.0105788585
   -0.0113872317
   -0.0120393552
   -0.0125537700
   -0.0129482574
   -0.0132388189
   -0.0134387887
   -0.0135581050
   -0.0136028211
   -0.0135747969
   -0.0134715868
   -0.0132866217
   -0.0130094768
   -0.0126264567
   -0.0121212536
   -0.0114758193
   -0.0106713668
   -0.0096894008
   -0.0085129226
   -0.0071276435
   -0.0055232136
   -0.0057737788
   -0.0073697500
   -0.0087529480
   -0.0099336823
   -0.0109259715
   -0.0117463950
   -0.0124129454
   -0.0129440210
   -0.0133574317
   -0.0136695388
   -0.0138944918
   -0.0140435812
   -0.0141247401
   -0.0141422188
   -0.0140963925
   -0.0139837512
   -0.0137970526
   -0.0135256252
   -0.0131558603
   -0.0126717543
   -0.0120556584
   -0.0112890251
   -0.0103533084
   -0.0092308560
   -0.0079058439
   -0.0063652012
   -0.0063310039
   -0.0078979301
   -0.0092526298
   -0.0104075535
   -0.0113778888
   -0.0121806923
   -0.0128340429
   -0.0133561850
   -0.0137647322
   -0.0140759274
   -0.0143040375
   -0.0144607113
   -0.0145546076
   -0.0145910206
   -0.0145716807
   -0.0144947318
   -0.0143547579
   -0.0141430076
   -0.0138477502
   -0.0134546563
   -0.0129474301
   -0.0123083612
   -0.0115190296
   -0.0105610705
   -0.0094168787
   -0.0080703572
   -0.0065075890
   -0.0063390793
   -0.0079411369
   -0.0093282923
   -0.0105138345
   -0.0115132267
   -0.0123435509
   -0.0130227621
   -0.0135690424
   -0.0140000724
   -0.0143323903
   -0.0145808401
   -0.0147579713
   -0.0148736515
   -0.0149347395
   -0.0149447721
   -0.0149039418
   -0.0148090145
   -0.0146534793
   -0.0144277833
   -0.0141196184
   -0.0137144027
   -0.0131957421
   -0.0125460011
   -0.0117469362
   -0.0107803106
   -0.0096285204
   -0.0082752061
   -0.0067057503
   -0.0049353898
   -0.0067404189
   -0.0083187756
   -0.0096828911
   -0.0108471638
   -0.0118276922
   -0.0126418248
   -0.0133075650
   -0.0138429809
   -0.0142655881
   -0.0145917951
   -0.0148363294
   -0.0150117767
   -0.0151281645
   -0.0151926207
   -0.0152091680
   -0.0151785870
   -0.0150983871
   -0.0149628844
   -0.0147634142
   -0.0144885715
   -0.0141246117
   -0.0136559096
   -0.0130654023
   -0.0123352137
   -0.0114471612
   -0.0103833827
   -0.0091268373
   -0.0076618108
   -0.0059741438
   -0.0049923569
   -0.0068095779
   -0.0083983723
   -0.0097719205
   -0.0109449948
   -0.0119338590
   -0.0127558643
   -0.0134289620
   -0.0139711663
   -0.0143999874
   -0.0147318838
   -0.0149817353
   -0.0151624074
   -0.0152842934
   -0.0153550377
   -0.0153792770
   -0.0153584997
   -0.0152909994
   -0.0151719217
   -0.0149934267
   -0.0147449640
   -0.0144135371
   -0.0139841783
   -0.0134403943
   -0.0127646679
   -0.0119390227
   -0.0109455615
   -0.0097670139
   -0.0083871902
   -0.0067913216
   -0.0049661544
   -0.0057953453
   -0.0075230569
   -0.0090272354
   -0.0103217557
   -0.0114220269
   -0.0123447293
   -0.0131074722
   -0.0137282350
   -0.0142248567
   -0.0146144880
   -0.0149130395
   -0.0151347009
   -0.0152915208
   -0.0153929763
   -0.0154457334
   -0.0154534160
   -0.0154164771
   -0.0153322305
   -0.0151948798
   -0.0149957587
   -0.0147235589
   -0.0143647226
   -0.0139038396
   -0.0133241426
   -0.0126080655
   -0.0117377426
   -0.0106956031
   -0.0094649121
   -0.0080301967
   -0.0063776161
   -0.0065291904
   -0.0081635335
   -0.0095804876
   -0.0107941312
   -0.0118201443
   -0.0126754779
   -0.0133778366
   -0.0139451727
   -0.0143950865
   -0.0147442859
   -0.0150080382
   -0.0151996857
   -0.0153302442
   -0.0154080082
   -0.0154383186
   -0.0154233843
   -0.0153622188
   -0.0152506446
   -0.0150814663
   -0.0148447005
   -0.0145278515
   -0.0141163921
   -0.0135941903
   -0.0129440508
   -0.0121482876
   -0.0111893390
   -0.0100503305
   -0.0087156684
   -0.0071715219
   -0.0054061863
   -0.0064937844
   -0.0081223572
   -0.0095350552
   -0.0107450883
   -0.0117676213
   -0.0126193071
   -0.0133177373
   -0.0138808054
   -0.0143261046
   -0.0146703251
   -0.0149286645
   -0.0151143481
   -0.0152381370
   -0.0153079925
   -0.0153288313
   -0.0153023013
   -0.0152267695
   -0.0150973767
   -0.0149061817
   -0.0146424605
   -0.0142930501
   -0.0138428398
   -0.0132752853
   -0.0125730005
   -0.0117183956
   -0.0106943707
   -0.0094849772
   -0.0080760910
   -0.0064560271
   -0.0049239006
   -0.0067247726
   -0.0083043705
   -0.0096721681
   -0.0108405856
   -0.0118244304
   -0.0126402431
   -0.0133055860
   -0.0138383424
   -0.0142559770
   -0.0145748965
   -0.0148098183
   -0.0149732293
   -0.0150749204
   -0.0151216419
   -0.0151168392
   -0.0150605345
   -0.0149493207
   -0.0147765034
   -0.0145323359
   -0.0142044041
   -0.0137780672
   -0.0132370755
   -0.0125641808
   -0.0117418708
   -0.0107531269
   -0.0095822665
   -0.0082157227
   -0.0066429131
   -0.0064942324
   -0.0080757387
   -0.0094469214
   -0.0106184876
   -0.0116042475
   -0.0124202643
   -0.0130839395
   -0.0136131400
   -0.0140253969
   -0.0143370963
   -0.0145627979
   -0.0147146106
   -0.0148017143
   -0.0148299588
   -0.0148016093
   -0.0147153112
   -0.0145660807
   -0.0143455646
   -0.0140423546
   -0.0136425000
   -0.0131301118
   -0.0124881013
   -0.0116989720
   -0.0107457343
   -0.0096128677
   -0.0082873591
   -0.0067597746
   -0.0050253737
   -0.0050138838
   -0.0067409615
   -0.0082563952
   -0.0095652935
   -0.0106776176
   -0.0116070119
   -0.0123696415
   -0.0129830522
   -0.0134651391
   -0.0138331713
   -0.0141028599
   -0.0142876392
   -0.0143979441
   -0.0144407540
   -0.0144192559
   -0.0143326734
   -0.0141763379
   -0.0139418584
   -0.0136176034
   -0.0131892299
   -0.0126404376
   -0.0119538826
   -0.0111121592
   -0.0100989393
   -0.0089002036
   -0.0075055403
   -0.0059095534
   -0.0050011977
   -0.0066908109
   -0.0081724774
   -0.0094488725
   -0.0105286781
   -0.0114250073
   -0.0121539544
   -0.0127331599
   -0.0131805316
   -0.0135130412
   -0.0137456377
   -0.0138904261
   -0.0139558793
   -0.0139464234
   -0.0138621461
   -0.0136987800
   -0.0134479925
   -0.0130978446
   -0.0126335081
   -0.0120382372
   -0.0112944839
   -0.0103852085
   -0.0092953594
   -0.0080134226
   -0.0065331815
   -0.0048554762
   -0.0055614385
   -0.0071427904
   -0.0085173560
   -0.0096880270
   -0.0106643037
   -0.0114603104
   -0.0120929592
   -0.0125802163
   -0.0129394846
   -0.0131862443
   -0.0133328282
   -0.0133875845
   -0.0133542239
   -0.0132315696
   -0.0130136489
   -0.0126901142
   -0.0122470044
   -0.0116678903
   -0.0109351992
   -0.0100319168
   -0.0089434368
   -0.0076595851
   -0.0061768195
   -0.0057716926
   -0.0072819251
   -0.0085832468
   -0.0096779659
   -0.0105758712
   -0.0112917241
   -0.0118429162
   -0.0122471870
   -0.0125206998
   -0.0126763851
   -0.0127226575
   -0.0126626686
   -0.0124939508
   -0.0122086848
   -0.0117944357
   -0.0112353893
   -0.0105141274
   -0.0096137375
   -0.0085202595
   -0.0072254515
   -0.0057295564
   -0.0047613343
   -0.0063524717
   -0.0077337900
   -0.0088990118
   -0.0098526530
   -0.0106067918
   -0.0111777282
   -0.0115828459
   -0.0118378791
   -0.0119546117
   -0.0119393185
   -0.0117919134
   -0.0115059152
   -0.0110693507
   -0.0104664018
   -0.0096799109
   -0.0086944734
   -0.0075000242
   -0.0060956993
   -0.0044935416
   -0.0048520885
   -0.0063894740
   -0.0077059384
   -0.0087924075
   -0.0096528298
   -0.0102995120
   -0.0107484446
   -0.0110149676
   -0.0111103153
   -0.0110392366
   -0.0107989694
   -0.0103797929
   -0.0097670470
   -0.0089445893
   -0.0078995018
   -0.0066274927
   -0.0051385802
   -0.0049701731
   -0.0064461624
   -0.0076788605
   -0.0086554030
   -0.0093787934
   -0.0098605581
   -0.0101137751
   -0.0101473596
   -0.0099625852
   -0.0095524786
   -0.0089042262
   -0.0080046419
   -0.0068479848
   -0.0054450566
   -0.0055804288
   -0.0068910513
   -0.0079046166
   -0.0086090696
   -0.0090074518
   -0.0091059978
   -0.0089057829
   -0.0084004388
   -0.0075811104
   -0.0064483963
   -0.0050288024
   -0.0055642727
   -0.0067605512
   -0.0075585899
   -0.0079305619
   -0.0078664686
   -0.0073604703
   -0.0064166726
   -0.0050766161
   -0.0052775914
   -0.0063202425
   -0.0067047287
   -0.0063585390
   -0.0053004898
   -0.0049281057
   -0.0053199398
   -0.0040356127
    0.0034772296
    0.0037358122
    0.0044717654
    0.0040244082
    0.0028376610
    0.0018517541
    0.0017487851
    0.0025545802
    0.0037912451
    0.0049086588
    0.0055588159
    0.0056127250
    0.0050819044
    0.0040733842
    0.0027879280
    0.0015113869
    0.0005567146
    0.0001662210
    0.0004304317
    0.0012682719
    0.0024703466
    0.0037809742
    0.0049769230
    0.0059077568
    0.0064949555
    0.0067094929
    0.0065489761
    0.0060259315
    0.0051693287
    0.0040351152
    0.0027180687
    0.0013554479
    0.0001149972
   -0.0008338856
   -0.0013562824
   -0.0013796936
   -0.0009055727
   -0.0000063673
    0.0011906272
    0.0025318393
    0.0038696789
    0.0050861176
    0.0061018775
    0.0068735148
    0.0073836327
    0.0076293309
    0.0076129326
    0.0073371315
    0.0068046140
    0.0060216717
    0.0050048638
    0.0037887180
    0.0024319215
    0.0010195187
   -0.0003412295
   -0.0015326177
   -0.0024442258
   -0.0029903932
   -0.0031212640
   -0.0028263549
   -0.0021346193
   -0.0011121285
    0.0001457909
    0.0015293793
    0.0029318322
    0.0042629943
    0.0054561637
    0.0064689135
    0.0072798239
    0.0078829075
    0.0082810371
    0.0084799761
    0.0084843034
    0.0082954312
    0.0079114549
    0.0073286821
    0.0065447773
    0.0055633044
    0.0043986217
    0.0030800947
    0.0016548866
    0.0001885878
   -0.0012374226
   -0.0025330638
   -0.0036105070
   -0.0039390899
   -0.0029640664
   -0.0017431359
   -0.0003590782
    0.0011005211
    0.0025543591
    0.0039349928
    0.0051920725
    0.0062924230
    0.0072183023
    0.0079645882
    0.0085349571
    0.0089375878
    0.0091812986
    0.0092727677
    0.0092151551
    0.0090076616
    0.0086457777
    0.0081223438
    0.0074295830
    0.0065621154
    0.0055204347
    0.0043140399
    0.0029638865
    0.0015041100
   -0.0000170207
   -0.0015376940
   -0.0029858369
   -0.0028272133
   -0.0013642129
    0.0001643114
    0.0016893572
    0.0031529918
    0.0045105830
    0.0057307633
    0.0067943979
    0.0076932324
    0.0084280920
    0.0090063416
    0.0094387983
    0.0097366358
    0.0099090418
    0.0099619423
    0.0098974929
    0.0097140479
    0.0094062937
    0.0089657541
    0.0083820373
    0.0076449116
    0.0067469346
    0.0056860798
    0.0044677485
    0.0031061717
    0.0016255845
    0.0000612467
   -0.0015399057
   -0.0031200832
   -0.0040354644
   -0.0024904031
   -0.0008844307
    0.0007205505
    0.0022722568
    0.0037296596
    0.0098943883
    0.0102181662
    0.0104343266
    0.0105510765
    0.0105730677
    0.0105014142
    0.0103337313
    0.0100641314
    0.0096834606
    0.0044650613
    0.0030712145
    0.0015539672
   -0.0000589508
   -0.0017299094
   -0.0034109508
   -0.0031967105
   -0.0014987606
    0.0001842823
    0.0018066419
    0.0107415950
    0.0109485753
    0.0110728226
    0.0111198584
    0.0110918742
    0.0109878858
    0.0108036800
    0.0023093381
    0.0006976240
   -0.0010059462
   -0.0027661464
   -0.0045249822
   -0.0027338496
   -0.0009537064
    0.0007711412
    0.0115052505
    0.0115807862
    0.0115954939
    0.0115501990
    0.0114428898
    0.0000052088
   -0.0017855499
   -0.0036371064
   -0.0039234088
   -0.0020429991
   -0.0002163561
    0.0118940049
    0.0119760373
    0.0120085362
    0.0119933503
    0.0119297816
   -0.0012721635
   -0.0031774732
   -0.0041790532
   -0.0022165174
    0.0123389414
    0.0123572480
    0.0123380470
   -0.0021524334
   -0.0041561317
   -0.0044692503
   -0.0024299429
    0.0126345601
    0.0126403104
    0.0126166782
   -0.0035467226
   -0.0037574064
    0.0128548058
    0.0128619884
    0.0128462009
   -0.0044332191
   -0.0030488170
    0.0130127621
    0.0130187347
    0.0130063321
   -0.0036707663
    0.0131106929
    0.0131061406
   -0.0045955738
    0.0131368115
    0.0131355736
   -0.0039848561
   -0.0048134424
    0.0130938911
    0.0130999112
    0.0130907684
    0.0129863522
    0.0129969496
    0.0129899620
    0.0128058136
    0.0128271848
    0.0128266889
   -0.0037413714
    0.0125679591
    0.0125951549
    0.0125946794
    0.0125664930
   -0.0039578750
   -0.0030690474
    0.0122590942
    0.0122975018
    0.0123006880
    0.0122687833
   -0.0028297462
   -0.0038999170
   -0.0018498868
    0.0118281643
    0.0119087683
    0.0119436522
    0.0119344079
    0.0118805359
   -0.0008585075
   -0.0028343193
   -0.0030796611
   -0.0011199190
    0.0114027407
    0.0114912471
    0.0115234265
    0.0115005207
    0.0114214973
   -0.0009374829
   -0.0028660882
   -0.0037372987
   -0.0017959581
    0.0000447588
    0.0108194900
    0.0109593040
    0.0110281115
    0.0110283525
    0.0109599148
    0.0108200956
    0.0016445642
   -0.0000721996
   -0.0019024296
   -0.0038126726
   -0.0029723937
   -0.0011166073
    0.0006404762
    0.0022697206
    0.0097422711
    0.0100672477
    0.0102944369
    0.0104313360
    0.0104823629
    0.0104490442
    0.0103300704
    0.0101211983
    0.0098150194
    0.0024796851
    0.0008711031
   -0.0008566796
   -0.0026691143
   -0.0038237982
   -0.0019997360
   -0.0002350476
    0.0014272555
    0.0029564060
    0.0043323833
    0.0055442051
    0.0081913708
    0.0087690740
    0.0092134913
    0.0095358709
    0.0097451090
    0.0098471026
    0.0098446051
    0.0097372487
    0.0095215022
    0.0091906016
    0.0087346691
    0.0081415746
    0.0054226349
    0.0041820930
    0.0027801234
    0.0012333554
   -0.0004304636
   -0.0021706749
   -0.0039327332
   -0.0036618713
   -0.0019113977
   -0.0001950341
    0.0014333672
    0.0029341156
    0.0042807994
    0.0054584716
    0.0064617293
    0.0072926154
    0.0079583444
    0.0084687401
    0.0088337533
    0.0090615588
    0.0091574922
    0.0091235836
    0.0089584632
    0.0086573572
    0.0082122734
    0.0076128814
    0.0068482839
    0.0059097054
    0.0047936223
    0.0035047276
    0.0020585875
    0.0004840942
   -0.0011745040
   -0.0028566339
   -0.0036878333
   -0.0020264521
   -0.0003553595
    0.0012544933
    0.0027482081
    0.0040876543
    0.0052498926
    0.0062245289
    0.0070105371
    0.0076127584
    0.0080384634
    0.0082944364
    0.0083851076
    0.0083116400
    0.0080716207
    0.0076592909
    0.0070665218
    0.0062849476
    0.0053094468
    0.0041424674
    0.0027985395
    0.0013083731
   -0.0002779617
   -0.0018897927
   -0.0034384081
   -0.0033745158
   -0.0018180681
   -0.0002052839
    0.0013708475
    0.0028355474
    0.0041355648
    0.0052379719
    0.0061264099
    0.0067960273
    0.0072482080
    0.0074860428
    0.0075112322
    0.0073226424
    0.0069162081
    0.0062864212
    0.0054298036
    0.0043505240
    0.0030674649
    0.0016213248
    0.0000799166
   -0.0014607598
   -0.0028827249
   -0.0036896089
   -0.0024031739
   -0.0009131163
    0.0006478666
    0.0021576150
    0.0035192603
    0.0046661539
    0.0055588783
    0.0061778586
    0.0065148581
    0.0065660816
    0.0063283448
    0.0057990428
    0.0049803625
    0.0038881430
    0.0025644185
    0.0010898069
   -0.0004102068
   -0.0017726421
   -0.0028225010
   -0.0034104644
   -0.0034469210
   -0.0029209898
   -0.0019052582
   -0.0005456673
    0.0009682933
    0.0024459297
    0.0037303814
    0.0047131316
    0.0053295176
    0.0055451436
    0.0053440235
    0.0047261070
    0.0037184051
    0.0023995134
    0.0009275180
   -0.0004523846
   -0.0014478002
   -0.0018087231
   -0.0014253058
   -0.0003834042
    0.0010507594
    0.0025207061
    0.0036959269
    0.0043417088
    0.0043279252
    0.0036269527
    0.0023613483
    0.0009037756
   -0.0001087442
   -0.0000674380
    0.0010767809
    0.0025631400
    0.0032378121
    0.0023444869
    0.0011028553
    0.0019096575
    0.0070583187
    0.0079026828
    0.0086589719
    0.0054211959
    0.0063812789
    0.0072440906
    0.0080201327
    0.0087237484
    0.0093695860
    0.0043672450
    0.0054008105
    0.0063252579
    0.0071520151
    0.0078955667
    0.0085714569
    0.0091950504
    0.0097805495
    0.0103398412
    0.0032417362
    0.0043740027
    0.0053805009
    0.0062749846
    0.0070729428
    0.0077901105
    0.0084418668
    0.0090429488
    0.0096072521
    0.0101475631
    0.0106749908
    0.0111981095
    0.0011556450
    0.0025136741
    0.0037144543
    0.0047741881
    0.0057108567
    0.0065421846
    0.0072848910
    0.0079545123
    0.0085655010
    0.0091314025
    0.0096649729
    0.0101781980
    0.0106821543
    0.0111866075
    0.0116993990
    0.0014994749
    0.0028132114
    0.0039645152
    0.0049760475
    0.0058686624
    0.0066610328
    0.0073697565
    0.0080097175
    0.0085944473
    0.0091364819
    0.0096475976
    0.0101390065
    0.0106213624
    0.0111046909
    0.0115981219
    0.0121094377
   -0.0007418409
    0.0008578067
    0.0022474604
    0.0034575334
    0.0045155196
    0.0054453633
    0.0062676454
    0.0070000476
    0.0076579528
    0.0082549748
    0.0088034353
    0.0093147424
    0.0097996696
    0.0102685521
    0.0107313782
    0.0111977997
    0.0116770283
    0.0121776221
   -0.0000810109
    0.0014311777
    0.0027391374
    0.0038762593
    0.0048706755
    0.0057458874
    0.0065215618
    0.0072143515
    0.0078386124
    0.0084069941
    0.0089309208
    0.0094209898
    0.0098872372
    0.0103393612
    0.0107868344
    0.0112389714
    0.0117049436
    0.0121936859
    0.0127138191
   -0.0022273476
   -0.0004091725
    0.0011476964
    0.0024882707
    0.0036499040
    0.0046632217
    0.0055532662
    0.0063406536
    0.0070425522
    0.0076735643
    0.0082463652
    0.0087722624
    0.0092616169
    0.0097241510
    0.0101692200
    0.0106059545
    0.0110434162
    0.0114906388
    0.0119566725
    0.0124506131
   -0.0026337190
   -0.0007490076
    0.0008566950
    0.0022340091
    0.0034239463
    0.0044595002
    0.0053672898
    0.0061689367
    0.0068822715
    0.0075222571
    0.0081017647
    0.0086321322
    0.0091236419
    0.0095858697
    0.0100279412
    0.0104587650
    0.0108871500
    0.0113219455
    0.0117720807
    0.0122466775
    0.0127551267
   -0.0018095086
   -0.0000444944
    0.0014598988
    0.0027521890
    0.0038709538
    0.0048469404
    0.0057048077
    0.0064645861
    0.0071428325
    0.0077535155
    0.0083087187
    0.0088191899
    0.0092947561
    0.0097446292
    0.0101776820
    0.0106026156
    0.0110281117
    0.0114629328
    0.0119160134
    0.0123965685
    0.0129142589
   -0.0024605098
   -0.0005914019
    0.0009949748
    0.0023525303
    0.0035238061
    0.0045424513
    0.0054352625
    0.0062238272
    0.0069258253
    0.0075560422
    0.0081271370
    0.0086502533
    0.0091354651
    0.0095921505
    0.0100292437
    0.0104554574
    0.0108794529
    0.0113099245
    0.0117557281
    0.0122259584
    0.0127301134
   -0.0033784557
   -0.0013592366
    0.0003466527
    0.0017999937
    0.0030486304
    0.0041302548
    0.0050747134
    0.0059058963
    0.0066431944
    0.0073026705
    0.0078979342
    0.0084408305
    0.0089419379
    0.0094110128
    0.0098572385
    0.0102895231
    0.0107166094
    0.0111472627
    0.0115903176
    0.0120547933
    0.0125499659
   -0.0031405878
   -0.0011518246
    0.0005293726
    0.0019624117
    0.0031941800
    0.0042616796
    0.0051942754
    0.0060155221
    0.0067446151
    0.0073975089
    0.0079878001
    0.0085273643
    0.0090269014
    0.0094963013
    0.0099449380
    0.0103819075
    0.0108161697
    0.0112566545
    0.0117123307
    0.0121922492
    0.0127056230
   -0.0025175067
   -0.0006183235
    0.0009916361
    0.0023672969
    0.0035523242
    0.0045814015
    0.0054822492
    0.0062772775
    0.0069849061
    0.0076206195
    0.0081977589
    0.0087281324
    0.0092225134
    0.0096909608
    0.0101431062
    0.0105883084
    0.0110357814
    0.0114946325
    0.0119738468
    0.0124822857
   -0.0022939794
   -0.0004198906
    0.0011719892
    0.0025339340
    0.0037081046
    0.0047283576
    0.0056220021
    0.0064112801
    0.0071146417
    0.0077477268
    0.0083241276
    0.0088560020
    0.0093545163
    0.0098301578
    0.0102929704
    0.0107526703
    0.0112186752
    0.0117000465
    0.0122053454
   -0.0012528180
    0.0004757576
    0.0019519374
    0.0032207432
    0.0043191713
    0.0052774292
    0.0061202745
    0.0068682662
    0.0075387833
    0.0081468971
    0.0087060072
    0.0092283320
    0.0097252654
    0.0102075908
    0.0106855307
    0.0111687490
    0.0116660864
   -0.0002767883
    0.0013247906
    0.0026999259
    0.0038872651
    0.0049194040
    0.0058235752
    0.0066225970
    0.0073358598
    0.0079801610
    0.0085704179
    0.0091201556
    0.0096418518
    0.0101471233
    0.0106466610
    0.0111500478
    0.0014927934
    0.0028682741
    0.0040584158
    0.0050940658
    0.0060019327
    0.0068050066
    0.0075232270
    0.0081741749
    0.0087735994
    0.0093358137
    0.0098738091
    0.0103991268
    0.0109214336
    0.0017614336
    0.0031288741
    0.0043161661
    0.0053512478
    0.0062598105
    0.0070648632
    0.0077869487
    0.0084444528
    0.0090538545
    0.0096297063
    0.0101841919
    0.0040514234
    0.0051598950
    0.0061309240
    0.0069881788
    0.0077537479
    0.0084476481
    0.0090873867
    0.0096871231
    0.0048909081
    0.0059447846
    0.0068709290
    0.0076916043
    0.0084274526
    0.0083263788
    0.0075363795
    0.0066541720
    0.0094868843
    0.0088514296
    0.0081628594
    0.0074064405
    0.0065658590
    0.0056251790
    0.0045712858
    0.0105643969
    0.0100120869
    0.0094384300
    0.0088332012
    0.0081831376
    0.0074731120
    0.0066867793
    0.0058070965
    0.0048168991
    0.0037001125
    0.0109378130
    0.0104122917
    0.0098791964
    0.0093287258
    0.0087490142
    0.0081267837
    0.0074476200
    0.0066960430
    0.0058553840
    0.0049076827
    0.0038338219
    0.0026142154
    0.0115203684
    0.0110100497
    0.0105059543
    0.0099995854
    0.0094807744
    0.0089382256
    0.0083597797
    0.0077324380
    0.0070422264
    0.0062739101
    0.0054105974
    0.0044333408
    0.0033208086
    0.0020493662
    0.0120834372
    0.0115721151
    0.0110785214
    0.0105948429
    0.0101119603
    0.0096198987
    0.0091080441
    0.0085652546
    0.0079797527
    0.0073389296
    0.0066290187
    0.0058346270
    0.0049381897
    0.0039193199
    0.0027542080
    0.0014151809
   -0.0001291473
    0.0123780999
    0.0118662773
    0.0113790169
    0.0109081272
    0.0104446460
    0.0099791209
    0.0095017474
    0.0090023922
    0.0084705140
    0.0078950010
    0.0072638979
    0.0065639886
    0.0057803266
    0.0048955758
    0.0038892286
    0.0027367511
    0.0014086461
   -0.0001302330
    0.0126470332
    0.0121305122
    0.0116444296
    0.0111801378
    0.0107286781
    0.0102808983
    0.0098274910
    0.0093589958
    0.0088657171
    0.0083375902
    0.0077639440
    0.0071331596
    0.0064322913
    0.0056464730
    0.0047582435
    0.0037466656
    0.0025862545
    0.0012457821
   -0.0003130107
   -0.0021364862
    0.0125869938
    0.0120835166
    0.0116104624
    0.0111587196
    0.0107192342
    0.0102829791
    0.0098409328
    0.0093840016
    0.0089029251
    0.0083881126
    0.0078293932
    0.0072157039
    0.0065346832
    0.0057721244
    0.0049112913
    0.0039320098
    0.0028095892
    0.0015134160
    0.0000053662
   -0.0017619690
    0.0129401293
    0.0124172000
    0.0119315424
    0.0114736163
    0.0110342349
    0.0106043944
    0.0101752315
    0.0097379453
    0.0092836706
    0.0088033813
    0.0082876745
    0.0077265261
    0.0071089483
    0.0064225713
    0.0056530611
    0.0047834171
    0.0037929931
    0.0026563281
    0.0013416070
   -0.0001911834
   -0.0019924490
    0.0128415292
    0.0123290234
    0.0118523790
    0.0114020027
    0.0109687132
    0.0105435955
    0.0101178915
    0.0096829139
    0.0092299408
    0.0087500438
    0.0082339209
    0.0076715965
    0.0070521143
    0.0063630721
    0.0055900576
    0.0047158859
    0.0037196269
    0.0025753604
    0.0012505599
   -0.0002959174
   -0.0021162362
    0.0130232150
    0.0124959610
    0.0120081330
    0.0115498986
    0.0111119640
    0.0106853374
    0.0102612156
    0.0098309150
    0.0093857468
    0.0089168833
    0.0084151774
    0.0078709307
    0.0072735641
    0.0066112325
    0.0058702745
    0.0050345530
    0.0040845301
    0.0029961247
    0.0017392028
    0.0002757025
   -0.0014427158
   -0.0034774448
    0.0125997705
    0.0121008890
    0.0116336799
    0.0111887984
    0.0107571876
    0.0103299560
    0.0098983117
    0.0094534618
    0.0089864850
    0.0084881718
    0.0079487722
    0.0073577253
    0.0067032511
    0.0059718248
    0.0051475353
    0.0042112073
    0.0031392655
    0.0019023257
    0.0004633393
   -0.0012245922
   -0.0032208506
    0.0128283268
    0.0123058634
    0.0118190377
    0.0113585598
    0.0109153142
    0.0104802881
    0.0100444883
    0.0095989248
    0.0091344783
    0.0086417847
    0.0081110085
    0.0075315799
    0.0068918396
    0.0061785283
    0.0053762043
    0.0044663977
    0.0034266042
    0.0022289376
    0.0008385132
   -0.0007885368
   -0.0027072572
    0.0123081936
    0.0118105314
    0.0113391471
    0.0108851013
    0.0104393117
    0.0099925799
    0.0095355755
    0.0090587810
    0.0085523394
    0.0080058983
    0.0074082639
    0.0067470637
    0.0060082170
    0.0051752847
    0.0042286252
    0.0031443181
    0.0018928609
    0.0004376276
   -0.0012668413
    0.0122914064
    0.0117815427
    0.0112969480
    0.0108291064
    0.0103689741
    0.0099070923
    0.0094337059
    0.0089387162
    0.0084115916
    0.0078411721
    0.0072153611
    0.0065207103
    0.0057418954
    0.0048609916
    0.0038566014
    0.0027028104
    0.0013679512
   -0.0001865883
   -0.0020072883
    0.0119368125
    0.0114291715
    0.0109398226
    0.0104603770
    0.0099814905
    0.0094931032
    0.0089845782
    0.0084447179
    0.0078615958
    0.0072223355
    0.0065126885
    0.0057165325
    0.0048152028
    0.0037866692
    0.0026046659
    0.0012378294
   -0.0003508349
    0.0114637600
    0.0109544924
    0.0104539858
    0.0099534576
    0.0094427108
    0.0089104928
    0.0083446615
    0.0077321572
    0.0070587766
    0.0063088416
    0.0054646816
    0.0045060406
    0.0034094517
    0.0021477133
    0.0006899063
    0.0111039810
    0.0105816988
    0.0100588200
    0.0095263251
    0.0089730392
    0.0083861830
    0.0077516508
    0.0070539912
    0.0062762291
    0.0053995128
    0.0044027470
    0.0032623997
    0.0019528152
    0.0100466012
    0.0094879220
    0.0089040276
    0.0082817309
    0.0076056338
    0.0068585442
    0.0060216274
    0.0050744389
    0.0039952369
    0.0027619569
    0.0096388260
    0.0090361794
    0.0083907273
    0.0076875058
    0.0069084824
    0.0060336687
    0.0050422470
    0.0039142849
    0.0084716428
    0.0077366019
    0.0069143100
    0.0059849699
    0.0049296011
