[16] 16.29842474 17.7859701125 23.642172947525978 12.51132371 
[46] 13.4855406 14.8892174025 14.931943463278003 12.63151358 
[76] 11.80003213 11.938681242500001 13.314684180309996 11.00716004 
[106] 6.81099989 7.936763162499999 12.405643409350887 11.60520085 
[136] 2.8442690099999997 6.497720902499999 10.607588455779478 14.69026357 
[166] 0.1867049699999992 4.165616482499999 3.8266899310983717 15.01161584 
[196] 0.0 1.5895386124999995 0.0 12.633662430000001 
[226] 4.28282671 3.9056408125 4.38271509250626 10.78556403 
[256] 10.90023051 11.078865372500001 12.218575205886737 11.23858915 
[286] 10.42157326 14.2603611825 14.756041103508323 14.46407089 
[316] 3.1641223499999995 4.935958962499999 11.047794408281334 12.47084313 
[346] 24.127222 0.20566406249999974 7.382979462505318 0.0 
