           1           2  0.93070420078997407     
           2           3   1.0882981379721126     
           3           4  0.99996794531207955     
           2           5   1.0854184577702377     
           3           6   1.6112204329856161     
           6           7   1.1350791800846967     
           6           9   1.0077331882591516     
           8           9   1.1493004243061165     
           7          10   1.7075427275103443     
           8          10   1.1352765597597312     
           4          11   1.4034758215064882     
           4          12   1.3956516387680209     
          11          13   1.4445350629703926     
          12          13  0.11160865286483537     
          11          14  0.11125479591854999     
          12          14   1.4442386456725842     
           4          15  0.10969110903219083     
          13          15   1.4386312823659309     
          14          15   1.4381741729955391     
           5          16   1.3623560492643711     
           5          17   1.3547369190083529     
          16          18   1.4544833098876402     
          17          18  0.10536375223519762     
          16          19  0.10452309992140082     
          17          19   1.4611603780856761     
          18          20   1.4324574083301869     
          19          20   1.4262930391669120     
           8          21  0.94115344865932116     
           8          22  0.14933372197918701     
           9          22   1.6849179691652041     
          11          23  0.97040234001679937     
          12          24  0.96938486437426086     
          13          25  0.97036784988714075     
          14          26  0.96962811768950696     
          15          27  0.97121022068564311     
          16          28  0.96672625540255674     
          17          29  0.96807983195780101     
          18          30  0.97122254893302606     
          19          31  0.97097550377243247     
           7          32  0.97124327831671731     
          10          33  0.96880208400398682     
          20          34  0.97186280462119035     
