[19] 9.41208653 0.0 4.116474307957105 5.329969 
[49] 4.599328140000001 0.4657907299999984 0.029580808011814952 9.033573139999998 
[79] 2.436055079999999 4.223852439999998 11.035552971879952 10.41750688 
[109] 5.778879870000001 4.008998979999998 15.812382203177549 8.911004449999995 
[139] 17.168971720000002 3.40166099 24.480941991438158 0.38982140999999615 
[169] 14.9204007 13.82487945 16.149902205215767 8.144925639999995 
[199] 7.989505080000001 1.0725910899999995 3.7607981270411983 4.603815959999995 
[229] 1.3508799300000014 0.9535256699999977 0.0 10.068969679999999 
[259] 0.0 1.319096769999998 2.134119284222834 9.209521939999998 
[289] 4.172806049999998 1.3461199299999969 6.9922343959333375 4.875528089999996 
[319] 14.865285029999999 4.809404179999998 13.230419426574372 0.0 
[349] 15.593528939999999 14.65910664 16.42811871471349 3.2935017199999983 
