[29] 1.6771059000000008 1.155489039999999 0.01482570287771523 4.365310389999999 
[59] 0.0013117200000003493 3.303108869999999 1.0536797193344682 7.054250189999999 
[89] 0.8685918900000011 4.399403969999998 3.5662426282651722 7.2506813999999995 
[119] 5.32587466 3.92042279 5.782672378001735 4.055329330000001 
[149] 7.6123869100000014 2.4771466999999987 4.320738745154813 0.010033280000003586 
[179] 5.1687923399999995 0.9086126199999995 1.4684685482643545 0.0021168500000019463 
[209] 1.6249765000000025 0.0 0.0 1.8114119799999973 
[239] 0.0 3.07151859 1.086110703763552 6.854365149999998 
[269] 0.937595850000001 4.339164520000001 3.875692450790666 7.141984919999999 
[299] 5.546765670000003 3.995326649999999 5.786859548534267 4.128946820000001 
[329] 7.617207140000001 2.5168281499999985 4.253533301642165 0.07179410999999725 
[359] 5.270700350000002 0.9173257200000009 1.609657941153273 0.0 
