[19] 9.41208653 0.0 4.116474307957105 4.521103350000006 
[49] 4.599328140000001 1.1527805099999995 0.029580808011814952 9.112963440000005 
[79] 2.436055079999999 4.731009369999999 11.035552971879952 9.842822460000002 
[109] 5.778879870000001 4.303566499999999 15.812382203177549 8.082946520000002 
[139] 17.168971720000002 4.07905676 24.480941991438158 0.10078445999999985 
[169] 14.9204007 13.313371 16.149902205215767 6.738786170000003 
[199] 7.989505080000001 0.8670200500000007 3.7607981270411983 3.661074400000004 
[229] 1.3508799300000014 2.63129627 0.0 12.034264030000006 
[259] 0.0 1.5695751500000021 2.134119284222834 8.207899140000002 
[289] 4.172806049999998 1.9850413099999997 6.9922343959333375 4.3358849500000005 
[319] 14.865285029999999 5.780024189999999 13.230419426574372 0.0 
[349] 15.593528939999999 14.84195772 16.42811871471349 2.4238615500000016 
