           1           2  0.87327333300100696     
           2           3   1.0603669328661531     
           3           4   1.3768674400605521     
           2           5   1.3098427299153697     
           3           6   1.3735457808596370     
           5           7   1.4916038216699739     
           7           9   1.1560269091186550     
           7          10   1.0726771936890955     
           8          10   1.1802595335573398     
           8          11   1.1254555909281303     
           9          11   1.6967935875654123     
           4          12  0.10707930031693856     
           6          12   1.4552928198696493     
           4          13   1.4498152267228459     
           6          13  0.10838628959544601     
           3          14  0.10026213147751407     
          12          14   1.4309781145703799     
          13          14   1.4354768008568590     
           6          15  0.96867342370634657     
           4          16  0.96843110233921847     
           8          17  0.94285208760090999     
           8          18  0.14299962436748026     
          10          18   1.5664220680062524     
          12          19  0.97039940234871436     
          13          20  0.97042902877320369     
           9          21  0.97229723079878982     
          11          22  0.97027665965874432     
          14          23  0.97131114337839608     
           5          24  0.95805030972710969     
