   -0.0020930682
   -0.0022187510
   -0.0020305363
   -0.0016848671
   -0.0017450738
   -0.0019924023
   -0.0020915281
   -0.0022195993
   -0.0023427195
   -0.0023226232
   -0.0021223172
   -0.0016816954
   -0.0016110582
   -0.0018558199
   -0.0018163977
   -0.0017723795
   -0.0019253159
   -0.0021788922
   -0.0023405740
   -0.0023590952
   -0.0022946106
   -0.0021493248
   -0.0018060624
   -0.0016115674
   -0.0016900079
   -0.0014395021
   -0.0018348155
   -0.0021545248
   -0.0022703759
   -0.0022315756
   -0.0021575021
   -0.0021169202
   -0.0020489509
   -0.0017911942
   -0.0014551478
   -0.0015880444
   -0.0015946405
   -0.0020001961
   -0.0021219256
   -0.0020220055
   -0.0018447536
   -0.0017392864
   -0.0017691398
   -0.0018626452
   -0.0018460689
   -0.0015288418
   -0.0015473701
   -0.0013359171
   -0.0018095549
   -0.0019546528
   -0.0017888997
   -0.0014537662
   -0.0016561745
   -0.0016725690
   -0.0015401520
   -0.0014078263
   -0.0017377212
   -0.0017545083
   -0.0013622479
   -0.0015888980
   -0.0013944988
   -0.0014821781
   -0.0016085027
   -0.0016491750
   -0.0015507752
   -0.0014749561
   -0.0014868471
   -0.0015208511
   -0.0017437546
   -0.0014848324
   -0.0014930943
   -0.0015428541
   -0.0015380377
   -0.0014487752
   -0.0015399068
   -0.0018731179
   -0.0017973112
   -0.0013874252
   -0.0015507976
   -0.0014978936
   -0.0016412768
   -0.0018492511
   -0.0020540335
   -0.0019258852
   -0.0015869872
   -0.0014305015
   -0.0014348564
   -0.0017715509
   -0.0016827368
   -0.0018613475
   -0.0021530268
   -0.0021959280
   -0.0019747194
   -0.0016875098
   -0.0014963427
   -0.0017690581
   -0.0019551606
   -0.0017975280
   -0.0018851330
   -0.0021910366
   -0.0023218812
   -0.0022715049
   -0.0020176349
   -0.0015252084
   -0.0016946147
   -0.0018155338
   -0.0014926751
   -0.0018989333
   -0.0021207954
   -0.0020588480
   -0.0017767378
   -0.0018276496
   -0.0021219608
   -0.0023032734
   -0.0023717217
   -0.0023190590
   -0.0021226126
   -0.0017500337
   -0.0016307748
   -0.0019511007
   -0.0019265602
   -0.0015201543
   -0.0016831474
   -0.0021189662
   -0.0022785310
   -0.0022273650
   -0.0020254353
   -0.0017292356
   -0.0016490527
   -0.0018959873
   -0.0020867790
   -0.0022162881
   -0.0022858049
   -0.0022912981
   -0.0022164678
   -0.0020339488
   -0.0017160860
   -0.0019122561
   -0.0021323674
   -0.0020826161
   -0.0017247833
   -0.0019870792
   -0.0022875737
   -0.0023820221
   -0.0023293077
   -0.0021807288
   -0.0019814946
   -0.0017745359
   -0.0016004700
   -0.0014915170
   -0.0014626764
   -0.0015069106
   -0.0015993496
   -0.0017090806
   -0.0018117852
   -0.0018962993
   -0.0019626873
   -0.0020142086
   -0.0020480348
   -0.0020495016
   -0.0019931786
   -0.0018519462
   -0.0016125863
   -0.0016546096
   -0.0020090428
   -0.0022355291
   -0.0022823586
   -0.0021091051
   -0.0016860828
   -0.0016872371
   -0.0021139299
   -0.0023302993
   -0.0023856620
   -0.0023302876
   -0.0022062547
   -0.0020472299
   -0.0018810791
   -0.0017304999
   -0.0016105998
   -0.0015259907
   -0.0014714181
   -0.0014372043
   -0.0014166106
   -0.0014673980
   -0.0015356568
   -0.0016153779
   -0.0016803980
   -0.0017012388
   -0.0016587649
   -0.0015579013
   -0.0014334746
   -0.0013413023
   -0.0014409423
   -0.0016442218
   -0.0018976715
   -0.0021408458
   -0.0023172639
   -0.0023806430
   -0.0022934619
   -0.0020274310
   -0.0015742452
   -0.0016515483
   -0.0020264563
   -0.0022213514
   -0.0022658831
   -0.0022013362
   -0.0020647917
   -0.0018841288
   -0.0016793507
   -0.0014653487
   -0.0014327676
   -0.0015064177
   -0.0015715446
   -0.0016611472
   -0.0017932088
   -0.0019609941
   -0.0021372002
   -0.0022856939
   -0.0023709174
   -0.0023612781
   -0.0022311789
   -0.0019691892
   -0.0015944765
   -0.0016880154
   -0.0019382167
   -0.0020432799
   -0.0020105566
   -0.0018682034
   -0.0016460791
   -0.0014221200
   -0.0016257007
   -0.0018178642
   -0.0019928171
   -0.0021348414
   -0.0022239137
   -0.0022394758
   -0.0021652249
   -0.0019996926
   -0.0017707556
   -0.0015413918
   -0.0013909264
   -0.0013728157
   -0.0014777853
   -0.0016355222
   -0.0017547806
   -0.0017677090
   -0.0016482522
   -0.0015531115
   -0.0017488962
   -0.0018818429
   -0.0019428935
   -0.0019265196
   -0.0018426739
   -0.0017254388
   -0.0016233720
   -0.0015683263
   -0.0015459913
   -0.0014984625
   -0.0014552313
   -0.0014426160
   -0.0014481929
   -0.0011357792
   -0.0006768019
   -0.0005725141
   -0.0008372690
   -0.0013802097
   -0.0008671372
   -0.0002304565
    0.0001730737
    0.0002824729
    0.0000863301
   -0.0003787199
   -0.0010236014
   -0.0007875587
   -0.0000442804
    0.0005543095
    0.0009372927
    0.0010667144
    0.0009323545
    0.0005499386
   -0.0000371316
   -0.0007507821
   -0.0012309774
   -0.0004372072
    0.0003326419
    0.0009820561
    0.0014507609
    0.0017031582
    0.0017226975
    0.0015093697
    0.0010792918
    0.0004665095
   -0.0002719328
   -0.0010439326
   -0.0008661926
   -0.0000497162
    0.0007289756
    0.0013918867
    0.0018899869
    0.0021932022
    0.0022856253
    0.0021632405
    0.0018331698
    0.0013142071
    0.0006388544
   -0.0001421818
   -0.0009500035
   -0.0006414853
    0.0001910461
    0.0009787455
    0.0016553526
    0.0021785064
    0.0025213874
    0.0026686785
    0.0026145414
    0.0023617853
    0.0019219544
    0.0013163081
    0.0005779055
   -0.0002442714
   -0.0010765861
   -0.0006863011
    0.0001578489
    0.0009654622
    0.0016734079
    0.0022405763
    0.0026400680
    0.0028554086
    0.0028785730
    0.0027090497
    0.0023536447
    0.0018269339
    0.0011524071
    0.0003644403
   -0.0004882075
   -0.0013351820
   -0.0010777460
   -0.0002332144
    0.0006044186
    0.0013657184
    0.0020048448
    0.0024908290
    0.0028034169
    0.0029308760
    0.0028688137
    0.0026196948
    0.0021929539
    0.0016056079
    0.0008833621
    0.0000622879
   -0.0008086014
   -0.0010285539
   -0.0001733729
    0.0006514558
    0.0013871272
    0.0019928412
    0.0024403847
    0.0027113028
    0.0027953155
    0.0026894360
    0.0023976985
    0.0019313695
    0.0013096364
    0.0005605902
   -0.0002775719
   -0.0011551674
   -0.0013995452
   -0.0005477286
    0.0002813353
    0.0010273595
    0.0016466324
    0.0021080030
    0.0023906517
    0.0024826955
    0.0023803775
    0.0020878261
    0.0016172901
    0.0009897959
    0.0002359902
   -0.0006031272
   -0.0013934653
   -0.0005518973
    0.0002393158
    0.0009250685
    0.0014639729
    0.0018267701
    0.0019951199
    0.0019607556
    0.0017251097
    0.0012994577
    0.0007055038
   -0.0000238340
   -0.0008439345
   -0.0010939860
   -0.0003086837
    0.0003741318
    0.0009051336
    0.0012489901
    0.0013840020
    0.0013016567
    0.0010065385
    0.0005167688
   -0.0001351507
   -0.0009014963
   -0.0014512207
   -0.0007040489
   -0.0000744889
    0.0003795854
    0.0006187144
    0.0006226085
    0.0003905485
   -0.0000577936
   -0.0006808932
   -0.0014132586
   -0.0011053435
   -0.0005619644
   -0.0002330932
   -0.0001606254
   -0.0003532466
   -0.0007835725
   -0.0013834490
   -0.0011901407
   -0.0009662941
   -0.0010414383
   -0.0002916109
   -0.0006812084
   -0.0000659510
    0.0005181514
    0.0003772049
   -0.0003425588
   -0.0011193226
   -0.0010715880
   -0.0002977321
    0.0005242794
    0.0011281132
    0.0013252892
    0.0010645654
    0.0004313029
   -0.0003907681
   -0.0011903781
   -0.0012747074
   -0.0004836626
    0.0003584549
    0.0011207761
    0.0016787362
    0.0019446612
    0.0018804313
    0.0014984325
    0.0008579996
    0.0000595846
   -0.0007669348
   -0.0011217307
   -0.0003159176
    0.0005137099
    0.0012777256
    0.0018925306
    0.0022948398
    0.0024464461
    0.0023343621
    0.0019697502
    0.0013871054
    0.0006442590
   -0.0001769410
   -0.0009710796
   -0.0010207144
   -0.0002310384
    0.0005804360
    0.0013382739
    0.0019767755
    0.0024462016
    0.0027135644
    0.0027616670
    0.0025879497
    0.0022038099
    0.0016346284
    0.0009206887
    0.0001195720
   -0.0006890099
   -0.0012635846
   -0.0005336520
    0.0002549666
    0.0010254848
    0.0017146022
    0.0022745679
    0.0026718293
    0.0028851417
    0.0029040852
    0.0027280634
    0.0023659022
    0.0018359918
    0.0011671137
    0.0004003772
   -0.0004064195
   -0.0011690296
   -0.0006451682
    0.0001160010
    0.0008684763
    0.0015508685
    0.0021194464
    0.0025438923
    0.0028044640
    0.0028901879
    0.0027978404
    0.0025314268
    0.0021021657
    0.0015288803
    0.0008389658
    0.0000705102
   -0.0007227349
   -0.0007286151
    0.0000077665
    0.0007317054
    0.0013852076
    0.0019290457
    0.0023366473
    0.0025907841
    0.0026817756
    0.0026065088
    0.0023680266
    0.0019754679
    0.0014443673
    0.0007973115
    0.0000652791
   -0.0007092521
   -0.0008702091
   -0.0001597240
    0.0005290629
    0.0011426690
    0.0016460353
    0.0020157988
    0.0022370599
    0.0023017298
    0.0022077538
    0.0019587821
    0.0015641883
    0.0010393435
    0.0004061629
   -0.0003059090
   -0.0010575246
   -0.0011088428
   -0.0004288196
    0.0002194305
    0.0007866672
    0.0012410293
    0.0015615167
    0.0017350720
    0.0017552356
    0.0016215194
    0.0013392499
    0.0009196427
    0.0003800917
   -0.0002554165
   -0.0009555402
   -0.0014574261
   -0.0008134269
   -0.0002096790
    0.0003074955
    0.0007081362
    0.0009726943
    0.0010895777
    0.0010540876
    0.0008680248
    0.0005396330
    0.0000837521
   -0.0004779976
   -0.0011170509
   -0.0013138302
   -0.0007555680
   -0.0002881956
    0.0000586599
    0.0002660073
    0.0003235194
    0.0002287977
   -0.0000128177
   -0.0003882169
   -0.0008764497
   -0.0014064592
   -0.0009801824
   -0.0006771574
   -0.0005169172
   -0.0005085231
   -0.0006509121
   -0.0009328668
   -0.0013329810
   -0.0012933590
   -0.0012958791
   -0.0012972021
   -0.0011131137
   -0.0009704504
   -0.0008663151
   -0.0007986802
   -0.0007683625
   -0.0007782680
   -0.0008305343
   -0.0009231248
   -0.0010476332
   -0.0011899124
   -0.0013345500
   -0.0012240727
   -0.0009442632
   -0.0006851844
   -0.0004559811
   -0.0002629469
   -0.0001099489
    0.0000001783
    0.0000643908
    0.0000793988
    0.0000429646
   -0.0000441204
   -0.0001765130
   -0.0003443788
   -0.0005356832
   -0.0007402879
   -0.0009537740
   -0.0011778736
   -0.0012607488
   -0.0009684971
   -0.0006641230
   -0.0003626828
   -0.0000756511
    0.0001871154
    0.0004169536
    0.0006065524
    0.0007498035
    0.0008414303
    0.0008770467
    0.0008539409
    0.0007724200
    0.0006369347
    0.0004561182
    0.0002412690
    0.0000037072
   -0.0002475070
   -0.0005056975
   -0.0007641743
   -0.0010135565
   -0.0012417893
   -0.0014365060
   -0.0012365340
   -0.0010574441
   -0.0008222977
   -0.0005396213
   -0.0002279147
    0.0000938598
    0.0004101187
    0.0007082020
    0.0009770118
    0.0012064568
    0.0013874697
    0.0015122055
    0.0015744029
    0.0015701304
    0.0014989673
    0.0013650102
    0.0011770663
    0.0009474561
    0.0006898983
    0.0004176741
    0.0001431710
   -0.0001214486
   -0.0003639431
   -0.0005726417
   -0.0007366689
   -0.0008454968
   -0.0008908681
   -0.0008719362
   -0.0007966005
   -0.0006733961
   -0.0005026930
   -0.0002797911
   -0.0000058127
    0.0003072657
    0.0006406908
    0.0009750120
    0.0012929041
    0.0015791408
    0.0018199828
    0.0020031542
    0.0021183693
    0.0021582811
    0.0021198248
    0.0020055850
    0.0018244308
    0.0015907206
    0.0013222370
    0.0010378675
    0.0007561397
    0.0004945258
    0.0002689648
    0.0000938933
   -0.0000175656
   -0.0000553671
   -0.0000158078
    0.0000988730
    0.0002847159
    0.0005362646
    0.0008415238
    0.0011799386
    0.0015263301
    0.0018556032
    0.0021448061
    0.0023735054
    0.0025244692
    0.0025852059
    0.0025502211
    0.0024231946
    0.0022178774
    0.0019566277
    0.0016670469
    0.0013783087
    0.0011184070
    0.0009127530
    0.0007835903
    0.0007482143
    0.0008153561
    0.0009834906
    0.0012408728
    0.0015637675
    0.0019168702
    0.0022591331
    0.0025502025
    0.0027545592
    0.0028454113
    0.0028099576
    0.0026547095
    0.0024073749
    0.0021127796
    0.0018243936
    0.0015958010
    0.0014741280
    0.0014924212
    0.0016592533
    0.0019503463
    0.0023066042
    0.0026442859
    0.0028758050
    0.0029339635
    0.0027996803
    0.0025246941
    0.0022279859
    0.0020594101
    0.0021371000
    0.0024533084
    0.0027930810
    0.0028112519
    0.0024895215
    0.0026435586
   -0.0014044826
   -0.0013997898
   -0.0013772800
   -0.0006102797
   -0.0002105123
   -0.0004427423
   -0.0011600494
   -0.0008745910
   -0.0000947399
    0.0004586267
    0.0006273676
    0.0003708362
   -0.0002437429
   -0.0010691056
   -0.0010089616
   -0.0001950077
    0.0005554281
    0.0011019383
    0.0013582534
    0.0012891912
    0.0009061787
    0.0002631870
   -0.0005487941
   -0.0014138790
   -0.0006608432
    0.0001656640
    0.0009244565
    0.0015184834
    0.0018855590
    0.0019920597
    0.0018294916
    0.0014129131
    0.0007806181
   -0.0000056390
   -0.0008616470
   -0.0010086187
   -0.0001897963
    0.0006336164
    0.0013648947
    0.0019394878
    0.0023151117
    0.0024671278
    0.0023863041
    0.0020779231
    0.0015619494
    0.0008742334
    0.0000686540
   -0.0007800262
   -0.0007307812
    0.0001096060
    0.0009199773
    0.0016309883
    0.0021952002
    0.0025804450
    0.0027668055
    0.0027450899
    0.0025162132
    0.0020913453
    0.0014929116
    0.0007566381
   -0.0000647918
   -0.0008954527
   -0.0008186577
    0.0000230581
    0.0008360409
    0.0015612312
    0.0021569771
    0.0025937999
    0.0028520349
    0.0029205619
    0.0027962053
    0.0024836394
    0.0019959770
    0.0013561345
    0.0005994816
   -0.0002211787
   -0.0010257544
   -0.0014073006
   -0.0005831514
    0.0002475125
    0.0010226295
    0.0016977985
    0.0022402432
    0.0026263521
    0.0028403932
    0.0028737586
    0.0027245892
    0.0023978499
    0.0019059787
    0.0012702860
    0.0005236985
   -0.0002838579
   -0.0010739906
   -0.0009418703
   -0.0001208823
    0.0006543191
    0.0013409445
    0.0019061882
    0.0023255969
    0.0025821410
    0.0026655832
    0.0025721033
    0.0023042783
    0.0018715260
    0.0012912020
    0.0005907699
   -0.0001878872
   -0.0009791664
   -0.0011025241
   -0.0003069373
    0.0004370817
    0.0010897994
    0.0016198365
    0.0020035971
    0.0022247866
    0.0022739500
    0.0021482244
    0.0018514087
    0.0013945453
    0.0007971560
    0.0000897604
   -0.0006809923
   -0.0011079723
   -0.0003599586
    0.0003200510
    0.0008947251
    0.0013347225
    0.0016187264
    0.0017331459
    0.0016718749
    0.0014362409
    0.0010354112
    0.0004874046
   -0.0001788751
   -0.0009194201
   -0.0010188389
   -0.0003544211
    0.0002163447
    0.0006579659
    0.0009443096
    0.0010586128
    0.0009932765
    0.0007498750
    0.0003395914
   -0.0002156887
   -0.0008811726
   -0.0009378771
   -0.0004111428
   -0.0000123300
    0.0002264059
    0.0002856022
    0.0001582647
   -0.0001500884
   -0.0006208403
   -0.0012209506
   -0.0010125240
   -0.0006916995
   -0.0005373101
   -0.0005722598
   -0.0008001404
   -0.0012055256
   -0.0013076768
   -0.0014235729
   -0.0015095085
   -0.0013937498
   -0.0011857829
   -0.0012008450
   -0.0013400311
   -0.0014270652
   -0.0015243148
   -0.0016055116
   -0.0015907054
   -0.0014560455
   -0.0011927602
   -0.0010881103
   -0.0012358142
   -0.0012580042
   -0.0012721655
   -0.0013709007
   -0.0015170739
   -0.0016188073
   -0.0016380266
   -0.0015914196
   -0.0014805902
   -0.0012638207
   -0.0010407078
   -0.0011301657
   -0.0010626061
   -0.0010950627
   -0.0013070367
   -0.0014917876
   -0.0015854404
   -0.0015915241
   -0.0015541269
   -0.0015057126
   -0.0014290353
   -0.0012628679
   -0.0010300937
   -0.0009681945
   -0.0010916592
   -0.0013439885
   -0.0014795815
   -0.0014965165
   -0.0014413154
   -0.0013773092
   -0.0013460540
   -0.0013395673
   -0.0013004252
   -0.0011495622
   -0.0008769008
   -0.0009697781
   -0.0010755999
   -0.0013075078
   -0.0013820435
   -0.0013255898
   -0.0012011235
   -0.0010847261
   -0.0010665563
   -0.0011399119
   -0.0011780227
   -0.0010949040
   -0.0008961073
   -0.0009309001
   -0.0010941842
   -0.0012476445
   -0.0012205212
   -0.0010593082
   -0.0010460884
   -0.0010231966
   -0.0009657868
   -0.0009894556
   -0.0011381210
   -0.0010768775
   -0.0009774671
   -0.0008983622
   -0.0009507892
   -0.0010136744
   -0.0010468958
   -0.0009573013
   -0.0008797179
   -0.0009401078
   -0.0009606556
   -0.0011082102
   -0.0010165549
   -0.0009470908
   -0.0009601576
   -0.0008956562
   -0.0009511803
   -0.0011756075
   -0.0012068352
   -0.0010223073
   -0.0009610736
   -0.0009906760
   -0.0009836642
   -0.0010702007
   -0.0012921449
   -0.0013349986
   -0.0011917070
   -0.0009125268
   -0.0009653160
   -0.0010955713
   -0.0010650734
   -0.0012303346
   -0.0014166391
   -0.0014557506
   -0.0013401587
   -0.0010279208
   -0.0009433956
   -0.0011728845
   -0.0012213394
   -0.0010866943
   -0.0013087887
   -0.0014917418
   -0.0015604808
   -0.0015080839
   -0.0013257249
   -0.0010626948
   -0.0011074407
   -0.0012754937
   -0.0013573527
   -0.0012795858
   -0.0012280093
   -0.0014425626
   -0.0015769948
   -0.0016255346
   -0.0015815579
   -0.0014362329
   -0.0011803792
   -0.0011897848
   -0.0012134002
   -0.0010267710
   -0.0013468665
   -0.0014737655
   -0.0014600436
   -0.0013329926
   -0.0011227626
   -0.0011614615
   -0.0013593948
   -0.0015079803
   -0.0016009086
   -0.0016332942
   -0.0015987654
   -0.0014886285
   -0.0012937849
   -0.0012161193
   -0.0013445639
   -0.0013019655
   -0.0010744618
   -0.0012805477
   -0.0015000310
   -0.0015852286
   -0.0015604778
   -0.0014522558
   -0.0012881536
   -0.0010970863
   -0.0010541947
   -0.0012064810
   -0.0013401410
   -0.0014462056
   -0.0015197012
   -0.0015566781
   -0.0015516369
   -0.0014965721
   -0.0013822467
   -0.0012018664
   -0.0012160097
   -0.0014054806
   -0.0014708823
   -0.0013911038
   -0.0011539189
   -0.0012347937
   -0.0014889624
   -0.0016203057
   -0.0016494304
   -0.0015999330
   -0.0014957370
   -0.0013604043
   -0.0012169607
   -0.0010869401
   -0.0009882245
   -0.0009322640
   -0.0009220504
   -0.0009521232
   -0.0010109706
   -0.0010849190
   -0.0011618615
   -0.0012333894
   -0.0012947705
   -0.0013431876
   -0.0013753103
   -0.0013854109
   -0.0013650345
   -0.0013047237
   -0.0011977142
   -0.0010447488
   -0.0011320664
   -0.0013523705
   -0.0015090983
   -0.0015733762
   -0.0015238454
   -0.0013470768
   -0.0011296367
   -0.0014082985
   -0.0015757026
   -0.0016451814
   -0.0016362814
   -0.0015699496
   -0.0014663333
   -0.0013441132
   -0.0012201540
   -0.0011086280
   -0.0010196217
   -0.0009579468
   -0.0009230573
   -0.0009104933
   -0.0011000769
   -0.0011238850
   -0.0011241004
   -0.0010933902
   -0.0010317952
   -0.0009497207
   -0.0008677108
   -0.0011452382
   -0.0013223954
   -0.0014830500
   -0.0015975912
   -0.0016412042
   -0.0015949801
   -0.0014472810
   -0.0011970548
   -0.0011722178
   -0.0013972028
   -0.0015281299
   -0.0015731747
   -0.0015480617
   -0.0014706105
   -0.0013578502
   -0.0012249652
   -0.0010850560
   -0.0009053303
   -0.0009260624
   -0.0009427525
   -0.0009725367
   -0.0010303681
   -0.0011227043
   -0.0012444155
   -0.0013800092
   -0.0015078947
   -0.0016051293
   -0.0016508485
   -0.0016283368
   -0.0015270769
   -0.0013461411
   -0.0010989018
   -0.0011937380
   -0.0013466992
   -0.0014201507
   -0.0014171812
   -0.0013495569
   -0.0012320395
   -0.0009777321
   -0.0010970052
   -0.0012243718
   -0.0013515615
   -0.0014646790
   -0.0015476041
   -0.0015850156
   -0.0015649243
   -0.0014816062
   -0.0013396029
   -0.0011576162
   -0.0009754706
   -0.0011107506
   -0.0012056634
   -0.0012359592
   -0.0011940854
   -0.0011473975
   -0.0012756900
   -0.0013703693
   -0.0014211707
   -0.0014206280
   -0.0013676429
   -0.0012714396
   -0.0011535768
   -0.0010445442
   -0.0009734385
   -0.0009545535
   -0.0009790637
   -0.0010179948
   -0.0010347125
   -0.0009987639
   -0.0011050656
   -0.0011625909
   -0.0011684740
   -0.0011300706
   -0.0010643193
   -0.0009935730
   -0.0009351582
   -0.0008902433
   -0.0008739327
   -0.0007898637
   -0.0009013168
   -0.0010413911
   -0.0006717659
   -0.0004067977
   -0.0002910015
   -0.0003395494
   -0.0005372899
   -0.0008380336
   -0.0007223750
   -0.0003378080
   -0.0000346571
    0.0001489455
    0.0001930842
    0.0000952165
   -0.0001299452
   -0.0004492696
   -0.0008080237
   -0.0008214168
   -0.0004024330
   -0.0000075782
    0.0003161678
    0.0005372557
    0.0006370993
    0.0006085693
    0.0004553492
    0.0001921594
   -0.0001539608
   -0.0005406549
   -0.0007161453
   -0.0002898264
    0.0001301857
    0.0004984694
    0.0007839367
    0.0009663486
    0.0010343146
    0.0009842319
    0.0008198737
    0.0005525963
    0.0002022588
   -0.0002008011
   -0.0006117992
   -0.0005734179
   -0.0001361278
    0.0002971467
    0.0006853112
    0.0010001440
    0.0012226629
    0.0013411138
    0.0013498445
    0.0012487633
    0.0010432258
    0.0007443466
    0.0003698366
   -0.0000543976
   -0.0004911851
   -0.0005307113
   -0.0000849631
    0.0003620448
    0.0007712855
    0.0011158093
    0.0013770275
    0.0015427100
    0.0016058294
    0.0015639422
    0.0014189351
    0.0011770519
    0.0008492556
    0.0004519364
    0.0000081996
   -0.0004497846
   -0.0008761624
   -0.0007039670
   -0.0002649753
    0.0001966855
    0.0006380315
    0.0010294191
    0.0013499916
    0.0015852752
    0.0017258213
    0.0017664245
    0.0017056916
    0.0015458799
    0.0012929686
    0.0009569297
    0.0005522691
    0.0000989095
   -0.0003763090
   -0.0008368121
   -0.0007682710
   -0.0003207221
    0.0001490829
    0.0006006540
    0.0010056169
    0.0013436550
    0.0016003415
    0.0017659269
    0.0018345917
    0.0018040455
    0.0016753149
    0.0014527552
    0.0011441945
    0.0007612600
    0.0003198776
   -0.0001589872
   -0.0006481261
   -0.0007978993
   -0.0003341952
    0.0001413443
    0.0005932689
    0.0009959299
    0.0013305316
    0.0015835265
    0.0017456652
    0.0018114112
    0.0017785886
    0.0016482371
    0.0014245907
    0.0011152156
    0.0007312500
    0.0002877168
   -0.0001960681
   -0.0006960124
   -0.0008606848
   -0.0003847382
    0.0000928320
    0.0005407410
    0.0009354453
    0.0012592765
    0.0014993493
    0.0016468878
    0.0016967808
    0.0016473170
    0.0015000701
    0.0012599181
    0.0009351637
    0.0005377132
    0.0000832544
   -0.0004086622
   -0.0009147447
   -0.0010368627
   -0.0005557729
   -0.0000770157
    0.0003699783
    0.0007620604
    0.0010813715
    0.0013147146
    0.0014530989
    0.0014914065
    0.0014281948
    0.0012656315
    0.0010095038
    0.0006693495
    0.0002585472
   -0.0002056903
   -0.0007026132
   -0.0009362543
   -0.0004537111
    0.0000038682
    0.0004113613
    0.0007485071
    0.0009998425
    0.0011545142
    0.0012060946
    0.0011524332
    0.0009955963
    0.0007419124
    0.0004020484
   -0.0000089680
   -0.0004719219
   -0.0009640945
   -0.0006617617
   -0.0002147425
    0.0001768897
    0.0004917728
    0.0007136159
    0.0008314124
    0.0008394528
    0.0007373303
    0.0005299772
    0.0002277461
   -0.0001535466
   -0.0005927982
   -0.0010642607
   -0.0008194043
   -0.0003968367
   -0.0000401493
    0.0002278213
    0.0003904613
    0.0004379761
    0.0003676689
    0.0001841264
   -0.0001005810
   -0.0004667766
   -0.0008872150
   -0.0006609475
   -0.0003376192
   -0.0001150558
   -0.0000112810
   -0.0000341798
   -0.0001807694
   -0.0004365899
   -0.0007750693
   -0.0007821500
   -0.0005541037
   -0.0004526561
   -0.0004882660
   -0.0006522704
   -0.0009147200
   -0.0008492005
   -0.0003833184
   -0.0006118868
   -0.0002542590
    0.0000906561
    0.0000173738
   -0.0003895009
   -0.0008383657
   -0.0008416961
   -0.0003872312
    0.0000956014
    0.0004549393
    0.0005809733
    0.0004424325
    0.0000898762
   -0.0003706623
   -0.0008259709
   -0.0009744297
   -0.0005115214
   -0.0000186510
    0.0004356204
    0.0007811016
    0.0009634846
    0.0009558853
    0.0007624988
    0.0004170626
   -0.0000225298
   -0.0004849716
   -0.0009053965
   -0.0009517966
   -0.0004904368
   -0.0000073224
    0.0004564079
    0.0008541581
    0.0011445878
    0.0012982983
    0.0013006933
    0.0011526191
    0.0008700664
    0.0004834348
    0.0000361877
   -0.0004182221
   -0.0008240789
   -0.0006272765
   -0.0001656300
    0.0003011864
    0.0007368437
    0.0011061722
    0.0013803327
    0.0015390569
    0.0015712869
    0.0014751449
    0.0012577691
    0.0009352458
    0.0005327131
    0.0000846320
   -0.0003651105
   -0.0007645205
   -0.0006998632
   -0.0002678074
    0.0001856539
    0.0006270725
    0.0010246036
    0.0013515950
    0.0015878683
    0.0017198662
    0.0017404472
    0.0016486203
    0.0014493809
    0.0011537431
    0.0007790175
    0.0003494237
   -0.0001027958
   -0.0005356376
   -0.0005087960
   -0.0000835668
    0.0003553850
    0.0007750334
    0.0011478134
    0.0014521720
    0.0016723240
    0.0017977697
    0.0018228625
    0.0017464943
    0.0015719450
    0.0013068824
    0.0009636040
    0.0005595084
    0.0001180813
   -0.0003293164
   -0.0007401910
   -0.0006197353
   -0.0002226895
    0.0002014181
    0.0006172270
    0.0009968922
    0.0013191790
    0.0015684500
    0.0017338461
    0.0018086802
    0.0017900393
    0.0016785428
    0.0014782662
    0.0011968187
    0.0008455754
    0.0004401881
    0.0000015642
   -0.0004422378
   -0.0008522266
   -0.0007417376
   -0.0003714936
    0.0000361424
    0.0004426536
    0.0008195264
    0.0011457149
    0.0014058963
    0.0015893062
    0.0016890020
    0.0017013956
    0.0016259695
    0.0014651588
    0.0012243600
    0.0009120498
    0.0005400840
    0.0001242589
   -0.0003145716
   -0.0007481846
   -0.0006247600
   -0.0002388614
    0.0001577905
    0.0005338005
    0.0008667796
    0.0011406326
    0.0013439878
    0.0014692457
    0.0015120231
    0.0014708139
    0.0013468339
    0.0011439610
    0.0008687955
    0.0005308122
    0.0001426789
   -0.0002791442
   -0.0007130927
   -0.0006873798
   -0.0003077072
    0.0000707642
    0.0004203687
    0.0007217023
    0.0009610199
    0.0011288146
    0.0012189996
    0.0012284500
    0.0011567601
    0.0010061120
    0.0007812567
    0.0004895700
    0.0001411804
   -0.0002507732
   -0.0006696040
   -0.0009906579
   -0.0006285552
   -0.0002622104
    0.0000789262
    0.0003746164
    0.0006106572
    0.0007772373
    0.0008680644
    0.0008798830
    0.0008122134
    0.0006672286
    0.0004497108
    0.0001670495
   -0.0001707104
   -0.0005507887
   -0.0009574256
   -0.0008746763
   -0.0005253376
   -0.0002056467
    0.0000654087
    0.0002745761
    0.0004128817
    0.0004748789
    0.0004582547
    0.0003636286
    0.0001944431
   -0.0000431069
   -0.0003401377
   -0.0006852024
   -0.0010644663
   -0.0007785223
   -0.0004878309
   -0.0002516747
   -0.0000817601
    0.0000143822
    0.0000328756
   -0.0000267690
   -0.0001617981
   -0.0003663492
   -0.0006316404
   -0.0009462981
   -0.0010688469
   -0.0008061085
   -0.0006034259
   -0.0004710547
   -0.0004148669
   -0.0004366373
   -0.0005341998
   -0.0007016276
   -0.0009295447
   -0.0009825331
   -0.0008646943
   -0.0008231116
   -0.0008571398
   -0.0008415761
   -0.0007365516
   -0.0006614176
   -0.0006128136
   -0.0005867716
   -0.0005799777
   -0.0005902016
   -0.0006159194
   -0.0006554521
   -0.0007060537
   -0.0007634515
   -0.0008222746
   -0.0008775693
   -0.0010077797
   -0.0008255779
   -0.0006545296
   -0.0005020741
   -0.0003729672
   -0.0002693863
   -0.0001915466
   -0.0001386038
   -0.0001094615
   -0.0001031850
   -0.0001188974
   -0.0001553210
   -0.0002102611
   -0.0002803683
   -0.0003614830
   -0.0004496830
   -0.0005428063
   -0.0006418238
   -0.0007511255
   -0.0008768668
   -0.0010034667
   -0.0008378892
   -0.0006577608
   -0.0004741628
   -0.0002963528
   -0.0001318811
    0.0000134825
    0.0001357834
    0.0002326673
    0.0003029451
    0.0003461071
    0.0003620447
    0.0003510798
    0.0003142390
    0.0002535586
    0.0001721564
    0.0000738600
   -0.0000376282
   -0.0001597358
   -0.0002916503
   -0.0004339590
   -0.0005870488
   -0.0007488494
   -0.0009132179
   -0.0009098359
   -0.0008207893
   -0.0006955337
   -0.0005399548
   -0.0003638736
   -0.0001777786
    0.0000086654
    0.0001870274
    0.0003502191
    0.0004925563
    0.0006097659
    0.0006988360
    0.0007577833
    0.0007854605
    0.0007815679
    0.0007468162
    0.0006831420
    0.0005937092
    0.0004825546
    0.0003539191
    0.0002115395
    0.0000583950
   -0.0001027534
   -0.0002681468
   -0.0004318843
   -0.0005857029
   -0.0007198748
   -0.0008247261
   -0.0008922635
   -0.0009181538
   -0.0009041743
   -0.0008594996
   -0.0007980048
   -0.0007312460
   -0.0006617408
   -0.0005823936
   -0.0004825181
   -0.0003550467
   -0.0001999011
   -0.0000229905
    0.0001666315
    0.0003591603
    0.0005453068
    0.0007168095
    0.0008666483
    0.0009891486
    0.0010799922
    0.0011361536
    0.0011559130
    0.0011389562
    0.0010865580
    0.0010016718
    0.0008886963
    0.0007529339
    0.0005999767
    0.0004353865
    0.0002650022
    0.0000956118
   -0.0000645990
   -0.0002063986
   -0.0003205928
   -0.0003995049
   -0.0004387548
   -0.0004389554
   -0.0004058612
   -0.0003473409
   -0.0002683751
   -0.0001683828
   -0.0000435641
    0.0001081395
    0.0002838532
    0.0004759674
    0.0006742059
    0.0008676396
    0.0010459126
    0.0011998586
    0.0013218524
    0.0014060234
    0.0014484266
    0.0014472611
    0.0014031159
    0.0013191015
    0.0012006574
    0.0010549945
    0.0008904180
    0.0007159438
    0.0005413664
    0.0003773619
    0.0002350497
    0.0001248448
    0.0000547788
    0.0000287435
    0.0000457307
    0.0001015173
    0.0001922119
    0.0003161087
    0.0004716414
    0.0006538467
    0.0008529927
    0.0010559169
    0.0012482761
    0.0014163565
    0.0015482267
    0.0016345640
    0.0016693014
    0.0016502459
    0.0015795362
    0.0014636718
    0.0013129091
    0.0011402731
    0.0009606552
    0.0007901197
    0.0006449110
    0.0005396871
    0.0004851128
    0.0004859600
    0.0005413842
    0.0006474361
    0.0007983236
    0.0009843666
    0.0011898382
    0.0013940140
    0.0015744986
    0.0017106657
    0.0017864972
    0.0017929226
    0.0017296792
    0.0016061572
    0.0014406320
    0.0012580785
    0.0010872532
    0.0009568915
    0.0008905735
    0.0009016236
    0.0009910635
    0.0011482739
    0.0013498933
    0.0015591568
    0.0017317734
    0.0018271112
    0.0018204879
    0.0017137553
    0.0015402205
    0.0013599981
    0.0012443941
    0.0012495949
    0.0013872271
    0.0016017907
    0.0017677749
    0.0017515236
    0.0015643735
    0.0015198590
    0.0016319286
   -0.0006434201
   -0.0004321297
   -0.0005730276
   -0.0009878384
   -0.0007642329
   -0.0003456078
   -0.0000381224
    0.0000614531
   -0.0000782619
   -0.0004233880
   -0.0008937660
   -0.0008476106
   -0.0004258281
   -0.0000079737
    0.0003203481
    0.0004982935
    0.0004954126
    0.0003111401
   -0.0000282048
   -0.0004748445
   -0.0009690835
   -0.0007674597
   -0.0003472356
    0.0000908333
    0.0004773956
    0.0007614817
    0.0009103017
    0.0009080206
    0.0007546045
    0.0004648263
    0.0000670881
   -0.0003987175
   -0.0008857890
   -0.0007731203
   -0.0003581193
    0.0000928305
    0.0005181155
    0.0008727767
    0.0011254389
    0.0012562575
    0.0012556805
    0.0011237509
    0.0008697780
    0.0005122609
    0.0000787916
   -0.0003945677
   -0.0008654373
   -0.0006737143
   -0.0002355533
    0.0002244074
    0.0006566908
    0.0010257483
    0.0013063021
    0.0014813563
    0.0015411078
    0.0014823893
    0.0013084299
    0.0010289439
    0.0006604614
    0.0002268477
   -0.0002401237
   -0.0007005392
   -0.0006191178
   -0.0001630615
    0.0003029740
    0.0007390616
    0.0011163224
    0.0014137680
    0.0016166958
    0.0017158266
    0.0017068379
    0.0015901776
    0.0013711257
    0.0010601005
    0.0006732329
    0.0002332914
   -0.0002289943
   -0.0006731136
   -0.0007628648
   -0.0003045661
    0.0001682111
    0.0006189428
    0.0010209576
    0.0013543730
    0.0016046032
    0.0017615738
    0.0018192829
    0.0017755785
    0.0016321382
    0.0013946296
    0.0010731234
    0.0006827793
    0.0002450006
   -0.0002107215
   -0.0006437878
   -0.0007904033
   -0.0003205009
    0.0001528240
    0.0005997714
    0.0009978467
    0.0013298264
    0.0015827762
    0.0017475105
    0.0018183058
    0.0017927255
    0.0016716175
    0.0014592579
    0.0011637051
    0.0007974089
    0.0003782640
   -0.0000686390
   -0.0005079441
   -0.0007925802
   -0.0003171228
    0.0001495212
    0.0005833091
    0.0009652874
    0.0012805572
    0.0015177704
    0.0016688404
    0.0017287509
    0.0016954895
    0.0015700576
    0.0013566503
    0.0010630153
    0.0007010778
    0.0002880155
   -0.0001518793
   -0.0005838277
   -0.0008591802
   -0.0003873283
    0.0000682595
    0.0004870029
    0.0008519869
    0.0011496072
    0.0013694037
    0.0015039402
    0.0015487148
    0.0015021281
    0.0013655577
    0.0011435545
    0.0008442264
    0.0004799268
    0.0000684034
   -0.0003651261
   -0.0007840600
   -0.0010693743
   -0.0006064763
   -0.0001604724
    0.0002494919
    0.0006069436
    0.0008982681
    0.0011128253
    0.0012429757
    0.0012840709
    0.0012344647
    0.0010956111
    0.0008722688
    0.0005729062
    0.0002103989
   -0.0001967739
   -0.0006223258
   -0.0010319268
   -0.0005925009
   -0.0001804835
    0.0001865767
    0.0004934076
    0.0007275797
    0.0008797791
    0.0009439083
    0.0009171550
    0.0008000843
    0.0005968219
    0.0003154167
   -0.0000315566
   -0.0004259446
   -0.0008420605
   -0.0008561823
   -0.0004673769
   -0.0001214794
    0.0001648508
    0.0003779665
    0.0005077341
    0.0005477606
    0.0004955114
    0.0003524582
    0.0001243042
   -0.0001786202
   -0.0005406769
   -0.0009397296
   -0.0006846546
   -0.0003812358
   -0.0001391952
    0.0000262965
    0.0001046147
    0.0000899387
   -0.0000186031
   -0.0002167553
   -0.0004948832
   -0.0008375508
   -0.0006550787
   -0.0004685805
   -0.0003612380
   -0.0003447778
   -0.0004241081
   -0.0005972803
   -0.0008554429
   -0.0008235823
   -0.0007629185
   -0.0007923670
   -0.0009181371
   -0.0009805461
   -0.0010398577
   -0.0009661503
   -0.0008340811
   -0.0008331138
   -0.0009164911
   -0.0009846818
   -0.0010568399
   -0.0011119045
   -0.0011013368
   -0.0010104581
   -0.0008449704
   -0.0007464784
   -0.0008390023
   -0.0008736647
   -0.0009032874
   -0.0009725604
   -0.0010642298
   -0.0011303364
   -0.0011454126
   -0.0011124419
   -0.0010323896
   -0.0008905574
   -0.0006929259
   -0.0007633246
   -0.0007554717
   -0.0007259715
   -0.0008163537
   -0.0009364699
   -0.0010485575
   -0.0011155210
   -0.0011311903
   -0.0011118777
   -0.0010727968
   -0.0010090000
   -0.0008959461
   -0.0006695699
   -0.0006789977
   -0.0009342497
   -0.0010360920
   -0.0010756084
   -0.0010662787
   -0.0010349861
   -0.0010040576
   -0.0009765199
   -0.0009323956
   -0.0008381619
   -0.0006155196
   -0.0006132989
   -0.0008678397
   -0.0009695606
   -0.0009970008
   -0.0009681263
   -0.0009144552
   -0.0008679305
   -0.0008473704
   -0.0008497434
   -0.0008503911
   -0.0008120596
   -0.0006984187
   -0.0005656581
   -0.0005883430
   -0.0007767216
   -0.0008843923
   -0.0009040086
   -0.0008536038
   -0.0007134311
   -0.0007432244
   -0.0007082826
   -0.0005856584
   -0.0007186612
   -0.0008085923
   -0.0007987651
   -0.0006322270
   -0.0006606886
   -0.0005923684
   -0.0005880608
   -0.0005912144
   -0.0007207164
   -0.0007183794
   -0.0006072745
   -0.0006411873
   -0.0006242021
   -0.0006470275
   -0.0006540130
   -0.0005620470
   -0.0005780611
   -0.0006627673
   -0.0007145555
   -0.0006382041
   -0.0006183776
   -0.0005559904
   -0.0005909881
   -0.0007727803
   -0.0007859247
   -0.0006807893
   -0.0005937293
   -0.0005950709
   -0.0006271394
   -0.0008340193
   -0.0008827899
   -0.0008260792
   -0.0006002846
   -0.0006313993
   -0.0006924302
   -0.0008812863
   -0.0009633652
   -0.0009552690
   -0.0008536190
   -0.0005959095
   -0.0006296279
   -0.0007205147
   -0.0007734159
   -0.0007195568
   -0.0008405553
   -0.0009786793
   -0.0010452885
   -0.0010356215
   -0.0009460127
   -0.0006878417
   -0.0006252650
   -0.0008100184
   -0.0008658087
   -0.0008255844
   -0.0007940022
   -0.0009541089
   -0.0010610638
   -0.0011094008
   -0.0010947753
   -0.0010134716
   -0.0008628802
   -0.0007031927
   -0.0007605874
   -0.0006999537
   -0.0008400819
   -0.0009430608
   -0.0009562861
   -0.0008912478
   -0.0008571927
   -0.0009918408
   -0.0010866220
   -0.0011365134
   -0.0011373709
   -0.0010853827
   -0.0009773015
   -0.0008115642
   -0.0007845256
   -0.0008453795
   -0.0008007249
   -0.0008721057
   -0.0010014142
   -0.0010484317
   -0.0010237373
   -0.0009407630
   -0.0008150610
   -0.0007927553
   -0.0009171353
   -0.0010179818
   -0.0010897443
   -0.0011281823
   -0.0011295131
   -0.0010900156
   -0.0010063228
   -0.0008764732
   -0.0008099197
   -0.0009138712
   -0.0009315158
   -0.0008540781
   -0.0008368970
   -0.0010045365
   -0.0010953322
   -0.0011176046
   -0.0010827715
   -0.0010041312
   -0.0008962090
   -0.0007742996
   -0.0006170224
   -0.0007132283
   -0.0008096557
   -0.0008982001
   -0.0009727585
   -0.0010288281
   -0.0010627678
   -0.0010710923
   -0.0010501445
   -0.0009963665
   -0.0009072453
   -0.0007828045
   -0.0008451280
   -0.0009657158
   -0.0010204196
   -0.0009974669
   -0.0008902784
   -0.0008512093
   -0.0010195588
   -0.0011189865
   -0.0011562576
   -0.0011413839
   -0.0010861268
   -0.0010031111
   -0.0009052657
   -0.0008052600
   -0.0007147078
   -0.0006431437
   -0.0005969803
   -0.0005787982
   -0.0005872895
   -0.0006179375
   -0.0006642685
   -0.0007192694
   -0.0007765510
   -0.0008309512
   -0.0008785280
   -0.0009160884
   -0.0009405563
   -0.0009485041
   -0.0009361355
   -0.0008998524
   -0.0008374045
   -0.0007493703
   -0.0006405736
   -0.0008318992
   -0.0009648773
   -0.0010576257
   -0.0010951780
   -0.0010667243
   -0.0009662739
   -0.0008344559
   -0.0009996876
   -0.0011036337
   -0.0011505344
   -0.0011484891
   -0.0011076208
   -0.0010388917
   -0.0009533760
   -0.0008617229
   -0.0007735721
   -0.0006968569
   -0.0006371149
   -0.0005970598
   -0.0005766112
   -0.0005734630
   -0.0007646911
   -0.0007694699
   -0.0007580955
   -0.0007285730
   -0.0006820568
   -0.0006238364
   -0.0005633933
   -0.0008506816
   -0.0009693665
   -0.0010673951
   -0.0011293990
   -0.0011429284
   -0.0010993263
   -0.0009947001
   -0.0008312563
   -0.0008840856
   -0.0010102539
   -0.0010830585
   -0.0011060519
   -0.0010864592
   -0.0010333363
   -0.0009563470
   -0.0008650139
   -0.0007682031
   -0.0006736715
   -0.0005895562
   -0.0005862617
   -0.0005827890
   -0.0005883183
   -0.0006116475
   -0.0006585490
   -0.0007297808
   -0.0008204272
   -0.0009206891
   -0.0010176988
   -0.0010976277
   -0.0011475226
   -0.0011566940
   -0.0011178405
   -0.0010282476
   -0.0008911962
   -0.0007614586
   -0.0008891503
   -0.0009729284
   -0.0010096449
   -0.0010019564
   -0.0009561332
   -0.0008802273
   -0.0007828332
   -0.0006029734
   -0.0006718441
   -0.0007531033
   -0.0008435531
   -0.0009359651
   -0.0010204014
   -0.0010859490
   -0.0011223949
   -0.0011216640
   -0.0010791637
   -0.0009952034
   -0.0008763680
   -0.0007362647
   -0.0007159095
   -0.0008079352
   -0.0008658964
   -0.0008822609
   -0.0008561359
   -0.0007411296
   -0.0008397475
   -0.0009269257
   -0.0009943069
   -0.0010338983
   -0.0010396296
   -0.0010088950
   -0.0009440642
   -0.0008535958
   -0.0007519738
   -0.0006576327
   -0.0005664836
   -0.0006068058
   -0.0006613360
   -0.0007098819
   -0.0007346240
   -0.0007236395
   -0.0008458817
   -0.0008891106
   -0.0008987622
   -0.0008754315
   -0.0008249808
   -0.0007587047
   -0.0006914832
   -0.0006377144
   -0.0006062174
   -0.0005964720
   -0.0005983382
   -0.0007441994
   -0.0007060900
   -0.0005402844
   -0.0004520212
   -0.0004538978
   -0.0005393906
   -0.0006826947
   -0.0005574082
   -0.0003596481
   -0.0002163158
   -0.0001456994
   -0.0001549579
   -0.0002398704
   -0.0003846002
   -0.0005612209
   -0.0004698835
   -0.0002471077
   -0.0000579839
    0.0000767997
    0.0001443415
    0.0001392436
    0.0000634464
   -0.0000736543
   -0.0002547099
   -0.0004533952
   -0.0005837458
   -0.0003527997
   -0.0001180028
    0.0000935420
    0.0002618938
    0.0003734143
    0.0004201067
    0.0003991953
    0.0003129634
    0.0001688523
   -0.0000201163
   -0.0002344737
   -0.0004467877
   -0.0005557912
   -0.0003301650
   -0.0000856090
    0.0001496472
    0.0003546798
    0.0005144129
    0.0006186327
    0.0006613557
    0.0006404533
    0.0005574913
    0.0004177861
    0.0002306796
    0.0000101076
   -0.0002243845
   -0.0004459061
   -0.0005022581
   -0.0002747401
   -0.0000235397
    0.0002238656
    0.0004472376
    0.0006317976
    0.0007670947
    0.0008462861
    0.0008657008
    0.0008245920
    0.0007250585
    0.0005721176
    0.0003739430
    0.0001423252
   -0.0001065474
   -0.0003507698
   -0.0005095121
   -0.0002858870
   -0.0000307964
    0.0002277783
    0.0004693342
    0.0006787622
    0.0008450656
    0.0009605625
    0.0010203837
    0.0010221705
    0.0009659077
    0.0008538957
    0.0006908112
    0.0004839182
    0.0002434118
   -0.0000169956
   -0.0002791202
   -0.0005186745
   -0.0004471653
   -0.0002048037
    0.0000602026
    0.0003235961
    0.0005674910
    0.0007785963
    0.0009471488
    0.0010662335
    0.0011313637
    0.0011402140
    0.0010924724
    0.0009897953
    0.0008358408
    0.0006363941
    0.0003995911
    0.0001362748
   -0.0001394402
   -0.0004092538
   -0.0003660661
   -0.0001035605
    0.0001694514
    0.0004330019
    0.0006721372
    0.0008756301
    0.0010351879
    0.0011449450
    0.0012011441
    0.0012019274
    0.0011472326
    0.0010387494
    0.0008799596
    0.0006762279
    0.0004349668
    0.0001658853
   -0.0001186410
   -0.0004030023
   -0.0006674217
   -0.0005842153
   -0.0003356954
   -0.0000613882
    0.0002158105
    0.0004786631
    0.0007140357
    0.0009119476
    0.0010649798
    0.0011678873
    0.0012173422
    0.0012117778
    0.0011512976
    0.0010376521
    0.0008742609
    0.0006662910
    0.0004207678
    0.0001467403
   -0.0001445052
   -0.0004391476
   -0.0004399652
   -0.0001614282
    0.0001205975
    0.0003893831
    0.0006319258
    0.0008381743
    0.0010005182
    0.0011134624
    0.0011733955
    0.0011784428
    0.0011283818
    0.0010246047
    0.0008701323
    0.0006696554
    0.0004296051
    0.0001582363
   -0.0001342917
   -0.0004358429
   -0.0007322647
   -0.0004843560
   -0.0001990680
    0.0000842627
    0.0003505472
    0.0005877674
    0.0007864947
    0.0009395600
    0.0010418133
    0.0010899683
    0.0010824820
    0.0010194998
    0.0009028300
    0.0007359528
    0.0005240585
    0.0002740741
   -0.0000053221
   -0.0003037460
   -0.0006092657
   -0.0005388405
   -0.0002497949
    0.0000317175
    0.0002918900
    0.0005194554
    0.0007054764
    0.0008431804
    0.0009278166
    0.0009565497
    0.0009283939
    0.0008441668
    0.0007064875
    0.0005197826
    0.0002902956
    0.0000260622
   -0.0002631887
   -0.0005662903
   -0.0006850965
   -0.0003950805
   -0.0001140311
    0.0001444580
    0.0003689404
    0.0005501893
    0.0006811877
    0.0007570779
    0.0007751105
    0.0007346122
    0.0006369583
    0.0004855735
    0.0002859327
    0.0000455233
   -0.0002262587
   -0.0005183636
   -0.0007209586
   -0.0004349351
   -0.0001651112
    0.0000754622
    0.0002757245
    0.0004269018
    0.0005226307
    0.0005590004
    0.0005345682
    0.0004503562
    0.0003098606
    0.0001190464
   -0.0001137067
   -0.0003777533
   -0.0006605102
   -0.0007438106
   -0.0004697684
   -0.0002197667
   -0.0000069742
    0.0001577157
    0.0002661418
    0.0003131024
    0.0002964807
    0.0002173127
    0.0000798238
   -0.0001085607
   -0.0003372733
   -0.0005927810
   -0.0005965739
   -0.0003631752
   -0.0001716777
   -0.0000339991
    0.0000415701
    0.0000507738
   -0.0000063689
   -0.0001254036
   -0.0002973444
   -0.0005086275
   -0.0006626448
   -0.0004617038
   -0.0003113861
   -0.0002239521
   -0.0002058709
   -0.0002572216
   -0.0003712494
   -0.0005339865
   -0.0006014235
   -0.0004865779
   -0.0004408663
   -0.0004671278
   -0.0005564301
   -0.0003502054
   -0.0004904770
   -0.0002740630
   -0.0000606736
   -0.0000996075
   -0.0003405605
   -0.0006117663
   -0.0006326684
   -0.0003551920
   -0.0000583461
    0.0001652497
    0.0002482172
    0.0001709597
   -0.0000352627
   -0.0003064770
   -0.0005780581
   -0.0007198799
   -0.0004370807
   -0.0001345685
    0.0001475505
    0.0003673776
    0.0004907026
    0.0004992824
    0.0003944857
    0.0001966964
   -0.0000588650
   -0.0003303405
   -0.0005821022
   -0.0007322833
   -0.0004522852
   -0.0001572085
    0.0001318948
    0.0003887337
    0.0005873946
    0.0007074384
    0.0007369679
    0.0006739399
    0.0005263384
    0.0003115721
    0.0000550684
   -0.0002124997
   -0.0004604853
   -0.0006011888
   -0.0003268647
   -0.0000413457
    0.0002385272
    0.0004923610
    0.0007004603
    0.0008467084
    0.0009201191
    0.0009155019
    0.0008336684
    0.0006813969
    0.0004713030
    0.0002215742
   -0.0000446252
   -0.0003005713
   -0.0005192556
   -0.0005143077
   -0.0002539727
    0.0000203738
    0.0002927425
    0.0005453279
    0.0007614965
    0.0009274784
    0.0010331625
    0.0010723841
    0.0010429957
    0.0009468437
    0.0007897511
    0.0005815576
    0.0003361941
    0.0000717923
   -0.0001893489
   -0.0004213268
   -0.0005984864
   -0.0003730148
   -0.0001199956
    0.0001457081
    0.0004070943
    0.0006478785
    0.0008539777
    0.0010141472
    0.0011201797
    0.0011668963
    0.0011520738
    0.0010763869
    0.0009433797
    0.0007595181
    0.0005343207
    0.0002805999
    0.0000148440
   -0.0002422862
   -0.0004654967
   -0.0005187640
   -0.0003050685
   -0.0000606187
    0.0001966187
    0.0004493527
    0.0006824147
    0.0008832759
    0.0010421355
    0.0011518235
    0.0012076520
    0.0012072824
    0.0011506326
    0.0010398310
    0.0008792464
    0.0006755818
    0.0004380730
    0.0001788400
   -0.0000865547
   -0.0003382416
   -0.0005508373
   -0.0003987687
   -0.0001772156
    0.0000676198
    0.0003168437
    0.0005544953
    0.0007676037
    0.0009459818
    0.0010819519
    0.0011700948
    0.0012070556
    0.0011913975
    0.0011235200
    0.0010056266
    0.0008417579
    0.0006378854
    0.0004021096
    0.0001449927
   -0.0001198717
   -0.0003749084
   -0.0005970275
   -0.0005017482
   -0.0003067247
   -0.0000775532
    0.0001642972
    0.0004015066
    0.0006203612
    0.0008101932
    0.0009629038
    0.0010725930
    0.0011352958
    0.0011487944
    0.0011124977
    0.0010273788
    0.0008959632
    0.0007223664
    0.0005124016
    0.0002737699
    0.0000164000
   -0.0002469592
   -0.0004997158
   -0.0005127794
   -0.0003137763
   -0.0000864305
    0.0001483220
    0.0003743892
    0.0005794329
    0.0007540693
    0.0008913034
    0.0009861417
    0.0010353298
    0.0010371795
    0.0009914601
    0.0008993457
    0.0007634089
    0.0005876511
    0.0003775958
    0.0001404594
   -0.0001145502
   -0.0003756900
   -0.0006276977
   -0.0004818782
   -0.0002678393
   -0.0000406927
    0.0001820997
    0.0003874471
    0.0005655068
    0.0007089565
    0.0008125174
    0.0008726399
    0.0008873128
    0.0008559260
    0.0007792067
    0.0006591931
    0.0004992390
    0.0003040635
    0.0000798576
   -0.0001655305
   -0.0004222309
   -0.0006776836
   -0.0006517195
   -0.0004490787
   -0.0002299035
   -0.0000126913
    0.0001889658
    0.0003649743
    0.0005078709
    0.0006122767
    0.0006745602
    0.0006926232
    0.0006657602
    0.0005945874
    0.0004810008
    0.0003281681
    0.0001405476
   -0.0000760497
   -0.0003143483
   -0.0005653596
   -0.0006847891
   -0.0004752384
   -0.0002628707
   -0.0000625934
    0.0001146597
    0.0002608429
    0.0003701463
    0.0004386025
    0.0004638479
    0.0004449663
    0.0003824014
    0.0002779030
    0.0001344943
   -0.0000435415
   -0.0002506539
   -0.0004799995
   -0.0007233289
   -0.0006160786
   -0.0004125501
   -0.0002250304
   -0.0000634804
    0.0000648461
    0.0001548361
    0.0002031879
    0.0002082154
    0.0001697168
    0.0000888957
   -0.0000316971
   -0.0001882239
   -0.0003756190
   -0.0005876633
   -0.0007115989
   -0.0005224143
   -0.0003562541
   -0.0002213114
   -0.0001233883
   -0.0000662729
   -0.0000519637
   -0.0000808069
   -0.0001515935
   -0.0002616552
   -0.0004069681
   -0.0005822994
   -0.0006436422
   -0.0005018764
   -0.0003959146
   -0.0003300154
   -0.0003064064
   -0.0003254223
   -0.0003856186
   -0.0004839031
   -0.0006157245
   -0.0005860453
   -0.0005372914
   -0.0005302343
   -0.0006616528
   -0.0006937645
   -0.0007278363
   -0.0007612210
   -0.0005602151
   -0.0004913020
   -0.0004433303
   -0.0004143614
   -0.0004015198
   -0.0004016887
   -0.0004119924
   -0.0004299901
   -0.0004535991
   -0.0004808726
   -0.0005097488
   -0.0005379446
   -0.0005631147
   -0.0005833423
   -0.0005979524
   -0.0006815022
   -0.0005630080
   -0.0004538684
   -0.0003585806
   -0.0002797998
   -0.0002184871
   -0.0001742649
   -0.0001458897
   -0.0001317193
   -0.0001300538
   -0.0001392840
   -0.0001578738
   -0.0001842446
   -0.0002166553
   -0.0002532169
   -0.0002920950
   -0.0003319490
   -0.0003725260
   -0.0004152120
   -0.0004632611
   -0.0005213872
   -0.0007745045
   -0.0006760556
   -0.0005641438
   -0.0004464720
   -0.0003298453
   -0.0002199295
   -0.0001210881
   -0.0000363052
    0.0000327509
    0.0000855117
    0.0001221959
    0.0001434961
    0.0001503439
    0.0001437996
    0.0001250587
    0.0000955047
    0.0000567243
    0.0000104126
   -0.0000418890
   -0.0000991813
   -0.0001613992
   -0.0002296147
   -0.0003058115
   -0.0003921233
   -0.0004896350
   -0.0005971260
   -0.0006720313
   -0.0006261250
   -0.0005549276
   -0.0004626593
   -0.0003554188
   -0.0002398430
   -0.0001223158
   -0.0000085318
    0.0000967567
    0.0001898875
    0.0002683143
    0.0003305140
    0.0003757976
    0.0004040822
    0.0004157141
    0.0004113633
    0.0003920000
    0.0003589052
    0.0003136287
    0.0002578458
    0.0001931051
    0.0001205224
    0.0000405709
   -0.0000468531
   -0.0001419718
   -0.0002443272
   -0.0003519026
   -0.0004605691
   -0.0005641632
   -0.0006552301
   -0.0007262113
   -0.0007708059
   -0.0005434166
   -0.0005167146
   -0.0004892926
   -0.0004515173
   -0.0003964604
   -0.0003215195
   -0.0002281362
   -0.0001205205
   -0.0000042838
    0.0001145983
    0.0002304462
    0.0003382720
    0.0004340004
    0.0005145647
    0.0005778719
    0.0006226828
    0.0006484668
    0.0006552708
    0.0006436604
    0.0006146813
    0.0005698198
    0.0005108716
    0.0004397330
    0.0003581544
    0.0002675910
    0.0001693030
    0.0000647791
   -0.0000436375
   -0.0001522040
   -0.0002556421
   -0.0003475892
   -0.0004215477
   -0.0004721285
   -0.0004963608
   -0.0004948203
   -0.0004720469
   -0.0004355318
   -0.0003930861
   -0.0003495948
   -0.0003050582
   -0.0002552349
   -0.0001943566
   -0.0001181226
   -0.0000254105
    0.0000816290
    0.0001984774
    0.0003193958
    0.0004383704
    0.0005497623
    0.0006487019
    0.0007313058
    0.0007947351
    0.0008371567
    0.0008576525
    0.0008561415
    0.0008333264
    0.0007906286
    0.0007300651
    0.0006540456
    0.0005651463
    0.0004659923
    0.0003593883
    0.0002486964
    0.0001382749
    0.0000336534
   -0.0000588245
   -0.0001328954
   -0.0001836210
   -0.0002086467
   -0.0002090187
   -0.0001889041
   -0.0001538349
   -0.0001080696
   -0.0000526760
    0.0000142521
    0.0000954853
    0.0001922342
    0.0003028556
    0.0004229849
    0.0005464899
    0.0006665695
    0.0007766412
    0.0008709366
    0.0009448538
    0.0009951060
    0.0010197547
    0.0010181879
    0.0009910677
    0.0009402373
    0.0008685448
    0.0007795780
    0.0006774785
    0.0005669287
    0.0004533767
    0.0003432526
    0.0002438089
    0.0001623326
    0.0001048383
    0.0000746692
    0.0000717128
    0.0000929793
    0.0001346249
    0.0001941917
    0.0002712333
    0.0003658242
    0.0004763330
    0.0005982140
    0.0007243063
    0.0008460436
    0.0009547822
    0.0010428555
    0.0011042783
    0.0011351337
    0.0011337610
    0.0011007988
    0.0010390624
    0.0009532759
    0.0008497312
    0.0007360561
    0.0006211528
    0.0005149561
    0.0004275281
    0.0003673630
    0.0003395285
    0.0003448342
    0.0003809781
    0.0004448699
    0.0005337542
    0.0006438874
    0.0007684174
    0.0008968182
    0.0010162892
    0.0011140181
    0.0011792896
    0.0012050114
    0.0011886288
    0.0011324949
    0.0010436968
    0.0009334533
    0.0008163233
    0.0007090293
    0.0006281242
    0.0005864152
    0.0005899713
    0.0006381587
    0.0007257702
    0.0008431363
    0.0009740183
    0.0010958894
    0.0011845779
    0.0012208781
    0.0011963609
    0.0011169195
    0.0010033830
    0.0008887380
    0.0008105833
    0.0007981254
    0.0008601895
    0.0009799265
    0.0011109232
    0.0011851167
    0.0011514020
    0.0010333407
    0.0009613789
    0.0010706297
    0.0010740073
   -0.0005473997
   -0.0004345881
   -0.0005262069
   -0.0007768036
   -0.0005958123
   -0.0003643789
   -0.0001911021
   -0.0001354231
   -0.0002198086
   -0.0004261478
   -0.0007075602
   -0.0004077168
   -0.0001731198
    0.0000212343
    0.0001346365
    0.0001438605
    0.0000448360
   -0.0001489080
   -0.0004102100
   -0.0007048312
   -0.0003948202
   -0.0001523088
    0.0000814842
    0.0002705116
    0.0003886267
    0.0004205004
    0.0003614567
    0.0002168489
    0.0000010089
   -0.0002645001
   -0.0005538981
   -0.0004757462
   -0.0002456589
    0.0000069403
    0.0002471038
    0.0004473611
    0.0005877959
    0.0006556694
    0.0006449989
    0.0005562100
    0.0003958196
    0.0001760591
   -0.0000857465
   -0.0003684246
   -0.0006493566
   -0.0003485371
   -0.0000972772
    0.0001634822
    0.0004062553
    0.0006101459
    0.0007599645
    0.0008455977
    0.0008615788
    0.0008068264
    0.0006845110
    0.0005019904
    0.0002707614
    0.0000063241
   -0.0002722709
   -0.0005435682
   -0.0005660720
   -0.0003513276
   -0.0000935918
    0.0001752498
    0.0004309000
    0.0006548907
    0.0008334371
    0.0009567291
    0.0010184930
    0.0010157324
    0.0009486081
    0.0008204131
    0.0006376320
    0.0004100762
    0.0001510375
   -0.0001226161
   -0.0003905751
   -0.0005944869
   -0.0003666850
   -0.0001009814
    0.0001743689
    0.0004381104
    0.0006740332
    0.0008698298
    0.0010164144
    0.0011075239
    0.0011394885
    0.0011111047
    0.0010236118
    0.0008807523
    0.0006889022
    0.0004573131
    0.0001984155
   -0.0000717842
   -0.0003332967
   -0.0005618938
   -0.0004989344
   -0.0002343541
    0.0000457961
    0.0003209551
    0.0005753861
    0.0007969224
    0.0009762522
    0.0011065076
    0.0011830210
    0.0012031891
    0.0011664128
    0.0010741177
    0.0009298380
    0.0007393860
    0.0005111245
    0.0002563635
   -0.0000100851
   -0.0002691419
   -0.0004964742
   -0.0005891425
   -0.0003191629
   -0.0000352523
    0.0002441917
    0.0005049092
    0.0007356807
    0.0009277269
    0.0010743696
    0.0011708292
    0.0012141121
    0.0012029518
    0.0011378238
    0.0010209999
    0.0008566941
    0.0006512792
    0.0004136417
    0.0001556926
   -0.0001068610
   -0.0003533755
   -0.0005565710
   -0.0007170339
   -0.0004441286
   -0.0001582097
    0.0001240901
    0.0003896274
    0.0006278363
    0.0008302588
    0.0009902794
    0.0011029802
    0.0011650461
    0.0011747233
    0.0011318258
    0.0010377785
    0.0008957307
    0.0007107462
    0.0004900881
    0.0002436765
   -0.0000152325
   -0.0002689780
   -0.0004938118
   -0.0006904211
   -0.0004066257
   -0.0001210590
    0.0001532684
    0.0004056261
    0.0006271702
    0.0008107310
    0.0009507157
    0.0010430393
    0.0010850880
    0.0010757174
    0.0010152848
    0.0009057190
    0.0007506647
    0.0005556948
    0.0003286613
    0.0000802157
   -0.0001753537
   -0.0004187896
   -0.0005686006
   -0.0002852307
   -0.0000122095
    0.0002403255
    0.0004637460
    0.0006508779
    0.0007959931
    0.0008947980
    0.0009444300
    0.0009434740
    0.0008919966
    0.0007916184
    0.0006456441
    0.0004592697
    0.0002399018
   -0.0000023466
   -0.0002538626
   -0.0004962388
   -0.0007154040
   -0.0004379708
   -0.0001708305
    0.0000764478
    0.0002954117
    0.0004788613
    0.0006209497
    0.0007172463
    0.0007647719
    0.0007620342
    0.0007090852
    0.0006075971
    0.0004610001
    0.0002746939
    0.0000563728
   -0.0001834580
   -0.0004306612
   -0.0006660813
   -0.0006443512
   -0.0003848252
   -0.0001425192
    0.0000738559
    0.0002566250
    0.0003993970
    0.0004972230
    0.0005466901
    0.0005459850
    0.0004949619
    0.0003952356
    0.0002503124
    0.0000657987
   -0.0001502766
   -0.0003869665
   -0.0006295813
   -0.0007055800
   -0.0004669898
   -0.0002468854
   -0.0000542101
    0.0001031680
    0.0002188092
    0.0002879184
    0.0003074673
    0.0002762888
    0.0001951709
    0.0000669686
   -0.0001032256
   -0.0003078268
   -0.0005363714
   -0.0007748842
   -0.0005042670
   -0.0003189355
   -0.0001639443
   -0.0000474600
    0.0000242310
    0.0000469355
    0.0000186875
   -0.0000601533
   -0.0001867928
   -0.0003558594
   -0.0005592153
   -0.0007856605
   -0.0005674503
   -0.0004231361
   -0.0003105313
   -0.0002386678
   -0.0002138931
   -0.0002396956
   -0.0003166029
   -0.0004421081
   -0.0006106039
   -0.0004956745
   -0.0004561031
   -0.0004627065
   -0.0005195273
   -0.0006264882
   -0.0006913663
   -0.0007328019
   -0.0006844338
   -0.0005972685
   -0.0005912695
   -0.0006437146
   -0.0006950658
   -0.0007480983
   -0.0007862135
   -0.0007787325
   -0.0007166680
   -0.0006086444
   -0.0005268425
   -0.0005868561
   -0.0006194866
   -0.0006496845
   -0.0006998205
   -0.0007604718
   -0.0008046620
   -0.0008156466
   -0.0007923541
   -0.0007353979
   -0.0006401599
   -0.0004799435
   -0.0005310436
   -0.0005416674
   -0.0005392612
   -0.0005563576
   -0.0006075523
   -0.0006816808
   -0.0007529755
   -0.0007996293
   -0.0008148386
   -0.0008043830
   -0.0007754660
   -0.0007268308
   -0.0006482595
   -0.0004518536
   -0.0004767333
   -0.0005783927
   -0.0006717040
   -0.0007424149
   -0.0007793072
   -0.0007850270
   -0.0007710087
   -0.0007487676
   -0.0007219744
   -0.0006833742
   -0.0006181858
   -0.0004270856
   -0.0006046655
   -0.0006863555
   -0.0007286466
   -0.0007344778
   -0.0007162006
   -0.0006896257
   -0.0006671340
   -0.0006522024
   -0.0006375141
   -0.0006074343
   -0.0005437925
   -0.0003843779
   -0.0003839363
   -0.0005969975
   -0.0006578436
   -0.0006735272
   -0.0006535637
   -0.0006142641
   -0.0005737594
   -0.0005451728
   -0.0005529428
   -0.0005424714
   -0.0004944417
   -0.0003746200
   -0.0005758072
   -0.0006067289
   -0.0005903600
   -0.0004667168
   -0.0004785607
   -0.0004476816
   -0.0003604020
   -0.0003700644
   -0.0005089067
   -0.0005416443
   -0.0005194397
   -0.0004237038
   -0.0003901381
   -0.0003801428
   -0.0003860620
   -0.0004787956
   -0.0004708080
   -0.0003875421
   -0.0004127280
   -0.0004205852
   -0.0004224634
   -0.0004295133
   -0.0003720327
   -0.0004708439
   -0.0004548632
   -0.0003966867
   -0.0003850398
   -0.0003710576
   -0.0003656203
   -0.0004860772
   -0.0005302815
   -0.0005065620
   -0.0003825554
   -0.0003883336
   -0.0003961694
   -0.0005774106
   -0.0005924321
   -0.0005446463
   -0.0003756247
   -0.0003701361
   -0.0004413680
   -0.0005934135
   -0.0006509303
   -0.0006533476
   -0.0005989066
   -0.0003978843
   -0.0004851791
   -0.0004933932
   -0.0006196034
   -0.0006931732
   -0.0007197832
   -0.0006968593
   -0.0006231426
   -0.0004174027
   -0.0004284184
   -0.0005038528
   -0.0005576992
   -0.0005522101
   -0.0006216020
   -0.0007097320
   -0.0007598366
   -0.0007687387
   -0.0007342563
   -0.0006552773
   -0.0004715716
   -0.0004709895
   -0.0005256816
   -0.0006066831
   -0.0006314824
   -0.0006044629
   -0.0006526948
   -0.0007352365
   -0.0007871474
   -0.0008052596
   -0.0007871926
   -0.0007313484
   -0.0006371948
   -0.0005189869
   -0.0005357995
   -0.0004875533
   -0.0006239400
   -0.0006858802
   -0.0006977430
   -0.0006651095
   -0.0005955281
   -0.0005651655
   -0.0006604880
   -0.0007364555
   -0.0007890744
   -0.0008152157
   -0.0008123914
   -0.0007786831
   -0.0007129122
   -0.0006150605
   -0.0005773441
   -0.0006013903
   -0.0005664057
   -0.0006523102
   -0.0007285588
   -0.0007582932
   -0.0007464783
   -0.0006998796
   -0.0006266110
   -0.0005215506
   -0.0006057717
   -0.0006795215
   -0.0007385901
   -0.0007796182
   -0.0007998699
   -0.0007970503
   -0.0007692924
   -0.0007153511
   -0.0006350209
   -0.0005297066
   -0.0006171201
   -0.0006627345
   -0.0006576587
   -0.0005982710
   -0.0006562943
   -0.0007471831
   -0.0007947643
   -0.0008030306
   -0.0007777897
   -0.0007261158
   -0.0006559382
   -0.0005756721
   -0.0004132351
   -0.0004752312
   -0.0005395243
   -0.0006012452
   -0.0006562568
   -0.0007011544
   -0.0007331181
   -0.0007497246
   -0.0007488237
   -0.0007285728
   -0.0006876629
   -0.0006257457
   -0.0005439714
   -0.0006658722
   -0.0007174854
   -0.0007264461
   -0.0006880370
   -0.0006006656
   -0.0006936334
   -0.0007759725
   -0.0008193625
   -0.0008275712
   -0.0008060247
   -0.0007612310
   -0.0007003386
   -0.0006307540
   -0.0005597561
   -0.0004940480
   -0.0004392759
   -0.0003995701
   -0.0003772200
   -0.0003725669
   -0.0003841660
   -0.0004091806
   -0.0004439269
   -0.0004844263
   -0.0005268576
   -0.0005678192
   -0.0006043960
   -0.0006340735
   -0.0006545907
   -0.0006638170
   -0.0006597641
   -0.0006407661
   -0.0006058463
   -0.0005552104
   -0.0004907599
   -0.0006002791
   -0.0006870027
   -0.0007492952
   -0.0007787527
   -0.0007692231
   -0.0007172219
   -0.0006223947
   -0.0005998247
   -0.0007085897
   -0.0007813121
   -0.0008189130
   -0.0008246974
   -0.0008035727
   -0.0007614333
   -0.0007046871
   -0.0006398612
   -0.0005732375
   -0.0005104709
   -0.0004562045
   -0.0004137515
   -0.0003848971
   -0.0003699013
   -0.0005399061
   -0.0005286051
   -0.0005058827
   -0.0004726546
   -0.0004316471
   -0.0003874770
   -0.0005480702
   -0.0006338016
   -0.0007120008
   -0.0007732194
   -0.0008091504
   -0.0008132623
   -0.0007813178
   -0.0007118741
   -0.0006068036
   -0.0005495180
   -0.0006576452
   -0.0007347902
   -0.0007796362
   -0.0007937283
   -0.0007806421
   -0.0007452505
   -0.0006931348
   -0.0006301333
   -0.0005619688
   -0.0004939136
   -0.0003848154
   -0.0003741974
   -0.0003689324
   -0.0003742331
   -0.0003942824
   -0.0004312055
   -0.0004844053
   -0.0005504231
   -0.0006233436
   -0.0006955915
   -0.0007589017
   -0.0008052642
   -0.0008277307
   -0.0008210769
   -0.0007823895
   -0.0007116300
   -0.0006121446
   -0.0005917241
   -0.0006670247
   -0.0007140155
   -0.0007319315
   -0.0007226082
   -0.0006896802
   -0.0006378653
   -0.0005724044
   -0.0003785172
   -0.0004171727
   -0.0004665379
   -0.0005258285
   -0.0005918821
   -0.0006595034
   -0.0007221705
   -0.0007729138
   -0.0008051898
   -0.0008136651
   -0.0007949120
   -0.0007480456
   -0.0006752783
   -0.0005822876
   -0.0004770329
   -0.0005522443
   -0.0006084043
   -0.0006399506
   -0.0006447534
   -0.0006235469
   -0.0004812298
   -0.0005509004
   -0.0006189592
   -0.0006800733
   -0.0007284311
   -0.0007585968
   -0.0007663333
   -0.0007493664
   -0.0007080532
   -0.0006458858
   -0.0005696298
   -0.0004888586
   -0.0003903704
   -0.0004421772
   -0.0004913109
   -0.0005275710
   -0.0005435140
   -0.0005959902
   -0.0006456179
   -0.0006761650
   -0.0006846437
   -0.0006702292
   -0.0006349015
   -0.0005837348
   -0.0005245848
   -0.0004669729
   -0.0004201905
   -0.0003910492
   -0.0003819968
   -0.0003903342
   -0.0004088901
   -0.0004278898
   -0.0005665713
   -0.0005474194
   -0.0005129608
   -0.0004706164
   -0.0004287066
   -0.0003942829
   -0.0003709528
   -0.0005212977
   -0.0004592159
   -0.0004474813
   -0.0004832857
   -0.0004296530
   -0.0003313518
   -0.0002709003
   -0.0002553785
   -0.0002844848
   -0.0003503401
   -0.0004375962
   -0.0004042416
   -0.0002779538
   -0.0001723107
   -0.0000993212
   -0.0000662661
   -0.0000755247
   -0.0001245057
   -0.0002055658
   -0.0003058631
   -0.0004071842
   -0.0004024542
   -0.0002670312
   -0.0001357815
   -0.0000229320
    0.0000609251
    0.0001088228
    0.0001173338
    0.0000865083
    0.0000198909
   -0.0000753648
   -0.0001882502
   -0.0003035149
   -0.0003656726
   -0.0002297398
   -0.0000887983
    0.0000425001
    0.0001528211
    0.0002339011
    0.0002803163
    0.0002893121
    0.0002607010
    0.0001968525
    0.0001027707
   -0.0000137157
   -0.0001416224
   -0.0002663063
   -0.0003659955
   -0.0002375363
   -0.0000927754
    0.0000524446
    0.0001856746
    0.0002974016
    0.0003806767
    0.0004308405
    0.0004453347
    0.0004235885
    0.0003669876
    0.0002789073
    0.0001648366
    0.0000325981
   -0.0001072989
   -0.0002411153
   -0.0003510790
   -0.0003465276
   -0.0002215527
   -0.0000749503
    0.0000771819
    0.0002222437
    0.0003504948
    0.0004545879
    0.0005292293
    0.0005709474
    0.0005779402
    0.0005499879
    0.0004884310
    0.0003961995
    0.0002779107
    0.0001400431
   -0.0000087940
   -0.0001574391
   -0.0002915501
   -0.0003622745
   -0.0002475880
   -0.0001035115
    0.0000528683
    0.0002082380
    0.0003522404
    0.0004768995
    0.0005762167
    0.0006458879
    0.0006831135
    0.0006864772
    0.0006558725
    0.0005924871
    0.0004988203
    0.0003787603
    0.0002377072
    0.0000827754
   -0.0000769085
   -0.0002297526
   -0.0003610180
   -0.0003590482
   -0.0002396414
   -0.0000913020
    0.0000696053
    0.0002303555
    0.0003810234
    0.0005139013
    0.0006231050
    0.0007042933
    0.0007544804
    0.0007719115
    0.0007559812
    0.0007072021
    0.0006271971
    0.0005187398
    0.0003858230
    0.0002337748
    0.0000694353
   -0.0000985874
   -0.0002595388
   -0.0003999441
   -0.0003765598
   -0.0002518446
   -0.0000991176
    0.0000660492
    0.0002315100
    0.0003877351
    0.0005272630
    0.0006443211
    0.0007345695
    0.0007949149
    0.0008233925
    0.0008190854
    0.0007820777
    0.0007134457
    0.0006152661
    0.0004906610
    0.0003438638
    0.0001803289
    0.0000068779
   -0.0001680852
   -0.0003342597
   -0.0003375102
   -0.0001886002
   -0.0000225224
    0.0001480592
    0.0003131337
    0.0004647717
    0.0005967358
    0.0007042070
    0.0007835950
    0.0008324083
    0.0008491627
    0.0008333221
    0.0007852726
    0.0007063137
    0.0005986743
    0.0004655473
    0.0003111445
    0.0001407781
   -0.0000390375
   -0.0002204389
   -0.0003940188
   -0.0004078401
   -0.0002571433
   -0.0000885907
    0.0000855010
    0.0002552683
    0.0004127980
    0.0005517806
    0.0006672681
    0.0007554987
    0.0008137764
    0.0008403821
    0.0008345198
    0.0007962791
    0.0007266251
    0.0006274028
    0.0005013538
    0.0003521477
    0.0001844300
    0.0000038672
   -0.0001827877
   -0.0003676259
   -0.0003605033
   -0.0001910508
   -0.0000142410
    0.0001600438
    0.0003237386
    0.0004703055
    0.0005945287
    0.0006923625
    0.0007608227
    0.0007979006
    0.0008025170
    0.0007744750
    0.0007144543
    0.0006239963
    0.0005055213
    0.0003623375
    0.0001986615
    0.0000196343
   -0.0001686752
   -0.0003592849
   -0.0005443495
   -0.0003896440
   -0.0002136885
   -0.0000344325
    0.0001392284
    0.0002998949
    0.0004414996
    0.0005591803
    0.0006491820
    0.0007087762
    0.0007362100
    0.0007306609
    0.0006922115
    0.0006218410
    0.0005214189
    0.0003937078
    0.0002423675
    0.0000719472
   -0.0001121395
   -0.0003036764
   -0.0004957603
   -0.0003956356
   -0.0002149972
   -0.0000362936
    0.0001325472
    0.0002848301
    0.0004150399
    0.0005187911
    0.0005927737
    0.0006347103
    0.0006433259
    0.0006183176
    0.0005603461
    0.0004710227
    0.0003529085
    0.0002095040
    0.0000452256
   -0.0001346433
   -0.0003240549
   -0.0005163698
   -0.0004423730
   -0.0002608286
   -0.0000843411
    0.0000795881
    0.0002245298
    0.0003451737
    0.0004373373
    0.0004979540
    0.0005250617
    0.0005177841
    0.0004763193
    0.0004019339
    0.0002969498
    0.0001647348
    0.0000096658
   -0.0001629371
   -0.0003469299
   -0.0005355553
   -0.0004189692
   -0.0002414738
   -0.0000750601
    0.0000733248
    0.0001977985
    0.0002936469
    0.0003573740
    0.0003867254
    0.0003806921
    0.0003395130
    0.0002646729
    0.0001588892
    0.0000260913
   -0.0001286362
   -0.0002991527
   -0.0004784367
   -0.0005781710
   -0.0004020011
   -0.0002349831
   -0.0000847593
    0.0000420186
    0.0001399322
    0.0002049366
    0.0002344430
    0.0002273592
    0.0001841144
    0.0001066683
   -0.0000015002
   -0.0001354252
   -0.0002887295
   -0.0004537607
   -0.0004661293
   -0.0003084469
   -0.0001699824
   -0.0000578233
    0.0000224676
    0.0000670628
    0.0000740031
    0.0000432769
   -0.0000231381
   -0.0001212570
   -0.0002451054
   -0.0003867771
   -0.0005158292
   -0.0003720206
   -0.0002502382
   -0.0001582245
   -0.0001015582
   -0.0000833643
   -0.0001041220
   -0.0001615370
   -0.0002504673
   -0.0003628787
   -0.0003726964
   -0.0002883724
   -0.0002404689
   -0.0002321323
   -0.0002624432
   -0.0003261562
   -0.0003972030
   -0.0003566912
   -0.0003548675
   -0.0002933444
   -0.0003828615
   -0.0002470658
   -0.0001098175
   -0.0001307757
   -0.0002794391
   -0.0004501462
   -0.0004747285
   -0.0002992293
   -0.0001096049
    0.0000348934
    0.0000911587
    0.0000465000
   -0.0000792144
   -0.0002461033
   -0.0004154132
   -0.0005334660
   -0.0003542411
   -0.0001610776
    0.0000207051
    0.0001647811
    0.0002490537
    0.0002611946
    0.0002015455
    0.0000829042
   -0.0000725708
   -0.0002392752
   -0.0003964220
   -0.0003763060
   -0.0001881966
   -0.0000017498
    0.0001674112
    0.0003029306
    0.0003909895
    0.0004227688
    0.0003957697
    0.0003141869
    0.0001885138
    0.0000343949
   -0.0001295090
   -0.0002850540
   -0.0004994712
   -0.0003269231
   -0.0001458517
    0.0000357867
    0.0002066777
    0.0003544238
    0.0004677125
    0.0005378413
    0.0005596151
    0.0005317677
    0.0004570762
    0.0003422733
    0.0001977568
    0.0000370170
   -0.0001244399
   -0.0002710525
   -0.0003365153
   -0.0001671987
    0.0000083013
    0.0001810526
    0.0003407000
    0.0004771816
    0.0005818898
    0.0006483647
    0.0006726419
    0.0006534138
    0.0005920762
    0.0004927193
    0.0003620908
    0.0002095039
    0.0000466382
   -0.0001129045
   -0.0002545651
   -0.0003411854
   -0.0001866561
   -0.0000206273
    0.0001487717
    0.0003121183
    0.0004601339
    0.0005845892
    0.0006788123
    0.0007379360
    0.0007590056
    0.0007410102
    0.0006848834
    0.0005935116
    0.0004717412
    0.0003264115
    0.0001663845
    0.0000025468
   -0.0001523148
   -0.0002839535
   -0.0002900619
   -0.0001447341
    0.0000143884
    0.0001783637
    0.0003379263
    0.0004844521
    0.0006104825
    0.0007099739
    0.0007783933
    0.0008127354
    0.0008115072
    0.0007747099
    0.0007038322
    0.0006018582
    0.0004733103
    0.0003243211
    0.0001627426
   -0.0000017147
   -0.0001573418
   -0.0002903941
   -0.0002689800
   -0.0001331409
    0.0000190753
    0.0001779451
    0.0003341769
    0.0004794936
    0.0006068834
    0.0007106880
    0.0007865889
    0.0008315714
    0.0008438763
    0.0008229601
    0.0007694733
    0.0006852581
    0.0005733758
    0.0004381620
    0.0002853241
    0.0001220967
   -0.0000425446
   -0.0001975952
   -0.0003296995
   -0.0003277967
   -0.0002156833
   -0.0000788552
    0.0000718401
    0.0002263393
    0.0003758047
    0.0005127692
    0.0006311286
    0.0007260725
    0.0007940032
    0.0008324564
    0.0008400343
    0.0008163647
    0.0007620752
    0.0006787877
    0.0005691461
    0.0004368625
    0.0002868160
    0.0001251948
   -0.0000402760
   -0.0002000088
   -0.0003420937
   -0.0003029938
   -0.0001867277
   -0.0000485385
    0.0001001912
    0.0002496976
    0.0003918301
    0.0005199324
    0.0006286974
    0.0007140276
    0.0007729218
    0.0008033772
    0.0008043300
    0.0007756049
    0.0007178963
    0.0006327635
    0.0005226521
    0.0003909434
    0.0002420387
    0.0000814995
   -0.0000837358
   -0.0002450164
   -0.0003914784
   -0.0003432651
   -0.0002335859
   -0.0001005954
    0.0000436613
    0.0001892528
    0.0003281043
    0.0004537315
    0.0005610174
    0.0006460262
    0.0007058633
    0.0007385710
    0.0007430553
    0.0007190354
    0.0006670168
    0.0005882796
    0.0004848958
    0.0003597567
    0.0002166426
    0.0000603285
   -0.0001032365
   -0.0002666533
   -0.0004206310
   -0.0003867999
   -0.0002770296
   -0.0001455891
   -0.0000045488
    0.0001364436
    0.0002697121
    0.0003891914
    0.0004901539
    0.0005690028
    0.0006231288
    0.0006507991
    0.0006510889
    0.0006238304
    0.0005695888
    0.0004896481
    0.0003860227
    0.0002614826
    0.0001196113
   -0.0000351028
   -0.0001971054
   -0.0003595202
   -0.0005137250
   -0.0003607323
   -0.0002331834
   -0.0000960627
    0.0000409435
    0.0001702468
    0.0002859187
    0.0003833725
    0.0004591457
    0.0005107379
    0.0005365052
    0.0005355851
    0.0005078475
    0.0004538646
    0.0003748965
    0.0002728957
    0.0001505249
    0.0000111959
   -0.0001408507
   -0.0003004199
   -0.0004611335
   -0.0004039323
   -0.0002740606
   -0.0001397525
   -0.0000096034
    0.0001097278
    0.0002130992
    0.0002965997
    0.0003573556
    0.0003933911
    0.0004035420
    0.0003873918
    0.0003452318
    0.0002780359
    0.0001874521
    0.0000757999
   -0.0000539091
   -0.0001979362
   -0.0003517397
   -0.0005098302
   -0.0004438347
   -0.0003135669
   -0.0001846912
   -0.0000645115
    0.0000413590
    0.0001286523
    0.0001942112
    0.0002358344
    0.0002521729
    0.0002426543
    0.0002074405
    0.0001473898
    0.0000640365
   -0.0000404205
   -0.0001631276
   -0.0003005654
   -0.0004485181
   -0.0005216541
   -0.0003940959
   -0.0002714654
   -0.0001603006
   -0.0000655787
    0.0000089823
    0.0000607290
    0.0000879441
    0.0000897560
    0.0000660817
    0.0000175785
   -0.0000543901
   -0.0001477859
   -0.0002599287
   -0.0003875257
   -0.0005266966
   -0.0005514636
   -0.0004303080
   -0.0003200783
   -0.0002259420
   -0.0001517352
   -0.0001001630
   -0.0000729335
   -0.0000708432
   -0.0000938458
   -0.0001411019
   -0.0002110323
   -0.0003013742
   -0.0004092477
   -0.0004676044
   -0.0003741316
   -0.0003005936
   -0.0002496632
   -0.0002229320
   -0.0002209972
   -0.0002435302
   -0.0002893427
   -0.0003564661
   -0.0004521368
   -0.0003921751
   -0.0003557096
   -0.0003433668
   -0.0003547006
   -0.0004050566
   -0.0004271097
   -0.0004537148
   -0.0004821198
   -0.0005099680
   -0.0005352111
   -0.0005559871
   -0.0004172470
   -0.0003609282
   -0.0003190298
   -0.0002912673
   -0.0002763782
   -0.0002724772
   -0.0002773938
   -0.0002889358
   -0.0003050571
   -0.0003239143
   -0.0003438490
   -0.0003633330
   -0.0003809203
   -0.0003952694
   -0.0004052557
   -0.0004102055
   -0.0004102267
   -0.0005183678
   -0.0004366371
   -0.0003599832
   -0.0002917739
   -0.0002342403
   -0.0001885041
   -0.0001547081
   -0.0001322325
   -0.0001199433
   -0.0001164336
   -0.0001202137
   -0.0001298249
   -0.0001438886
   -0.0001611007
   -0.0001802173
   -0.0002000645
   -0.0002196035
   -0.0002380809
   -0.0002552432
   -0.0002715879
   -0.0002885700
   -0.0003086541
   -0.0003351164
   -0.0005755969
   -0.0005098810
   -0.0004350678
   -0.0003561674
   -0.0002776884
   -0.0002034356
   -0.0001363693
   -0.0000785458
   -0.0000311376
    0.0000054656
    0.0000314934
    0.0000476065
    0.0000547221
    0.0000538784
    0.0000461555
    0.0000326374
    0.0000143978
   -0.0000075142
   -0.0000321371
   -0.0000587000
   -0.0000867889
   -0.0001165224
   -0.0001486878
   -0.0001847542
   -0.0002266777
   -0.0002764728
   -0.0003355845
   -0.0004041961
   -0.0005046856
   -0.0004723688
   -0.0004231967
   -0.0003605888
   -0.0002887041
   -0.0002118767
   -0.0001342288
   -0.0000594037
    0.0000096023
    0.0000705362
    0.0001219053
    0.0001629155
    0.0001933583
    0.0002134654
    0.0002237706
    0.0002249961
    0.0002179800
    0.0002036328
    0.0001829034
    0.0001567339
    0.0001259762
    0.0000912722
    0.0000529162
    0.0000107494
   -0.0000358482
   -0.0000878098
   -0.0001460412
   -0.0002109345
   -0.0002818494
   -0.0003567328
   -0.0004320213
   -0.0005029067
   -0.0005639190
   -0.0003856691
   -0.0003835969
   -0.0003734738
   -0.0003507117
   -0.0003133676
   -0.0002619116
   -0.0001985951
   -0.0001267493
   -0.0000501741
    0.0000273169
    0.0001022177
    0.0001715458
    0.0002329612
    0.0002848070
    0.0003260749
    0.0003563123
    0.0003755107
    0.0003839913
    0.0003823124
    0.0003712072
    0.0003515298
    0.0003241999
    0.0002901172
    0.0002500606
    0.0002045720
    0.0001538920
    0.0000979903
    0.0000367518
   -0.0000296953
   -0.0001005616
   -0.0001740389
   -0.0002471397
   -0.0003158416
   -0.0003755484
   -0.0004217832
   -0.0004510041
   -0.0004614099
   -0.0004535863
   -0.0004307666
   -0.0003984225
   -0.0003630572
   -0.0003304007
   -0.0003036658
   -0.0002826426
   -0.0002640584
   -0.0002429910
   -0.0002146223
   -0.0001756061
   -0.0001246958
   -0.0000626748
    0.0000081229
    0.0000844213
    0.0001625581
    0.0002389205
    0.0003102539
    0.0003738604
    0.0004276904
    0.0004703545
    0.0005010644
    0.0005195421
    0.0005259220
    0.0005206673
    0.0005044920
    0.0004782950
    0.0004430706
    0.0003998085
    0.0003493943
    0.0002925575
    0.0002299277
    0.0001622270
    0.0000905820
    0.0000168532
   -0.0000561597
   -0.0001247759
   -0.0001848054
   -0.0002321933
   -0.0002638127
   -0.0002782283
   -0.0002762215
   -0.0002608158
   -0.0002365788
   -0.0002082613
   -0.0001792062
   -0.0001502648
   -0.0001197712
   -0.0000845502
   -0.0000414022
    0.0000116559
    0.0000747905
    0.0001464016
    0.0002235807
    0.0003026884
    0.0003799012
    0.0004516241
    0.0005147825
    0.0005669764
    0.0006065269
    0.0006324491
    0.0006443706
    0.0006424485
    0.0006272714
    0.0005997733
    0.0005611220
    0.0005126110
    0.0004555729
    0.0003913654
    0.0003214938
    0.0002478525
    0.0001729957
    0.0001002899
    0.0000337788
   -0.0000222894
   -0.0000642142
   -0.0000896726
   -0.0000983635
   -0.0000921357
   -0.0000743764
   -0.0000487201
   -0.0000176057
    0.0000185454
    0.0000610700
    0.0001119102
    0.0001722780
    0.0002417954
    0.0003183390
    0.0003984252
    0.0004778374
    0.0005522519
    0.0006177286
    0.0006710404
    0.0007098379
    0.0007326828
    0.0007390055
    0.0007290111
    0.0007035698
    0.0006640817
    0.0006123402
    0.0005504360
    0.0004807607
    0.0004061484
    0.0003300861
    0.0002568243
    0.0001911620
    0.0001378280
    0.0001005529
    0.0000811748
    0.0000792372
    0.0000924356
    0.0001178880
    0.0001535713
    0.0001989824
    0.0002545887
    0.0003205107
    0.0003953709
    0.0004759106
    0.0005573773
    0.0006343161
    0.0007014072
    0.0007541177
    0.0007891135
    0.0008044373
    0.0007995145
    0.0007750598
    0.0007329056
    0.0006758205
    0.0006073849
    0.0005319928
    0.0004549461
    0.0003823834
    0.0003207503
    0.0002757107
    0.0002508586
    0.0002469853
    0.0002625411
    0.0002951455
    0.0003429625
    0.0004047064
    0.0004783501
    0.0005598077
    0.0006427012
    0.0007192661
    0.0007817692
    0.0008238203
    0.0008412598
    0.0008325747
    0.0007989501
    0.0007440711
    0.0006738537
    0.0005962184
    0.0005207368
    0.0004576429
    0.0004158470
    0.0004006998
    0.0004131711
    0.0004511616
    0.0005111627
    0.0005878824
    0.0006725261
    0.0007525661
    0.0008141137
    0.0008455477
    0.0008406335
    0.0008002933
    0.0007330307
    0.0006542658
    0.0005841711
    0.0005426198
    0.0005421871
    0.0005843307
    0.0006595940
    0.0007461433
    0.0008107070
    0.0008217306
    0.0007709294
    0.0006904067
    0.0006486898
    0.0007003231
    0.0007794820
    0.0007398973
   -0.0004397495
   -0.0003790939
   -0.0004415628
   -0.0004537845
   -0.0003217679
   -0.0002225109
   -0.0001926775
   -0.0002477014
   -0.0003773167
   -0.0005526684
   -0.0003394923
   -0.0002051204
   -0.0000896497
   -0.0000195530
   -0.0000115124
   -0.0000699842
   -0.0001877593
   -0.0003486074
   -0.0005316446
   -0.0003358568
   -0.0002015937
   -0.0000627957
    0.0000571166
    0.0001392368
    0.0001711049
    0.0001472755
    0.0000691375
   -0.0000557824
   -0.0002150795
   -0.0003934700
   -0.0002811665
   -0.0001428767
    0.0000037461
    0.0001388512
    0.0002463749
    0.0003146732
    0.0003366500
    0.0003096638
    0.0002353331
    0.0001192246
   -0.0000296305
   -0.0001995335
   -0.0003774263
   -0.0002641786
   -0.0001239244
    0.0000292736
    0.0001776216
    0.0003066960
    0.0004054909
    0.0004663058
    0.0004845946
    0.0004588362
    0.0003904150
    0.0002834981
    0.0001448792
   -0.0000163026
   -0.0001890620
   -0.0003614675
   -0.0003539395
   -0.0002370619
   -0.0000894193
    0.0000701034
    0.0002259419
    0.0003656419
    0.0004795702
    0.0005606642
    0.0006042378
    0.0006078505
    0.0005712215
    0.0004961750
    0.0003866164
    0.0002484957
    0.0000897411
   -0.0000799204
   -0.0002493507
   -0.0004067869
   -0.0002755354
   -0.0001279800
    0.0000354519
    0.0001999837
    0.0003538109
    0.0004876385
    0.0005943455
    0.0006687575
    0.0007074885
    0.0007088520
    0.0006728098
    0.0006009550
    0.0004965339
    0.0003644776
    0.0002114416
    0.0000458295
   -0.0001222727
   -0.0002813236
   -0.0004189068
   -0.0003159686
   -0.0001655778
    0.0000016189
    0.0001718828
    0.0003342774
    0.0004801197
    0.0006026110
    0.0006965959
    0.0007584052
    0.0007857611
    0.0007777227
    0.0007346688
    0.0006583146
    0.0005517517
    0.0004195234
    0.0002677184
    0.0001040783
   -0.0000618976
   -0.0002189131
   -0.0003539915
   -0.0004214742
   -0.0002779310
   -0.0001120012
    0.0000624150
    0.0002343041
    0.0003948617
    0.0005370559
    0.0006553549
    0.0007455450
    0.0008046238
    0.0008307335
    0.0008231256
    0.0007821634
    0.0007093426
    0.0006073464
    0.0004801305
    0.0003330417
    0.0001729743
    0.0000085615
   -0.0001496055
   -0.0002887727
   -0.0003743738
   -0.0002082920
   -0.0000315900
    0.0001451526
    0.0003134292
    0.0004663603
    0.0005984169
    0.0007052497
    0.0007835807
    0.0008311391
    0.0008466256
    0.0008297021
    0.0007810073
    0.0007021927
    0.0005959924
    0.0004663215
    0.0003184182
    0.0001590378
   -0.0000032939
   -0.0001579499
   -0.0002918038
   -0.0003552332
   -0.0001791261
    0.0000009224
    0.0001763667
    0.0003402116
    0.0004867231
    0.0006112581
    0.0007101562
    0.0007806760
    0.0008209563
    0.0008300020
    0.0008076880
    0.0007547808
    0.0006729869
    0.0005650277
    0.0004347477
    0.0002872728
    0.0001292269
   -0.0000309678
   -0.0001826819
   -0.0003125282
   -0.0004439215
   -0.0002664438
   -0.0000853766
    0.0000914331
    0.0002574445
    0.0004072019
    0.0005362053
    0.0006408329
    0.0007183008
    0.0007666360
    0.0007846660
    0.0007720294
    0.0007291922
    0.0006574960
    0.0005592218
    0.0004376894
    0.0002974020
    0.0001442478
   -0.0000142130
   -0.0001683437
   -0.0003058576
   -0.0005334356
   -0.0003555717
   -0.0001749132
    0.0000014083
    0.0001673010
    0.0003175722
    0.0004478604
    0.0005545952
    0.0006349797
    0.0006869818
    0.0007093366
    0.0007015570
    0.0006639587
    0.0005977022
    0.0005048549
    0.0003884914
    0.0002528240
    0.0001034032
   -0.0000526059
   -0.0002060193
   -0.0003450465
   -0.0005058994
   -0.0003273538
   -0.0001512735
    0.0000163985
    0.0001704432
    0.0003063533
    0.0004203393
    0.0005093382
    0.0005710264
    0.0006038307
    0.0006069480
    0.0005803681
    0.0005249132
    0.0004422983
    0.0003352100
    0.0002074330
    0.0000640205
   -0.0000884542
   -0.0002415341
   -0.0003843432
   -0.0004212698
   -0.0002498943
   -0.0000867317
    0.0000631694
    0.0001953433
    0.0003059725
    0.0003919391
    0.0004508592
    0.0004811140
    0.0004818781
    0.0004531508
    0.0003958034
    0.0003116368
    0.0002034743
    0.0000752813
   -0.0000676508
   -0.0002184450
   -0.0003682574
   -0.0005057095
   -0.0005140375
   -0.0003503448
   -0.0001942596
   -0.0000508027
    0.0000754710
    0.0001806070
    0.0002613454
    0.0003151871
    0.0003404452
    0.0003362831
    0.0003027578
    0.0002408719
    0.0001526369
    0.0000411702
   -0.0000891758
   -0.0002326261
   -0.0003817065
   -0.0005268446
   -0.0004998733
   -0.0003515324
   -0.0002127875
   -0.0000886394
    0.0000164255
    0.0000986004
    0.0001548785
    0.0001831287
    0.0001821575
    0.0001517611
    0.0000927766
    0.0000071486
   -0.0001019828
   -0.0002301660
   -0.0003714668
   -0.0005182276
   -0.0004547684
   -0.0003293351
   -0.0002161247
   -0.0001202791
   -0.0000462005
    0.0000026145
    0.0000236885
    0.0000156415
   -0.0000217495
   -0.0000874891
   -0.0001793025
   -0.0002935538
   -0.0004251363
   -0.0005673337
   -0.0003406876
   -0.0002562015
   -0.0001908184
   -0.0001490115
   -0.0001340064
   -0.0001476792
   -0.0001904896
   -0.0002614225
   -0.0003579410
   -0.0004759316
   -0.0003400675
   -0.0002974686
   -0.0002774325
   -0.0002837042
   -0.0003182169
   -0.0003810421
   -0.0004703682
