[29] 18.74054382 16.71354306 17.62631380010862 2.4382808999999996 
[59] 8.77795062 6.685304650000001 9.301833553530741 0.820625559999999 
[89] 3.6313303999999977 4.4931374 5.723710822407156 5.090302449999999 
[119] 3.679201479999998 5.74343749 4.718835056526586 6.40404593 
[149] 3.1602127000000007 4.964803160000001 4.070104923914187 6.14392883 
[179] 2.3298006299999994 3.024823320000001 2.7191738402470946 5.10058451 
[209] 2.491800920000001 3.500984749999999 4.192068904987536 4.99308997 
[239] 1.6041565000000002 3.05849347 4.23117082536919 5.61445914 
[269] 0.0 1.34561551 1.1642715868074447 5.714071069999999 
[299] 1.08264666 0.0 0.0 2.50976184 
[329] 5.624304229999998 2.85945231 3.13308884302387 1.16052839 
[359] 12.769333309999999 8.36856017 7.163193940126803 0.0 
