[13] 7.178594820000001 4.3930498374999996 3.519576632825192 0.27048620999999784 
[43] 1.532384350000001 0.5318359374999999 0.0 2.1914535299999995 
[73] 0.010518030000000067 0.9166543174999986 1.4595305912662297 4.254291629999999 
[103] 0.2614157000000006 1.2333593475 1.992395167471841 4.28214313 
[133] 3.0695788099999994 2.2038763975000015 2.512490641558543 2.2664762200000004 
[163] 10.87504443 7.927237917499999 7.703960851591546 0.11123097999999843 
[193] 7.6190657 4.683470957500001 4.029132989118807 0.14437710999999975 
[223] 1.5218185800000015 0.5412068174999987 0.0063350312993861735 2.2038771299999995 
[253] 0.0 0.9414856274999983 1.4589357515214942 4.258909039999999 
[283] 0.2987278400000015 1.231483197499999 1.982239252072759 4.25336922 
[313] 2.9958770600000015 2.1825974375000015 2.3776539700338617 2.2618061099999993 
[343] 10.42808451 7.5822633275 7.325807372806594 0.0 
