           1           2   1.2830233916588201     
           2           3   1.0053003961227813     
           3           4   1.4013127427623475     
           2           5   1.4718509142435103     
           3           6   1.4039307401925152     
           1           7  0.89602325711350594     
           5           8   1.1533117974225586     
           5          10   1.0709037409737667     
           9          10   1.1772864963133640     
           8          11   1.7010093631713623     
           9          11   1.1248698540729940     
           4          12  0.11186247761204648     
           6          12   1.4439347434391183     
           4          13   1.4449063771707842     
           6          13  0.11161384047994721     
           3          14  0.11002520667701202     
          12          14   1.4391779824304720     
          13          14   1.4383176962193029     
           6          15  0.97038378383252710     
           4          16  0.97019368487142232     
           9          17  0.94291297628252990     
           9          18  0.14389458202712505     
          10          18   1.5728449818537269     
          12          19  0.97030706385526200     
          13          20  0.97012344468598688     
          14          21  0.97125636319310638     
           8          22  0.97232799039892737     
          11          23  0.97023544189290711     
           1          24  0.94861363821977907     
