[9] 4.6448888 6.378472672499999 6.674786866613431 3.13681463 
[39] 3.0276280200000016 2.8075481525000003 2.7436964289227035 1.18475621 
[69] 1.4974964300000018 0.8760242124999986 0.0 0.77463469 
[99] 0.19267901000000087 1.7277284024999982 2.5124489870795514 2.9270291999999998 
[129] 0.0 1.9202942324999976 2.7130929774139076 3.31275852 
[159] 1.162613750000002 1.0088170824999998 0.16726356869912706 1.25900095 
[189] 2.5686316500000004 1.8909201124999977 1.717786550812889 0.6829773499999999 
[219] 4.24645666 5.616022632499998 6.532733632833697 2.71347202 
[249] 4.336527669999999 5.755901962500001 4.969694815488765 2.80486012 
[279] 2.31293565 1.3042608424999993 0.5948043818934821 0.3478445499999999 
[309] 1.9929233500000016 0.5861328125000003 0.6591897334437817 0.0 
[339] 3.899859469999999 4.902285092500001 5.489280865032924 2.3783801999999996 
