           1           2   1.3911525269084093     
           2           3   1.0022942935209747     
           3           4   1.1194439115533603     
           2           5   1.3878779589200145     
           3           6   1.7422280311367053     
           4           6  0.17070058996665821     
           1           7   1.4508458222909582     
           5           7  0.10879438294194201     
           2           8  0.10419254273650903     
           7           8   1.4353405985852210     
           1           9  0.96773261096479524     
           1          10  0.10854232172814306     
           5          10   1.4534430976349006     
           8          10   1.4333673098572302     
           5          11  0.96716411648051104     
          10          12  0.96983733676858086     
           4          13  0.86806872894060183     
           7          14  0.97005664454844742     
           8          15  0.97080528065619609     
