   -0.0162790229
   -0.0180666478
   -0.0161543016
   -0.0131865516
   -0.0122189592
   -0.0135901883
   -0.0166449317
   -0.0197036942
   -0.0210419671
   -0.0199867900
   -0.0170126710
   -0.0133389229
   -0.0102758316
   -0.0084891831
   -0.0078879559
   -0.0083224575
   -0.0099715571
   -0.0128766520
   -0.0165014086
   -0.0199487919
   -0.0224017764
   -0.0233454462
   -0.0226001251
   -0.0202931974
   -0.0168222621
   -0.0128125351
   -0.0090222963
   -0.0061141444
   -0.0043475745
   -0.0034968681
   -0.0031752077
   -0.0032676266
   -0.0040504892
   -0.0059061465
   -0.0089176071
   -0.0127304292
   -0.0167442404
   -0.0203676365
   -0.0231463552
   -0.0247821246
   -0.0251169066
   -0.0241172855
   -0.0218642456
   -0.0185477940
   -0.0144709812
   -0.0100610878
   -0.0058583199
    0.0015409049
    0.0017578703
    0.0019861320
   -0.0062147238
   -0.0105453008
   -0.0149468548
   -0.0189835171
   -0.0223378996
   -0.0247938847
   -0.0262128973
   -0.0265199964
   -0.0256971780
   -0.0237798092
   -0.0208543693
   -0.0170604125
   -0.0126029044
   -0.0077772755
    0.0069265196
    0.0070678921
   -0.0080902985
   -0.0129077420
   -0.0173200784
   -0.0211006218
   -0.0240974619
   -0.0262075952
   -0.0273636916
   -0.0275292119
   -0.0266970883
   -0.0248882989
   -0.0221499985
   -0.0185549837
   -0.0142068232
   -0.0092565517
   -0.0084611082
   -0.0134660919
   -0.0178997700
   -0.0216386220
   -0.0246003007
   -0.0267262872
   -0.0279753753
   -0.0283226866
   -0.0277600749
   -0.0262960906
   -0.0239542777
   -0.0207710087
   -0.0167947873
   -0.0120911452
   -0.0067588066
   -0.0101908906
   -0.0151082864
   -0.0193450154
   -0.0228459504
   -0.0255714902
   -0.0274903503
   -0.0285788324
   -0.0288222439
   -0.0282163624
   -0.0267674850
   -0.0244908666
   -0.0214081384
   -0.0175448886
   -0.0129311604
   -0.0076095580
   -0.0062169339
   -0.0116709837
   -0.0164339629
   -0.0204729131
   -0.0237663144
   -0.0262952097
   -0.0280417465
   -0.0289911800
   -0.0291342899
   -0.0284689596
   -0.0270003457
   -0.0247392474
   -0.0216992727
   -0.0178936282
   -0.0133334983
   -0.0080313131
   -0.0061610665
   -0.0116726218
   -0.0164524281
   -0.0204938956
   -0.0237919909
   -0.0263382924
   -0.0281218086
   -0.0291318693
   -0.0293611589
   -0.0288075785
   -0.0274745451
   -0.0253698443
   -0.0225028221
   -0.0188809413
   -0.0145065728
   -0.0093768469
   -0.0091089253
   -0.0142591666
   -0.0186591823
   -0.0223152236
   -0.0252275343
   -0.0273904754
   -0.0287957195
   -0.0294357272
   -0.0293063364
   -0.0284082123
   -0.0267463925
   -0.0243284963
   -0.0211614525
   -0.0172478775
   -0.0125831241
   -0.0071562991
   -0.0083918034
   -0.0136508361
   -0.0181511135
   -0.0219031768
   -0.0249103545
   -0.0271691005
   -0.0286721470
   -0.0294123190
   -0.0293852881
   -0.0285913143
   -0.0270350949
   -0.0247241224
   -0.0216658181
   -0.0178637993
   -0.0133149175
   -0.0080095561
   -0.0087614493
   -0.0139772494
   -0.0184343631
   -0.0221396921
   -0.0250939277
   -0.0272916283
   -0.0287244844
   -0.0293849192
   -0.0292689491
   -0.0283776807
   -0.0267171204
   -0.0242964165
   -0.0211249846
   -0.0172090713
   -0.0125499144
   -0.0071462342
   -0.0092826971
   -0.0144286618
   -0.0188222069
   -0.0224592643
   -0.0253330563
   -0.0274331209
   -0.0287481292
   -0.0292693185
   -0.0289930783
   -0.0279222809
   -0.0260658805
   -0.0234368698
   -0.0200497215
   -0.0159178954
   -0.0110548041
   -0.0054819306
   -0.0089109514
   -0.0140944775
   -0.0185429726
   -0.0222314606
   -0.0251397744
   -0.0272487855
   -0.0285414395
   -0.0290059535
   -0.0286382615
   -0.0274433215
   -0.0254346848
   -0.0226326896
   -0.0190625436
   -0.0147542784
   -0.0097485791
   -0.0063670775
   -0.0118003735
   -0.0165721900
   -0.0206072449
   -0.0238559018
   -0.0262800964
   -0.0278497266
   -0.0285439140
   -0.0283535103
   -0.0272828735
   -0.0253499612
   -0.0225855626
   -0.0190325091
   -0.0147486392
   -0.0098179366
   -0.0057859984
   -0.0111337661
   -0.0159417603
   -0.0200556019
   -0.0233740865
   -0.0258256827
   -0.0273590678
   -0.0279418834
   -0.0275624970
   -0.0262318453
   -0.0239840134
   -0.0208767555
   -0.0169952149
   -0.0124635225
   -0.0074697014
    0.0092961259
   -0.0104077141
   -0.0151841439
   -0.0193613830
   -0.0227470131
   -0.0252088378
   -0.0266576941
   -0.0270425310
   -0.0263514144
   -0.0246137525
   -0.0219028974
   -0.0183418795
   -0.0141172794
   -0.0095048724
    0.0042492052
    0.0040380228
   -0.0077145320
   -0.0123610581
   -0.0167875632
   -0.0205911128
   -0.0234835702
   -0.0252705973
   -0.0258387186
   -0.0251536838
   -0.0232652075
   -0.0203146717
   -0.0165492520
   -0.0123430258
   -0.0082050898
   -0.0047145842
   -0.0011363657
   -0.0008239817
   -0.0009327961
   -0.0012420761
   -0.0019462022
   -0.0034959561
   -0.0062053403
   -0.0099461281
   -0.0141856724
   -0.0182506098
   -0.0215440027
   -0.0236285614
   -0.0242425597
   -0.0233097319
   -0.0209570237
   -0.0175370795
   -0.0136398600
   -0.0100308478
   -0.0074071293
   -0.0060355600
   -0.0056839422
   -0.0060712508
   -0.0073181324
   -0.0097640506
   -0.0133340673
   -0.0172760126
   -0.0205209065
   -0.0221541911
   -0.0216980026
   -0.0192783156
   -0.0157158442
   -0.0123617378
   -0.0103922939
   -0.0101426222
   -0.0116502901
   -0.0149115867
   -0.0185179748
   -0.0197806823
   -0.0173764993
   -0.0140718090
   -0.0151408022
   -0.0162790229
   -0.0008072759
   -0.0035144847
    0.0015032979
    0.0043067528
    0.0049462129
    0.0035965899
   -0.0015213516
    0.0033854839
    0.0068088612
    0.0088421250
    0.0096284623
    0.0093187898
    0.0080295705
   -0.0022271984
    0.0030281269
    0.0070979602
    0.0100722673
    0.0120575444
    0.0131660876
    0.0135156190
    0.0132305151
    0.0124365181
    0.0112336106
   -0.0029930066
    0.0024534430
    0.0068579362
    0.0103178616
    0.0129280383
    0.0147778714
    0.0159543766
    0.0165475670
    0.0166572832
    0.0164007651
    0.0159192727
    0.0153779087
   -0.0004503138
    0.0045550893
    0.0086575600
    0.0119545645
    0.0145308716
    0.0164615497
    0.0178165421
    0.0186658372
    0.0190853643
    0.0191645902
    0.0190162583
    0.0187895456
    0.0186865701
    0.0189793052
   -0.0021216384
    0.0031563634
    0.0075614691
    0.0111956517
    0.0141437555
    0.0164771234
    0.0182583301
    0.0195454917
    0.0203967695
    0.0208754604
    0.0210563881
    0.0210349191
    0.0209399336
    0.0209536815
    0.0213419874
   -0.0036118207
    0.0018745257
    0.0064994710
    0.0103695604
    0.0135713604
    0.0161758089
    0.0182428023
    0.0198255279
    0.0209742780
    0.0217403878
    0.0221807479
    0.0223637808
    0.0223778844
    0.0223443469
    0.0224376205
    0.0229186773
   -0.0000060521
    0.0049035058
    0.0090466637
    0.0125151998
    0.0153830256
    0.0177110523
    0.0195516188
    0.0209521307
    0.0219585629
    0.0226190444
    0.0229883296
    0.0231336505
    0.0231435720
    0.0231413449
    0.0233066753
    0.0239124014
   -0.0030952489
    0.0022708542
    0.0068203743
    0.0106562158
    0.0138605361
    0.0164997946
    0.0186294533
    0.0202979020
    0.0215499307
    0.0224300823
    0.0229863134
    0.0232745019
    0.0233650077
    0.0233520881
    0.0233690019
    0.0236123166
    0.0243837900
   -0.0019746306
    0.0032183000
    0.0076117647
    0.0113043054
    0.0143746367
    0.0168867759
    0.0188946056
    0.0204457603
    0.0215851870
    0.0223585368
    0.0228161067
    0.0230180548
    0.0230416032
    0.0229920771
    0.0230199894
    0.0233491750
    0.0243243273
   -0.0025279416
    0.0027552123
    0.0072077687
    0.0109312211
    0.0140070670
    0.0165016253
    0.0184709816
    0.0199650701
    0.0210315220
    0.0217194163
    0.0220839133
    0.0221921655
    0.0221316634
    0.0220228349
    0.0220381858
    0.0224324512
    0.0005208462
    0.0053194987
    0.0093096053
    0.0125823895
    0.0152122793
    0.0172619872
    0.0187871770
    0.0198408500
    0.0204778269
    0.0207600508
    0.0207632109
    0.0205860059
    0.0203629051
    0.0202814728
    0.0206043735
   -0.0045032964
    0.0011280575
    0.0057951877
    0.0096060944
    0.0126511841
    0.0150063908
    0.0167380506
    0.0179079704
    0.0185788210
    0.0188198021
    0.0187135918
    0.0183642874
    0.0179055867
    0.0175048055
   -0.0014191839
    0.0036624400
    0.0077460103
    0.0109281167
    0.0132938734
    0.0149199871
    0.0158799899
    0.0162500736
    0.0161147481
    0.0155706089
    0.0147229152
    0.0136614007
   -0.0031607805
    0.0022001900
    0.0063806323
    0.0094684891
    0.0115529810
    0.0127214150
    0.0130612683
    0.0126602848
    0.0115950607
    0.0098892977
   -0.0001644947
    0.0042653382
    0.0072422490
    0.0088402901
    0.0091449177
    0.0082239929
    0.0060643752
   -0.0006861839
    0.0031001878
    0.0045754419
    0.0036862315
   -0.0023629641
   -0.0008362491
   -0.0000976501
   -0.0000516941
   -0.0037816341
    0.0048113813
    0.0058494538
    0.0050424102
    0.0023714935
   -0.0021653679
    0.0077056326
    0.0095013882
    0.0103015378
    0.0100884018
    0.0087882684
    0.0063138929
    0.0025800718
   -0.0024832831
    0.0100383323
    0.0118292114
    0.0131007480
    0.0138644558
    0.0140535338
    0.0135820964
    0.0123647521
    0.0103192771
    0.0073634298
    0.0034110048
   -0.0016288232
    0.0147435931
    0.0155835648
    0.0163299662
    0.0168711657
    0.0170907072
    0.0168868656
    0.0161738329
    0.0148770887
    0.0129274565
    0.0102552864
    0.0067849181
    0.0024298330
   -0.0029099534
    0.0184444439
    0.0185475418
    0.0188801719
    0.0192374059
    0.0194589727
    0.0194234195
    0.0190377672
    0.0182278615
    0.0169305534
    0.0150874236
    0.0126394728
    0.0095222580
    0.0056610213
    0.0009658283
   -0.0046718697
    0.0211200335
    0.0208958060
    0.0209944182
    0.0211773104
    0.0212777246
    0.0211768042
    0.0207867634
    0.0200393194
    0.0188774582
    0.0172495618
    0.0151045732
    0.0123880090
    0.0090375932
    0.0049787895
    0.0001197391
    0.0232284553
    0.0225399796
    0.0223745838
    0.0224305534
    0.0225073734
    0.0224676477
    0.0222136053
    0.0216721451
    0.0207851468
    0.0195026816
    0.0177782083
    0.0155646352
    0.0128107042
    0.0094572049
    0.0054326819
    0.0006483922
    0.0243358763
    0.0234675721
    0.0231855822
    0.0231672574
    0.0232027897
    0.0231505058
    0.0229107696
    0.0224099544
    0.0215901505
    0.0204024110
    0.0188018095
    0.0167437280
    0.0141803819
    0.0110575044
    0.0073102991
    0.0028588968
   -0.0023967329
    0.0243674723
    0.0236053095
    0.0233648313
    0.0233462341
    0.0233541026
    0.0232559178
    0.0229578098
    0.0223895285
    0.0214951575
    0.0202266345
    0.0185391091
    0.0163873613
    0.0137224391
    0.0104881829
    0.0066171833
    0.0020259893
   -0.0033896506
    0.0247794443
    0.0235372256
    0.0230596523
    0.0229544766
    0.0229707051
    0.0229414360
    0.0227509570
    0.0223151406
    0.0215689976
    0.0204587036
    0.0189358539
    0.0169532818
    0.0144613821
    0.0114045124
    0.0077170762
    0.0033188212
   -0.0018899220
    0.0227663296
    0.0221322804
    0.0219807652
    0.0220150106
    0.0220375565
    0.0219121994
    0.0215407419
    0.0208482843
    0.0197735496
    0.0182622449
    0.0162619947
    0.0137181850
    0.0105699326
    0.0067458054
    0.0021590283
   -0.0032966143
    0.0210807466
    0.0204471803
    0.0203424033
    0.0204488247
    0.0205472251
    0.0204833090
    0.0201446355
    0.0194449531
    0.0183134224
    0.0166869406
    0.0145043093
    0.0117013610
    0.0082061937
    0.0039347097
   -0.0012132585
    0.0177884188
    0.0178866597
    0.0181709066
    0.0184207686
    0.0184675954
    0.0181826672
    0.0174643799
    0.0162278312
    0.0143963474
    0.0118948136
    0.0086441307
    0.0045565474
   -0.0004668857
    0.0140920032
    0.0148275977
    0.0154394648
    0.0157783139
    0.0157023323
    0.0150881566
    0.0138280269
    0.0118233759
    0.0089784538
    0.0051956736
    0.0003752688
   -0.0055738749
    0.0104490206
    0.0117037657
    0.0123849177
    0.0123867709
    0.0115768645
    0.0098217058
    0.0069932851
    0.0029735393
   -0.0023292262
    0.0069332311
    0.0082518437
    0.0083362198
    0.0070450729
    0.0042033104
   -0.0003227175
    0.0022540295
    0.0037108086
    0.0025139324
   -0.0015586378
   -0.0020431784
   -0.0113812540
   -0.0126789709
   -0.0113436957
   -0.0092189639
   -0.0085287841
   -0.0095729958
   -0.0117794945
   -0.0139468311
   -0.0149069074
   -0.0142027465
   -0.0121587941
   -0.0095952267
   -0.0073843953
   -0.0060216960
   -0.0055617124
   -0.0059503227
   -0.0072221053
   -0.0093096761
   -0.0118447331
   -0.0142548086
   -0.0159987251
   -0.0167182312
   -0.0162799612
   -0.0147648237
   -0.0124400342
   -0.0097172901
   -0.0070758449
   -0.0049297866
   -0.0034827633
   -0.0026925465
   -0.0024084702
   -0.0025656791
   -0.0032567215
   -0.0046250224
   -0.0066896462
   -0.0092611934
   -0.0120001676
   -0.0145358343
   -0.0165539733
   -0.0178316538
   -0.0182411093
   -0.0177437740
   -0.0163838696
   -0.0142836870
   -0.0116408714
   -0.0087238322
   -0.0058526192
   -0.0033471149
   -0.0001970073
    0.0004932890
    0.0008259118
    0.0009457317
    0.0008539073
   -0.0045736712
   -0.0073347505
   -0.0102702774
   -0.0131002961
   -0.0155873811
   -0.0175515428
   -0.0188679386
   -0.0194604099
   -0.0192962525
   -0.0183829154
   -0.0167663394
   -0.0145309793
   -0.0118025963
   -0.0087532934
   -0.0056042638
    0.0042985926
    0.0044168304
   -0.0074464072
   -0.0105678997
   -0.0134688644
   -0.0159920084
   -0.0180222605
   -0.0194788608
   -0.0203089206
   -0.0204836774
   -0.0199965575
   -0.0188620616
   -0.0171154107
   -0.0148132954
   -0.0120370052
   -0.0088985174
   -0.0055488912
    0.0077921424
   -0.0082449083
   -0.0114371228
   -0.0143100619
   -0.0167661042
   -0.0187352772
   -0.0201679595
   -0.0210305773
   -0.0213035446
   -0.0209803062
   -0.0200668102
   -0.0185811924
   -0.0165537201
   -0.0140278836
   -0.0110637033
   -0.0077441107
   -0.0080954741
   -0.0113774621
   -0.0143059225
   -0.0168148038
   -0.0188569172
   -0.0203980315
   -0.0214138086
   -0.0218884867
   -0.0218145243
   -0.0211923811
   -0.0200303127
   -0.0183439959
   -0.0161564594
   -0.0134989660
   -0.0104138418
   -0.0069602174
   -0.0053077180
   -0.0088932441
   -0.0121453001
   -0.0150056077
   -0.0174339365
   -0.0194012057
   -0.0208855970
   -0.0218710106
   -0.0223466718
   -0.0223071346
   -0.0217523755
   -0.0206876126
   -0.0191229327
   -0.0170729144
   -0.0145566795
   -0.0115991193
   -0.0082343148
   -0.0057402039
   -0.0093439377
   -0.0125747600
   -0.0153960481
   -0.0177826930
   -0.0197160475
   -0.0211814764
   -0.0221676833
   -0.0226667012
   -0.0226743056
   -0.0221901039
   -0.0212175415
   -0.0197634570
   -0.0178376201
   -0.0154523577
   -0.0126228002
   -0.0093687382
   -0.0057189137
   -0.0045151254
   -0.0082698326
   -0.0116415081
   -0.0146022966
   -0.0171340108
   -0.0192231790
   -0.0208587924
   -0.0220317364
   -0.0227349222
   -0.0229637871
   -0.0227166681
   -0.0219949209
   -0.0208026900
   -0.0191463590
   -0.0170340748
   -0.0144752190
   -0.0114808730
   -0.0080657628
   -0.0081046490
   -0.0115082190
   -0.0144945402
   -0.0170511793
   -0.0191687112
   -0.0208390047
   -0.0220547997
   -0.0228101891
   -0.0231011160
   -0.0229259177
   -0.0222854055
   -0.0211827936
   -0.0196232227
   -0.0176131040
   -0.0151595448
   -0.0122703584
   -0.0089551061
   -0.0052284343
   -0.0078836296
   -0.0113204311
   -0.0143363843
   -0.0169218106
   -0.0190692519
   -0.0207719519
   -0.0220236141
   -0.0228188799
   -0.0231539245
   -0.0230270522
   -0.0224388800
   -0.0213922418
   -0.0198917962
   -0.0179433479
   -0.0155533295
   -0.0127284957
   -0.0094767913
   -0.0058100691
   -0.0066177970
   -0.0101995175
   -0.0133627853
   -0.0160966873
   -0.0183934887
   -0.0202463850
   -0.0216489511
   -0.0225954716
   -0.0230816150
   -0.0231049838
   -0.0226655049
   -0.0217654712
   -0.0204092120
   -0.0186025586
   -0.0163522293
   -0.0136654760
   -0.0105506743
   -0.0070193916
   -0.0070577277
   -0.0105906062
   -0.0137046966
   -0.0163869765
   -0.0186279921
   -0.0204196267
   -0.0217545540
   -0.0226265716
   -0.0230312075
   -0.0229663446
   -0.0224325050
   -0.0214328021
   -0.0199727092
   -0.0180594180
   -0.0157014553
   -0.0129086544
   -0.0096933510
   -0.0060735233
   -0.0081672009
   -0.0115702707
   -0.0145529329
   -0.0170982000
   -0.0191933075
   -0.0208276547
   -0.0219923304
   -0.0226804605
   -0.0228877715
   -0.0226131073
   -0.0218585647
   -0.0206294474
   -0.0189338434
   -0.0167822592
   -0.0141876237
   -0.0111662227
   -0.0077406346
   -0.0051632213
   -0.0088594453
   -0.0121715708
   -0.0150637585
   -0.0175115294
   -0.0194965494
   -0.0210042811
   -0.0220233501
   -0.0225457589
   -0.0225674048
   -0.0220884446
   -0.0211134058
   -0.0196510831
   -0.0177142153
   -0.0153196722
   -0.0124893468
   -0.0092530207
   -0.0056540494
   -0.0080303401
   -0.0114112287
   -0.0143910381
   -0.0169287973
   -0.0189947754
   -0.0205664843
   -0.0216270852
   -0.0221650931
   -0.0221748101
   -0.0216565857
   -0.0206170365
   -0.0190690619
   -0.0170319624
   -0.0145321557
   -0.0116055000
   -0.0083020699
   -0.0079488798
   -0.0112969306
   -0.0142643624
   -0.0167881209
   -0.0188226691
   -0.0203345170
   -0.0212997767
   -0.0217034052
   -0.0215394160
   -0.0208111669
   -0.0195316507
   -0.0177239196
   -0.0154220967
   -0.0126739852
   -0.0095461955
   -0.0061326022
   -0.0071784219
   -0.0105251169
   -0.0135462275
   -0.0161393084
   -0.0182300886
   -0.0197649720
   -0.0207069464
   -0.0210339393
   -0.0207387957
   -0.0198295923
   -0.0183304423
   -0.0162828296
   -0.0137484697
   -0.0108147861
   -0.0076031939
    0.0065426980
   -0.0075606620
   -0.0107786250
   -0.0137071960
   -0.0161975767
   -0.0181403244
   -0.0194580957
   -0.0201012583
   -0.0200463440
   -0.0192963178
   -0.0178818656
   -0.0158638670
   -0.0133377727
   -0.0104404914
   -0.0073576583
    0.0031860253
    0.0030840410
    0.0029070014
   -0.0042631219
   -0.0072693213
   -0.0103578328
   -0.0132515765
   -0.0157194633
   -0.0175858611
   -0.0187285898
   -0.0190760129
   -0.0186067807
   -0.0173520422
   -0.0153996061
   -0.0128999573
   -0.0100720341
   -0.0071996499
   -0.0046001670
   -0.0025509237
   -0.0011935270
   -0.0004838577
   -0.0002483405
   -0.0003240686
   -0.0006847725
   -0.0014625105
   -0.0028448760
   -0.0049149466
   -0.0075508414
   -0.0104500407
   -0.0132342112
   -0.0155478596
   -0.0171121864
   -0.0177459397
   -0.0173751534
   -0.0160424473
   -0.0139169168
   -0.0112987412
   -0.0085988201
   -0.0062585288
   -0.0046017967
   -0.0037126660
   -0.0034849163
   -0.0038315193
   -0.0048269584
   -0.0065975927
   -0.0090631361
   -0.0118181496
   -0.0142626758
   -0.0158241979
   -0.0161233642
   -0.0150740521
   -0.0129441380
   -0.0103501502
   -0.0080848959
   -0.0067483974
   -0.0065322528
   -0.0074756222
   -0.0095703082
   -0.0122313616
   -0.0141251932
   -0.0139980583
   -0.0118531561
   -0.0095426021
   -0.0095029331
   -0.0121720599
   -0.0113812540
   -0.0003654158
    0.0017952916
    0.0024897369
    0.0017855179
   -0.0031516578
    0.0004340151
    0.0030971881
    0.0048288104
    0.0056867018
    0.0057498727
    0.0050794747
   -0.0009248952
    0.0023221367
    0.0048492805
    0.0066896211
    0.0078973222
    0.0085376728
    0.0086808017
    0.0083930443
    0.0077191844
   -0.0035332122
    0.0002175128
    0.0033469657
    0.0058789396
    0.0078518660
    0.0093114206
    0.0103079770
    0.0108964562
    0.0111369324
    0.0110944373
    0.0108358086
    0.0104191916
   -0.0015899671
    0.0018737654
    0.0047904385
    0.0071962686
    0.0091303823
    0.0106328754
    0.0117448746
    0.0125098116
    0.0129751104
    0.0131944330
    0.0132299280
    0.0131537094
    0.0130469004
    0.0129920455
   -0.0047495750
   -0.0008507966
    0.0025135211
    0.0053805621
    0.0077887472
    0.0097752750
    0.0113757839
    0.0126250941
    0.0135584466
    0.0142132532
    0.0146310876
    0.0148602802
    0.0149590365
    0.0149990708
    0.0150693515
    0.0152787822
   -0.0026802591
    0.0009290365
    0.0040502173
    0.0067236377
    0.0089867510
    0.0108739067
    0.0124169765
    0.0136464082
    0.0145925766
    0.0152872750
    0.0157655368
    0.0160679195
    0.0162434871
    0.0163535912
    0.0164769311
    0.0167160144
    0.0172046728
   -0.0008237282
    0.0025333404
    0.0054426236
    0.0079433209
    0.0100704005
    0.0118552351
    0.0133265936
    0.0145117850
    0.0154378842
    0.0161331491
    0.0166285787
    0.0169599998
    0.0171707657
    0.0173152673
    0.0174639171
    0.0177100548
    0.0181793931
   -0.0037872825
   -0.0000649271
    0.0031885800
    0.0060161563
    0.0084558251
    0.0105409814
    0.0123012702
    0.0137636137
    0.0149533764
    0.0158955259
    0.0166157857
    0.0171422242
    0.0175069266
    0.0177484374
    0.0179148809
    0.0180684334
    0.0182915733
    0.0186962144
    0.0194368233
   -0.0010974258
    0.0022813011
    0.0052291142
    0.0077853436
    0.0099842896
    0.0118559887
    0.0134273556
    0.0147232149
    0.0157674421
    0.0165840676
    0.0171985626
    0.0176394055
    0.0179399441
    0.0181410407
    0.0182946785
    0.0184689510
    0.0187554143
    0.0192797725
    0.0202176870
   -0.0010648371
    0.0023054673
    0.0052466018
    0.0077977980
    0.0099931592
    0.0118624941
    0.0134324714
    0.0147276447
    0.0157716226
    0.0165881276
    0.0172022827
    0.0176421431
    0.0179405817
    0.0181378292
    0.0182849982
    0.0184489903
    0.0187196076
    0.0192198574
    0.0201210982
   -0.0005973722
    0.0027117511
    0.0055928751
    0.0080845541
    0.0102203650
    0.0120298485
    0.0135395600
    0.0147742326
    0.0157579171
    0.0165151217
    0.0170722208
    0.0174591328
    0.0177113548
    0.0178728910
    0.0180000753
    0.0181670274
    0.0184733533
    0.0190550529
   -0.0040799625
   -0.0003290869
    0.0029433745
    0.0057806336
    0.0082209668
    0.0102979786
    0.0120415213
    0.0134787741
    0.0146354321
    0.0155369489
    0.0162098790
    0.0166834205
    0.0169913472
    0.0171745659
    0.0172843443
    0.0173868727
    0.0175691947
    0.0179471856
   -0.0009320466
    0.0024167874
    0.0053061830
    0.0077752293
    0.0098588228
    0.0115883470
    0.0129927445
    0.0140998256
    0.0149375630
    0.0155357035
    0.0159275482
    0.0161522427
    0.0162575596
    0.0163035351
    0.0163668376
    0.0165456388
    0.0169639726
   -0.0033332275
    0.0003397266
    0.0035013255
    0.0061918754
    0.0084489854
    0.0103071829
    0.0117987091
    0.0129546784
    0.0138065099
    0.0143876723
    0.0147356873
    0.0148943635
    0.0149165181
    0.0148666030
    0.0148226187
    0.0148751209
   -0.0048451206
   -0.0009553049
    0.0023738697
    0.0051787075
    0.0074967903
    0.0093647267
    0.0108180613
    0.0118921955
    0.0126239732
    0.0130534530
    0.0132257974
    0.0131929648
    0.0130140797
    0.0127524141
    0.0124645396
   -0.0025413241
    0.0010085702
    0.0039613665
    0.0063498713
    0.0082112080
    0.0095845261
    0.0105109228
    0.0110344386
    0.0112028622
    0.0110670638
    0.0106764666
    0.0100656753
   -0.0020681920
    0.0013560278
    0.0040904036
    0.0061605734
    0.0076043720
    0.0084666191
    0.0087960804
    0.0086406287
    0.0080351874
    0.0069744863
   -0.0013543825
    0.0017797752
    0.0040366594
    0.0054305391
    0.0059977229
    0.0057749451
    0.0047666769
   -0.0024694267
    0.0006364687
    0.0024148125
    0.0027941320
    0.0017255600
   -0.0011928579
   -0.0011880674
    0.0024491277
    0.0030111806
    0.0022811075
    0.0002839396
   -0.0029163641
    0.0044614511
    0.0057159511
    0.0062268821
    0.0060104765
    0.0050367106
    0.0032650826
    0.0006651588
   -0.0027656348
    0.0071942711
    0.0082286367
    0.0088381637
    0.0090278326
    0.0087637418
    0.0079991536
    0.0066861022
    0.0047798199
    0.0022410503
   -0.0009604394
   -0.0048370097
    0.0098150891
    0.0105253894
    0.0110394464
    0.0113443776
    0.0113973223
    0.0111475129
    0.0105453605
    0.0095450135
    0.0081042329
    0.0061833354
    0.0037441891
    0.0007502938
   -0.0028308800
    0.0126656027
    0.0129082325
    0.0131527567
    0.0133438766
    0.0134169795
    0.0133109460
    0.0129720204
    0.0123537625
    0.0114154374
    0.0101201597
    0.0084330132
    0.0063193925
    0.0037437644
    0.0006692059
   -0.0029417621
    0.0150538834
    0.0150072110
    0.0150439000
    0.0150744417
    0.0150235817
    0.0148298004
    0.0144428571
    0.0138209262
    0.0129280007
    0.0117317190
    0.0102013894
    0.0083063963
    0.0060148091
    0.0032921877
    0.0001009066
   -0.0035994442
    0.0172496323
    0.0167517607
    0.0165248220
    0.0164381836
    0.0163886933
    0.0162961286
    0.0160979961
    0.0157448056
    0.0151963369
    0.0144187196
    0.0133820015
    0.0120583572
    0.0104204875
    0.0084402310
    0.0060873020
    0.0033281829
    0.0001252191
   -0.0035634926
    0.0183608901
    0.0178232247
    0.0175539011
    0.0174189873
    0.0173184284
    0.0171768405
    0.0169364701
    0.0165519763
    0.0159866541
    0.0152095039
    0.0141930869
    0.0129118314
    0.0113405802
    0.0094533187
    0.0072220444
    0.0046155635
    0.0015984700
   -0.0018695857
    0.0189016117
    0.0184160936
    0.0181608169
    0.0180122362
    0.0178795885
    0.0176949478
    0.0174063663
    0.0169728961
    0.0163610671
    0.0155423690
    0.0144912381
    0.0131835488
    0.0115952913
    0.0097014920
    0.0074749669
    0.0048853081
    0.0018977862
   -0.0015275048
    0.0199163904
    0.0191118913
    0.0186688527
    0.0184272232
    0.0182717955
    0.0181182259
    0.0179033062
    0.0175785534
    0.0171054781
    0.0164524016
    0.0155920011
    0.0144995746
    0.0131515042
    0.0115240981
    0.0095924723
    0.0073294414
    0.0047044084
    0.0016823305
   -0.0017770880
    0.0199544961
    0.0191220533
    0.0186609206
    0.0184074675
    0.0182441928
    0.0180851355
    0.0178660166
    0.0175375160
    0.0170605026
    0.0164027641
    0.0155365388
    0.0144366722
    0.0130791711
    0.0114399149
    0.0094936108
    0.0072126132
    0.0045658726
    0.0015179012
   -0.0019719740
    0.0190874753
    0.0184787576
    0.0181497916
    0.0179614608
    0.0178123490
    0.0176271503
    0.0173486220
    0.0169319608
    0.0163408232
    0.0155444706
    0.0145155734
    0.0132285799
    0.0116582809
    0.0097786605
    0.0075616784
    0.0049762276
    0.0019870634
   -0.0014458733
    0.0184091406
    0.0177898198
    0.0174644059
    0.0172881273
    0.0171538283
    0.0169812194
    0.0167088839
    0.0162885914
    0.0156811354
    0.0148532329
    0.0137752845
    0.0124194847
    0.0107583753
    0.0087635492
    0.0064044312
    0.0036472019
    0.0004540726
   -0.0032168524
    0.0171490091
    0.0166244470
    0.0163683919
    0.0162423762
    0.0161397249
    0.0159783252
    0.0156941496
    0.0152361566
    0.0145622809
    0.0136363316
    0.0124256478
    0.0108991996
    0.0090259785
    0.0067737109
    0.0041077226
    0.0009903083
   -0.0026189533
    0.0150080750
    0.0148656400
    0.0148257989
    0.0147855669
    0.0146605948
    0.0143824917
    0.0138953117
    0.0131520632
    0.0121117087
    0.0107368204
    0.0089915693
    0.0068401413
    0.0042456714
    0.0011698923
   -0.0024257414
    0.0127868057
    0.0129158853
    0.0130244716
    0.0130311449
    0.0128610558
    0.0124488344
    0.0117378859
    0.0106783160
    0.0092247169
    0.0073343796
    0.0049659916
    0.0020794823
   -0.0013620009
    0.0097363363
    0.0103001789
    0.0107056784
    0.0109192946
    0.0108792702
    0.0105177965
    0.0097696743
    0.0085746856
    0.0068776928
    0.0046284336
    0.0017828823
   -0.0016915590
    0.0073849351
    0.0081237519
    0.0084470782
    0.0083126959
    0.0076524576
    0.0063929902
    0.0044660434
    0.0018165138
   -0.0015847036
    0.0043788063
    0.0053639850
    0.0055644125
    0.0049332975
    0.0033867136
    0.0008533274
   -0.0026732756
    0.0020403498
    0.0022001624
    0.0007574682
   -0.0023277272
   -0.0082142314
   -0.0091810523
   -0.0082135376
   -0.0066453950
   -0.0061373980
   -0.0069401117
   -0.0085798932
   -0.0101676496
   -0.0108764872
   -0.0103838642
   -0.0089200360
   -0.0070609056
   -0.0054188331
   -0.0043713930
   -0.0040158571
   -0.0043386866
   -0.0053246708
   -0.0068762121
   -0.0087219751
   -0.0104708722
   -0.0117485054
   -0.0122991424
   -0.0120232533
   -0.0109749859
   -0.0093410124
   -0.0074049832
   -0.0054898720
   -0.0038757653
   -0.0027217150
   -0.0020476579
   -0.0017998079
   -0.0019458125
   -0.0025157667
   -0.0035585697
   -0.0050599657
   -0.0068959734
   -0.0088531738
   -0.0106879388
   -0.0121809752
   -0.0131676038
   -0.0135476965
   -0.0132855662
   -0.0124065694
   -0.0109930793
   -0.0091798677
   -0.0071463331
   -0.0050999175
   -0.0032447898
   -0.0017379416
   -0.0006505638
    0.0000388633
    0.0004079041
    0.0005286885
    0.0004178930
    0.0000264328
   -0.0007272645
   -0.0019007857
   -0.0034811024
   -0.0053726901
   -0.0074206238
   -0.0094485049
   -0.0112906740
   -0.0128101913
   -0.0139049540
   -0.0145075259
   -0.0145831071
   -0.0141274671
   -0.0131655130
   -0.0117505999
   -0.0099645983
   -0.0079180589
   -0.0057483774
   -0.0036120986
    0.0027876324
    0.0029126367
    0.0029221129
   -0.0048309284
   -0.0070051087
   -0.0091286466
   -0.0110775065
   -0.0127510805
   -0.0140726715
   -0.0149875031
   -0.0154603429
   -0.0154738002
   -0.0150271104
   -0.0141355982
   -0.0128306015
   -0.0111601702
   -0.0091904944
   -0.0070078885
   -0.0047197667
    0.0053046541
    0.0053698324
   -0.0040341119
   -0.0063329618
   -0.0085621220
   -0.0106232451
   -0.0124379973
   -0.0139463283
   -0.0151037570
   -0.0158789649
   -0.0162521478
   -0.0162139740
   -0.0157650422
   -0.0149156047
   -0.0136856255
   -0.0121053054
   -0.0102163123
   -0.0080738461
   -0.0057493228
   -0.0063731907
   -0.0086598404
   -0.0107545554
   -0.0125999968
   -0.0141526463
   -0.0153800078
   -0.0162585243
   -0.0167722214
   -0.0169120338
   -0.0166753220
   -0.0160657477
   -0.0150931310
   -0.0137736474
   -0.0121302588
   -0.0101939015
   -0.0080053564
   -0.0056180714
   -0.0059120096
   -0.0082784822
   -0.0104454268
   -0.0123679234
   -0.0140121132
   -0.0153525534
   -0.0163702501
   -0.0170515922
   -0.0173877250
   -0.0173742718
   -0.0170111593
   -0.0163025568
   -0.0152568294
   -0.0138866065
   -0.0122092185
   -0.0102475646
   -0.0080317878
   -0.0056018002
   -0.0061936074
   -0.0085755782
   -0.0107383681
   -0.0126493545
   -0.0142841467
   -0.0156242586
   -0.0166557233
   -0.0173682422
   -0.0177548322
   -0.0178117030
   -0.0175381416
   -0.0169364824
   -0.0160120371
   -0.0147730945
   -0.0132310216
   -0.0114007247
   -0.0093016200
   -0.0069593725
   -0.0044085784
   -0.0061336370
   -0.0085468554
   -0.0107314468
   -0.0126624449
   -0.0143212681
   -0.0156937391
   -0.0167689582
   -0.0175386654
   -0.0179969997
   -0.0181404377
   -0.0179677992
   -0.0174802024
   -0.0166810210
   -0.0155758147
   -0.0141722968
   -0.0124805211
   -0.0105133703
   -0.0082875987
   -0.0058257310
   -0.0046387799
   -0.0071948107
   -0.0095292129
   -0.0116185563
   -0.0134458090
   -0.0149981581
   -0.0162656256
   -0.0172403949
   -0.0179165242
   -0.0182898401
   -0.0183579704
   -0.0181204294
   -0.0175785303
   -0.0167353745
   -0.0155957340
   -0.0141660465
   -0.0124544426
   -0.0104712066
   -0.0082296655
   -0.0057478412
   -0.0059175796
   -0.0083816743
   -0.0106061816
   -0.0125749473
   -0.0142760645
   -0.0157003488
   -0.0168404938
   -0.0176906934
   -0.0182465492
   -0.0185051363
   -0.0184650331
   -0.0181263751
   -0.0174908656
   -0.0165616593
   -0.0153432480
   -0.0138414509
   -0.0120634874
   -0.0100183999
   -0.0077179528
   -0.0051783391
   -0.0064133571
   -0.0088401750
   -0.0110208144
   -0.0129422345
   -0.0145947328
   -0.0159706973
   -0.0170639816
   -0.0178696408
   -0.0183839533
   -0.0186044591
   -0.0185300696
   -0.0181611239
   -0.0174993143
   -0.0165476837
   -0.0153104434
   -0.0137929690
   -0.0120018157
   -0.0099451893
   -0.0076337535
   -0.0050823042
   -0.0052355280
   -0.0077732384
   -0.0100701790
   -0.0121121011
   -0.0138887126
   -0.0153920657
   -0.0166157904
   -0.0175546682
   -0.0182046112
   -0.0185626777
   -0.0186272203
   -0.0183979275
   -0.0178758829
   -0.0170634628
   -0.0159642795
   -0.0145830734
   -0.0129257030
   -0.0109993858
   -0.0088132742
   -0.0063797068
   -0.0066774228
   -0.0090836882
   -0.0112401588
   -0.0131346428
   -0.0147580022
   -0.0161030257
   -0.0171638179
   -0.0179356735
   -0.0184150663
   -0.0185997454
   -0.0184888553
   -0.0180829559
   -0.0173840580
   -0.0163954712
   -0.0151217697
   -0.0135687702
   -0.0117436333
   -0.0096554008
   -0.0073159880
   -0.0047419905
   -0.0046448956
   -0.0072294610
   -0.0095792373
   -0.0116763776
   -0.0135080081
   -0.0150643343
   -0.0163376224
   -0.0173216264
   -0.0180114632
   -0.0184036531
   -0.0184961994
   -0.0182886548
   -0.0177822125
   -0.0169796257
   -0.0158851693
   -0.0145045875
   -0.0128451836
   -0.0109161252
   -0.0087292591
   -0.0063005491
   -0.0060466941
   -0.0085015176
   -0.0107139738
   -0.0126659637
   -0.0143440341
   -0.0157377628
   -0.0168389128
   -0.0176410381
   -0.0181394233
   -0.0183311145
   -0.0182150223
   -0.0177919855
   -0.0170647422
   -0.0160379288
   -0.0147180747
   -0.0131137066
   -0.0112357240
   -0.0090982606
   -0.0067202271
   -0.0046670925
   -0.0072227273
   -0.0095560755
   -0.0116399412
   -0.0134543402
   -0.0149841021
   -0.0162174668
   -0.0171453321
   -0.0177609300
   -0.0180598055
   -0.0180398299
   -0.0177013000
   -0.0170469510
   -0.0160819873
   -0.0148141439
   -0.0132538399
   -0.0114146723
   -0.0093144385
   -0.0069768651
   -0.0044342153
   -0.0047182252
   -0.0072441783
   -0.0095588391
   -0.0116270005
   -0.0134224668
   -0.0149253579
   -0.0161204470
   -0.0169962041
   -0.0175443696
   -0.0177598550
   -0.0176407534
   -0.0171884260
   -0.0164075112
   -0.0153060752
   -0.0138958084
   -0.0121924918
   -0.0102170436
   -0.0079971480
   -0.0055698906
   -0.0050719965
   -0.0075373859
   -0.0098007371
   -0.0118172155
   -0.0135529678
   -0.0149822954
   -0.0160857562
   -0.0168490850
   -0.0172626963
   -0.0173215216
   -0.0170250193
   -0.0163772969
   -0.0153872467
   -0.0140688612
   -0.0124418681
   -0.0105328731
   -0.0083772895
   -0.0060220978
   -0.0045475109
   -0.0069946208
   -0.0092747020
   -0.0113242486
   -0.0130944915
   -0.0145483496
   -0.0156580092
   -0.0164034569
   -0.0167716991
   -0.0167564981
   -0.0163583983
   -0.0155848708
   -0.0144507306
   -0.0129787939
   -0.0112011249
   -0.0091609818
   -0.0069156083
   -0.0045392484
   -0.0044104081
   -0.0067912511
   -0.0090435269
   -0.0110805624
   -0.0128341822
   -0.0142521514
   -0.0152957682
   -0.0159380963
   -0.0161630939
   -0.0159653431
   -0.0153501895
   -0.0143342510
   -0.0129462950
   -0.0112287773
   -0.0092400908
   -0.0070572764
   -0.0047780601
    0.0049470257
    0.0048811960
   -0.0056372730
   -0.0078939028
   -0.0100034028
   -0.0118596841
   -0.0133788825
   -0.0144981014
   -0.0151736309
   -0.0153799299
   -0.0151093363
   -0.0143725118
   -0.0131994535
   -0.0116411447
   -0.0097718578
   -0.0076913327
   -0.0055248674
   -0.0034175399
    0.0025115453
    0.0025037055
    0.0023616871
    0.0020489130
   -0.0045161198
   -0.0066780033
   -0.0088154371
   -0.0107670186
   -0.0123955989
   -0.0135946193
   -0.0142895930
   -0.0144383102
   -0.0140314922
   -0.0130942638
   -0.0116882908
   -0.0099140753
   -0.0079115101
   -0.0058542666
   -0.0039315095
   -0.0023134119
   -0.0011087391
   -0.0003379819
    0.0000543832
    0.0001479809
   -0.0000151137
   -0.0004626208
   -0.0012725561
   -0.0025118218
   -0.0041708099
   -0.0061355021
   -0.0082093371
   -0.0101624326
   -0.0117780243
   -0.0128818284
   -0.0133570103
   -0.0131521606
   -0.0122872144
   -0.0108582422
   -0.0090384684
   -0.0070674233
   -0.0052157170
   -0.0037200384
   -0.0027140254
   -0.0022102930
   -0.0021630983
   -0.0025603954
   -0.0034498727
   -0.0048614280
   -0.0066960644
   -0.0086893916
   -0.0104782232
   -0.0117089547
   -0.0121274845
   -0.0116379213
   -0.0103383781
   -0.0085287524
   -0.0066586211
   -0.0051827011
   -0.0043867782
   -0.0043618907
   -0.0051369979
   -0.0066704344
   -0.0086096258
   -0.0102195501
   -0.0107176185
   -0.0097834913
   -0.0079443291
   -0.0064539723
   -0.0064695475
   -0.0082170561
   -0.0091587945
   -0.0082142314
   -0.0010401857
    0.0006291426
    0.0012807002
   -0.0007836290
    0.0012680840
    0.0026896976
    0.0034902081
    0.0037053936
    0.0033658601
   -0.0023832165
    0.0001132404
    0.0021508402
    0.0037190062
    0.0048343199
    0.0055286152
    0.0058405698
    0.0058071842
    0.0054515754
   -0.0025599829
   -0.0000141413
    0.0021470497
    0.0039222366
    0.0053253454
    0.0063796896
    0.0071148283
    0.0075646380
    0.0077654378
    0.0077529847
    0.0075564472
    0.0071872576
   -0.0029832039
   -0.0003796895
    0.0018816217
    0.0038047027
    0.0054027233
    0.0066944008
    0.0077022022
    0.0084516852
    0.0089713788
    0.0092928230
    0.0094504831
    0.0094807444
    0.0094190825
    0.0092937853
   -0.0025091683
    0.0000338519
    0.0022619289
    0.0041852950
    0.0058188275
    0.0071800130
    0.0082881482
    0.0091641416
    0.0098307259
    0.0103130010
    0.0106390532
    0.0108405974
    0.0109534724
    0.0110173979
    0.0110743676
    0.0111640195
   -0.0025555395
   -0.0000127436
    0.0022338976
    0.0041972269
    0.0058925604
    0.0073363857
    0.0085458388
    0.0095387492
    0.0103338338
    0.0109512319
    0.0114131488
    0.0117446357
    0.0119745539
    0.0121365813
    0.0122701372
    0.0124210087
    0.0126408407
   -0.0016712558
    0.0007677977
    0.0029288839
    0.0048270679
    0.0064781489
    0.0078980327
    0.0091026276
    0.0101079663
    0.0109305174
    0.0115877050
    0.0120984790
    0.0124840413
    0.0127688077
    0.0129814517
    0.0131562458
    0.0133344987
    0.0135660522
    0.0139104230
   -0.0035882982
   -0.0009531451
    0.0014035544
    0.0034969236
    0.0053427994
    0.0069568671
    0.0083544115
    0.0095503232
    0.0105593503
    0.0113964185
    0.0120770901
    0.0126181021
    0.0130380240
    0.0133580946
    0.0136032199
    0.0138032503
    0.0139945388
    0.0142218314
    0.0145404752
    0.0150186975
   -0.0039360005
   -0.0012745687
    0.0011128136
    0.0032420162
    0.0051291689
    0.0067899043
    0.0082391791
    0.0094913201
    0.0105602417
    0.0114597771
    0.0122040518
    0.0128079616
    0.0132877403
    0.0136616402
    0.0139507806
    0.0141802507
    0.0143804545
    0.0145888446
    0.0148521698
    0.0152291367
    0.0157936123
   -0.0035488695
   -0.0009330536
    0.0014148357
    0.0035112275
    0.0053723315
    0.0070135917
    0.0084496091
    0.0096942598
    0.0107609322
    0.0116628197
    0.0124133572
    0.0130266199
    0.0135178493
    0.0139041222
    0.0142051125
    0.0144441426
    0.0146494119
    0.0148556942
    0.0151064594
    0.0154566335
    0.0159759655
   -0.0032623000
   -0.0006791570
    0.0016395267
    0.0037103760
    0.0055495739
    0.0071724112
    0.0085932723
    0.0098257818
    0.0108830345
    0.0117779606
    0.0125236620
    0.0131338955
    0.0136235245
    0.0140091879
    0.0143100805
    0.0145489156
    0.0147531627
    0.0149567219
    0.0152019730
    0.0155425192
    0.0160465760
   -0.0038433186
   -0.0012033502
    0.0011681643
    0.0032878777
    0.0051721077
    0.0068363315
    0.0082951136
    0.0095622000
    0.0106507761
    0.0115737943
    0.0123443030
    0.0129759304
    0.0134833403
    0.0138828579
    0.0141932067
    0.0144364753
    0.0146392781
    0.0148343230
    0.0150623586
    0.0153747220
    0.0158364358
   -0.0032993468
   -0.0007124007
    0.0016065732
    0.0036740672
    0.0055062024
    0.0071183246
    0.0085249291
    0.0097397982
    0.0107762946
    0.0116476787
    0.0123675142
    0.0129501221
    0.0134111691
    0.0137683189
    0.0140420465
    0.0142567534
    0.0144420181
    0.0146342709
    0.0148789209
    0.0152328017
    0.0157670438
   -0.0024188374
    0.0000804220
    0.0023116929
    0.0042911244
    0.0060345840
    0.0075572595
    0.0088736828
    0.0099979015
    0.0109437694
    0.0117253597
    0.0123574061
    0.0128558756
    0.0132385950
    0.0135260999
    0.0137425982
    0.0139172066
    0.0140854205
    0.0142908761
    0.0145872287
    0.0150399556
   -0.0019830907
    0.0004723248
    0.0026539237
    0.0045774088
    0.0062585002
    0.0077125477
    0.0089545209
    0.0099991712
    0.0108614194
    0.0115567697
    0.0121018870
    0.0125152207
    0.0128177873
    0.0130341662
    0.0131935089
    0.0133308067
    0.0134881642
    0.0137157256
    0.0140717444
   -0.0028125164
   -0.0002634802
    0.0019952411
    0.0039780310
    0.0057003647
    0.0071779952
    0.0084267070
    0.0094624051
    0.0103014953
    0.0109612825
    0.0114606151
    0.0118206024
    0.0120653757
    0.0122230251
    0.0123263859
    0.0124136451
    0.0125281354
    0.0127163306
   -0.0032085618
   -0.0006104440
    0.0016793755
    0.0036728910
    0.0053847790
    0.0068310589
    0.0080285362
    0.0089948068
    0.0097485874
    0.0103101529
    0.0107019784
    0.0109494012
    0.0110811383
    0.0111294692
    0.0111295278
    0.0111166529
    0.0111201351
   -0.0042610719
   -0.0015352165
    0.0008583558
    0.0029252699
    0.0046774808
    0.0061305075
    0.0073021531
    0.0082121291
    0.0088820995
    0.0093359926
    0.0096002862
    0.0097038753
    0.0096770303
    0.0095484018
    0.0093383242
   -0.0016489861
    0.0007409664
    0.0027653988
    0.0044325665
    0.0057576336
    0.0067603851
    0.0074641492
    0.0078951333
    0.0080814928
    0.0080511314
    0.0078267276
    0.0074159772
   -0.0022412883
    0.0002058478
    0.0022260317
    0.0038175012
    0.0049925341
    0.0057721895
    0.0061824337
    0.0062496367
    0.0059927858
    0.0054095409
   -0.0021995335
    0.0001788457
    0.0020151471
    0.0032916830
    0.0040153570
    0.0042026135
    0.0038617218
   -0.0007634378
    0.0009640475
    0.0018293302
    0.0017901099
   -0.0006270919
    0.0013052814
    0.0015940623
    0.0009520205
   -0.0005752759
    0.0036528708
    0.0039711418
    0.0037483660
    0.0029772874
    0.0016442380
   -0.0002526673
   -0.0026872507
    0.0054516063
    0.0059299187
    0.0060761209
    0.0058842901
    0.0053326623
    0.0043952420
    0.0030483997
    0.0012752476
   -0.0009298076
   -0.0035540509
    0.0070267769
    0.0075298509
    0.0078332884
    0.0079403260
    0.0078334278
    0.0074865504
    0.0068717646
    0.0059623833
    0.0047343333
    0.0031669872
    0.0012441323
   -0.0010440062
   -0.0036968073
    0.0091516300
    0.0093874528
    0.0095356208
    0.0095787568
    0.0094896502
    0.0092386271
    0.0087969613
    0.0081381415
    0.0072381577
    0.0060752764
    0.0046297677
    0.0028838909
    0.0008223424
   -0.0015664595
   -0.0042874719
    0.0109713593
    0.0109904416
    0.0110158506
    0.0110185395
    0.0109639945
    0.0108180286
    0.0105492346
    0.0101296345
    0.0095344589
    0.0087416503
    0.0077312364
    0.0064847102
    0.0049846474
    0.0032144420
    0.0011584155
   -0.0011974447
   -0.0038638030
    0.0125279030
    0.0123832918
    0.0122916745
    0.0122083612
    0.0120923644
    0.0119078034
    0.0116238301
    0.0112139717
    0.0106553188
    0.0099276996
    0.0090128545
    0.0078938647
    0.0065545251
    0.0049789950
    0.0031515364
    0.0010565153
   -0.0013210934
   -0.0039944903
    0.0137786217
    0.0135070669
    0.0133293631
    0.0131921994
    0.0130502343
    0.0128655221
    0.0126064602
    0.0122465566
    0.0117632637
    0.0111370455
    0.0103504886
    0.0093875809
    0.0082331730
    0.0068724515
    0.0052905542
    0.0034723238
    0.0014021932
   -0.0009355350
   -0.0035559686
    0.0146572004
    0.0143221755
    0.0140967789
    0.0139240294
    0.0137574252
    0.0135591238
    0.0132981267
    0.0129487797
    0.0124894679
    0.0119015492
    0.0111685186
    0.0102752762
    0.0092075610
    0.0079514580
    0.0064930120
    0.0048178433
    0.0029109803
    0.0007567619
   -0.0016608878
    0.0158844522
    0.0153005651
    0.0149146917
    0.0146523845
    0.0144539571
    0.0142717310
    0.0140674372
    0.0138100831
    0.0134742359
    0.0130385882
    0.0124848915
    0.0117970905
    0.0109605674
    0.0099616269
    0.0087869435
    0.0074232090
    0.0058567441
    0.0040732077
    0.0020574657
   -0.0002064591
   -0.0027349990
    0.0159196409
    0.0154255214
    0.0150934047
    0.0148556178
    0.0146587689
    0.0144604709
    0.0142268063
    0.0139301921
    0.0135478640
    0.0130605741
    0.0124516211
    0.0117061039
    0.0108102560
    0.0097509328
    0.0085151965
    0.0070899221
    0.0054614718
    0.0036154251
    0.0015364692
   -0.0007916014
   -0.0033854092
    0.0161468654
    0.0156097403
    0.0152485331
    0.0149923565
    0.0147855700
    0.0145842095
    0.0143531956
    0.0140641586
    0.0136937200
    0.0132222236
    0.0126326707
    0.0119099446
    0.0110401894
    0.0100102222
    0.0088071175
    0.0074178275
    0.0058288371
    0.0040259053
    0.0019938824
   -0.0002832825
   -0.0028222202
    0.0161143651
    0.0155541295
    0.0151780866
    0.0149132348
    0.0147021874
    0.0144995856
    0.0142692257
    0.0139818643
    0.0136133905
    0.0131435605
    0.0125549127
    0.0118319108
    0.0109603360
    0.0099266923
    0.0087177769
    0.0073202929
    0.0057204881
    0.0039039111
    0.0018552760
   -0.0004415153
   -0.0030029655
    0.0160112723
    0.0153841251
    0.0149663937
    0.0146796406
    0.0144615769
    0.0142627180
    0.0140435080
    0.0137719632
    0.0134218617
    0.0129712041
    0.0124011469
    0.0116950608
    0.0108377891
    0.0098150938
    0.0086131466
    0.0072180995
    0.0056157811
    0.0037914223
    0.0017295408
   -0.0005859453
   -0.0031711716
    0.0152995044
    0.0147415282
    0.0143720454
    0.0141173127
    0.0139174662
    0.0137241714
    0.0134983207
    0.0132079715
    0.0128266610
    0.0123320208
    0.0117046706
    0.0109273539
    0.0099842114
    0.0088601713
    0.0075405048
    0.0060104420
    0.0042548629
    0.0022581940
    0.0000045310
   -0.0025217907
    0.0142251790
    0.0137930900
    0.0135090755
    0.0133079894
    0.0131349178
    0.0129443520
    0.0126986691
    0.0123665964
    0.0119218027
    0.0113416638
    0.0106062524
    0.0096975490
    0.0085987089
    0.0072935814
    0.0057662566
    0.0040008154
    0.0019813108
   -0.0003079407
   -0.0028814266
    0.0126572717
    0.0124584737
    0.0123135270
    0.0121718913
    0.0119895651
    0.0117289765
    0.0113581175
    0.0108495084
    0.0101791853
    0.0093257591
    0.0082696616
    0.0069925596
    0.0054768691
    0.0037055863
    0.0016623996
   -0.0006677037
   -0.0032968207
    0.0112894175
    0.0111903693
    0.0111246690
    0.0110503840
    0.0109247591
    0.0107080822
    0.0103648406
    0.0098637272
    0.0091770827
    0.0082801530
    0.0071504748
    0.0057673234
    0.0041115036
    0.0021655395
   -0.0000854783
   -0.0026518892
    0.0094454341
    0.0095575013
    0.0096151064
    0.0095894702
    0.0094444410
    0.0091430291
    0.0086502344
    0.0079340690
    0.0069656121
    0.0057188777
    0.0041708175
    0.0023017746
    0.0000969742
   -0.0024503927
    0.0076264180
    0.0078693716
    0.0079432612
    0.0078222157
    0.0074711170
    0.0068529024
    0.0059322265
    0.0046773398
    0.0030616641
    0.0010660232
   -0.0013171123
    0.0052751380
    0.0058192192
    0.0060520063
    0.0059670099
    0.0055331751
    0.0047107776
    0.0034614476
    0.0017556148
   -0.0004191959
   -0.0030455084
    0.0036458340
    0.0039527846
    0.0037187667
    0.0029098503
    0.0014866933
   -0.0005656970
    0.0016113823
    0.0012607594
   -0.0001032205
   -0.0061015881
   -0.0068382595
   -0.0061159669
   -0.0049290266
   -0.0045453094
   -0.0051702743
   -0.0064181639
   -0.0076134787
   -0.0081498479
   -0.0077921062
   -0.0067088182
   -0.0053188610
   -0.0040697027
   -0.0032546600
   -0.0029765398
   -0.0032389620
   -0.0040110503
   -0.0051939853
   -0.0065799086
   -0.0078877538
   -0.0088484575
   -0.0092747372
   -0.0090914404
   -0.0083363608
   -0.0071441349
   -0.0057176738
   -0.0042854587
   -0.0030476484
   -0.0021296350
   -0.0015710611
   -0.0013594052
   -0.0014800990
   -0.0019405264
   -0.0027509467
   -0.0038837693
   -0.0052481058
   -0.0066982571
   -0.0080658293
   -0.0091939469
   -0.0099601088
   -0.0102865710
   -0.0101427472
   -0.0095437587
   -0.0085471799
   -0.0072484020
   -0.0057729886
   -0.0042637395
   -0.0028604193
   -0.0016747057
   -0.0007693410
   -0.0001534710
    0.0002005007
    0.0003264194
    0.0002372391
   -0.0000839062
   -0.0006704551
   -0.0015454739
   -0.0026965191
   -0.0040653890
   -0.0055557909
   -0.0070519836
   -0.0084382592
   -0.0096130363
   -0.0104962019
   -0.0110316789
   -0.0111875392
   -0.0109551060
   -0.0103480437
   -0.0094014669
   -0.0081711873
   -0.0067325474
   -0.0051777534
   -0.0036101561
   -0.0021339975
    0.0015343109
    0.0018631973
    0.0020270319
    0.0020512618
    0.0019322605
   -0.0033992122
   -0.0049546390
   -0.0065184271
   -0.0080016889
   -0.0093260399
   -0.0104272479
   -0.0112562304
   -0.0117785819
   -0.0119737973
   -0.0118345277
   -0.0113659973
   -0.0105857728
   -0.0095237092
   -0.0082221986
   -0.0067364204
   -0.0051339801
   -0.0034931754
    0.0036975599
    0.0037946498
    0.0038112636
   -0.0038176700
   -0.0054564857
   -0.0070476582
   -0.0085248414
   -0.0098323823
   -0.0109257281
   -0.0117707953
   -0.0123431109
   -0.0126269549
   -0.0126147795
   -0.0123068387
   -0.0117109615
   -0.0108426285
   -0.0097251710
   -0.0083903124
   -0.0068788832
   -0.0052414173
   -0.0035382177
    0.0055493676
   -0.0043846736
   -0.0060649959
   -0.0076556541
   -0.0091079471
   -0.0103822934
   -0.0114474807
   -0.0122796741
   -0.0128614954
   -0.0131813864
   -0.0132331921
   -0.0130158267
   -0.0125332169
   -0.0117942496
   -0.0108129452
   -0.0096088345
   -0.0082075386
   -0.0066416619
   -0.0049516742
   -0.0040082514
   -0.0057463835
   -0.0073896864
   -0.0088980264
   -0.0102390825
   -0.0113872983
   -0.0123228527
   -0.0130307728
   -0.0135003491
   -0.0137247328
   -0.0137006736
   -0.0134284087
   -0.0129115809
   -0.0121572785
   -0.0111761855
   -0.0099828653
   -0.0085962951
   -0.0070406287
   -0.0053462356
   -0.0051743502
   -0.0068827013
   -0.0084610227
   -0.0098816262
   -0.0111226177
   -0.0121668571
   -0.0130011120
   -0.0136154537
   -0.0140028604
   -0.0141590187
   -0.0140821654
   -0.0137730228
   -0.0132347760
   -0.0124731002
   -0.0114962643
   -0.0103153783
   -0.0089447859
   -0.0074027625
   -0.0057123829
   -0.0039027221
   -0.0051724954
   -0.0069038834
   -0.0084991123
   -0.0099358382
   -0.0111964970
   -0.0122673207
   -0.0131375719
   -0.0137990422
   -0.0142457480
   -0.0144737360
   -0.0144809777
   -0.0142673392
   -0.0138345349
   -0.0131861466
   -0.0123276391
   -0.0112664781
   -0.0100124041
   -0.0085777975
   -0.0069783723
   -0.0052340701
   -0.0048639094
   -0.0066349649
   -0.0082685433
   -0.0097455447
   -0.0110510136
   -0.0121732408
   -0.0131029962
   -0.0138331253
   -0.0143582202
   -0.0146744638
   -0.0147796006
   -0.0146728310
   -0.0143548237
   -0.0138277169
   -0.0130950857
   -0.0121620146
   -0.0110351862
   -0.0097231466
   -0.0082367012
   -0.0065895312
   -0.0047991485
   -0.0052095857
   -0.0069698160
   -0.0085848618
   -0.0100394391
   -0.0113216506
   -0.0124221184
   -0.0133334521
   -0.0140498389
   -0.0145668618
   -0.0148813854
   -0.0149915065
   -0.0148965326
   -0.0145969742
   -0.0140945155
   -0.0133920569
   -0.0124936685
   -0.0114047268
   -0.0101320376
   -0.0086841606
   -0.0070719344
   -0.0053092300
   -0.0053918221
   -0.0071479474
   -0.0087546484
   -0.0101990802
   -0.0114712517
   -0.0125632825
   -0.0134688993
   -0.0141831546
   -0.0147022456
   -0.0150234310
   -0.0151450150
   -0.0150663407
   -0.0147877769
   -0.0143107230
   -0.0136375851
   -0.0127717689
   -0.0117177766
   -0.0104812757
   -0.0090693584
   -0.0074909553
   -0.0057575177
   -0.0038839052
   -0.0046074893
   -0.0064296500
   -0.0081064180
   -0.0096249466
   -0.0109753196
   -0.0121497681
   -0.0131420947
   -0.0139473612
   -0.0145616762
   -0.0149821007
   -0.0152066330
   -0.0152341853
   -0.0150646225
   -0.0146987195
   -0.0141381624
   -0.0133855572
   -0.0124444107
   -0.0113192370
   -0.0100156471
   -0.0085406731
   -0.0069031911
   -0.0051146914
   -0.0039139741
   -0.0057900744
   -0.0075244873
   -0.0091039002
   -0.0105181495
   -0.0117593062
   -0.0128210800
   -0.0136984220
   -0.0143873135
   -0.0148846377
   -0.0151881475
   -0.0152964790
   -0.0152091432
   -0.0149265160
   -0.0144498660
   -0.0137813122
   -0.0129238472
   -0.0118813588
   -0.0106587099
   -0.0092619808
   -0.0076987852
   -0.0059788914
   -0.0041150304
   -0.0044717657
   -0.0063101005
   -0.0080018109
   -0.0095347937
   -0.0108997359
   -0.0120893361
   -0.0130977772
   -0.0139203645
   -0.0145533994
   -0.0149940482
   -0.0152403441
   -0.0152911861
   -0.0151463578
   -0.0148065097
   -0.0142731751
   -0.0135487536
   -0.0126365325
   -0.0115407100
   -0.0102665501
   -0.0088206016
   -0.0072111754
   -0.0054489390
   -0.0054696274
   -0.0072305071
   -0.0088378437
   -0.0102807245
   -0.0115506645
   -0.0126409316
   -0.0135461397
   -0.0142619872
   -0.0147851287
   -0.0151131373
   -0.0152445063
   -0.0151786215
   -0.0149158141
   -0.0144573513
   -0.0138054058
   -0.0129631053
   -0.0119345361
   -0.0107248705
   -0.0093405717
   -0.0077897888
   -0.0060829372
   -0.0042335820
   -0.0042802459
   -0.0061271109
   -0.0078302871
   -0.0093756956
   -0.0107524794
   -0.0119521064
   -0.0129678061
   -0.0137941640
   -0.0144269291
   -0.0148628689
   -0.0150998025
   -0.0151365447
   -0.0149729347
   -0.0146098524
   -0.0140492066
   -0.0132939538
   -0.0123481390
   -0.0112169793
   -0.0099070552
   -0.0084266447
   -0.0067862941
   -0.0049995791
   -0.0057226292
   -0.0074534658
   -0.0090301720
   -0.0104396343
   -0.0116715784
   -0.0127178813
   -0.0135720699
   -0.0142290821
   -0.0146851050
   -0.0149375277
   -0.0149849228
   -0.0148270573
   -0.0144649057
   -0.0139006656
   -0.0131377507
   -0.0121809162
   -0.0110363099
   -0.0097117620
   -0.0082171949
   -0.0065652330
   -0.0047721313
   -0.0052696393
   -0.0070266507
   -0.0086353056
   -0.0100791427
   -0.0113452818
   -0.0124235309
   -0.0133058471
   -0.0139859735
   -0.0144592061
   -0.0147223479
   -0.0147736340
   -0.0146127746
   -0.0142409566
   -0.0136608462
   -0.0128766602
   -0.0118942636
   -0.0107213366
   -0.0093677271
   -0.0078459576
   -0.0061719939
   -0.0043662980
   -0.0039219459
   -0.0057559719
   -0.0074621577
   -0.0090168297
   -0.0104013362
   -0.0116010078
   -0.0126042709
   -0.0134020725
   -0.0139875330
   -0.0143557491
   -0.0145036909
   -0.0144301835
   -0.0141359257
   -0.0136235111
   -0.0128975100
   -0.0119645512
   -0.0108335880
   -0.0095162316
   -0.0080273495
   -0.0063858787
   -0.0046159130
   -0.0045152630
   -0.0062913828
   -0.0079373970
   -0.0094263124
   -0.0107367030
   -0.0118516824
   -0.0127580087
   -0.0134455512
   -0.0139069065
   -0.0141372385
   -0.0141342063
   -0.0138979156
   -0.0134310080
   -0.0127387143
   -0.0118290406
   -0.0107130413
   -0.0094052541
   -0.0079244247
   -0.0062943926
   -0.0045452627
   -0.0042415503
   -0.0060068586
   -0.0076553336
   -0.0091521086
   -0.0104692350
   -0.0115845791
   -0.0124808853
   -0.0131451016
   -0.0135679290
   -0.0137436004
   -0.0136697954
   -0.0133476314
   -0.0127817656
   -0.0119805464
   -0.0109563551
   -0.0097260567
   -0.0083117150
   -0.0067415532
   -0.0050510545
   -0.0039550511
   -0.0056986048
   -0.0073441747
   -0.0088462481
   -0.0101677506
   -0.0112791148
   -0.0121573981
   -0.0127854768
   -0.0131515852
   -0.0132490167
   -0.0130760554
   -0.0126360449
   -0.0119375439
   -0.0109947271
   -0.0098278849
   -0.0084641878
   -0.0069387148
   -0.0052953713
   -0.0035874499
    0.0055466227
   -0.0043775332
   -0.0060623855
   -0.0076498371
   -0.0090839969
   -0.0103189396
   -0.0113182478
   -0.0120543036
   -0.0125076599
   -0.0126666221
   -0.0125271581
   -0.0120929373
   -0.0113756628
   -0.0103955554
   -0.0091820709
   -0.0077748308
   -0.0062244281
   -0.0045926833
    0.0038388813
    0.0037796507
   -0.0027595242
   -0.0043986728
   -0.0060364406
   -0.0075902814
   -0.0089868502
   -0.0101648927
   -0.0110760426
   -0.0116847282
   -0.0119678958
   -0.0119148671
   -0.0115275616
   -0.0108208762
   -0.0098234301
   -0.0085784003
   -0.0071441749
   -0.0055942263
   -0.0040146817
   -0.0024983300
    0.0020575666
    0.0020877337
    0.0019802213
    0.0017200179
   -0.0030170408
   -0.0045732357
   -0.0061568179
   -0.0076611875
   -0.0089878225
   -0.0100536793
   -0.0107947842
   -0.0111678189
   -0.0111509581
   -0.0107446436
   -0.0099726097
   -0.0088828176
   -0.0075479363
   -0.0060639180
   -0.0045444984
   -0.0031093556
   -0.0018655494
   -0.0008869455
   -0.0002013430
    0.0002054954
    0.0003679357
    0.0003113790
    0.0000324615
   -0.0004993937
   -0.0013187273
   -0.0024315080
   -0.0037917625
   -0.0052994003
   -0.0068178842
   -0.0081999486
   -0.0093105502
   -0.0100422811
   -0.0103244057
   -0.0101283592
   -0.0094713992
   -0.0084189120
   -0.0070835774
   -0.0056176903
   -0.0041935767
   -0.0029706000
   -0.0020588882
   -0.0015018038
   -0.0012938106
   -0.0014226979
   -0.0018990963
   -0.0027426587
   -0.0039321707
   -0.0053615913
   -0.0068395191
   -0.0081316442
   -0.0090176229
   -0.0093389185
   -0.0090316782
   -0.0081466625
   -0.0068539196
   -0.0054197279
   -0.0041417593
   -0.0032568364
   -0.0028866819
   -0.0030713271
   -0.0038194083
   -0.0050570567
   -0.0065163049
   -0.0077389446
   -0.0082525893
   -0.0078125499
   -0.0065924573
   -0.0052008959
   -0.0043942704
   -0.0046727741
   -0.0059914086
   -0.0071080131
   -0.0061284311
   -0.0061015881
    0.0000819534
    0.0006580310
   -0.0012295276
    0.0003564986
    0.0015099255
    0.0022141589
    0.0024794887
    0.0023184137
   -0.0008618012
    0.0007518405
    0.0020459187
    0.0030154834
    0.0036716237
    0.0040335330
    0.0041209885
    0.0039456713
   -0.0015050896
    0.0002454663
    0.0017407418
    0.0029744644
    0.0039519605
    0.0046862573
    0.0051953042
    0.0054996496
    0.0056196927
    0.0055716911
    0.0053617475
   -0.0027309171
   -0.0008326447
    0.0008496971
    0.0023079787
    0.0035432566
    0.0045628255
    0.0053783813
    0.0060048667
    0.0064597587
    0.0067623349
    0.0069327528
    0.0069903984
    0.0069509823
    0.0068217381
   -0.0018988866
   -0.0000894299
    0.0015193418
    0.0029272110
    0.0041389433
    0.0051627306
    0.0060092707
    0.0066913158
    0.0072234485
    0.0076219801
    0.0079048987
    0.0080916271
    0.0082023925
    0.0082569409
    0.0082719508
   -0.0021387215
   -0.0003076114
    0.0013366506
    0.0027956722
    0.0040745339
    0.0051806315
    0.0061230405
    0.0069121862
    0.0075597597
    0.0080787552
    0.0084836036
    0.0087903727
    0.0090168913
    0.0091828063
    0.0093093317
    0.0094184358
    0.0095311245
   -0.0025865363
   -0.0007185241
    0.0009719776
    0.0024875747
    0.0038334937
    0.0050166538
    0.0060451067
    0.0069278011
    0.0076745079
    0.0082958310
    0.0088034190
    0.0092101209
    0.0095302977
    0.0097801053
    0.0099777730
    0.0101438334
    0.0103011216
    0.0104744004
    0.0106891846
   -0.0022880569
   -0.0004523880
    0.0012129438
    0.0027122370
    0.0040515060
    0.0052378154
    0.0062789141
    0.0071830815
    0.0079591030
    0.0086163438
    0.0091649025
    0.0096158070
    0.0099812925
    0.0102751291
    0.0105129513
    0.0107126883
    0.0108949380
    0.0110832615
    0.0113043304
    0.0115875195
   -0.0021533129
   -0.0003343087
    0.0013198407
    0.0028143775
    0.0041556867
    0.0053508521
    0.0064073546
    0.0073329781
    0.0081358184
    0.0088243501
    0.0094075735
    0.0098951957
    0.0102978831
    0.0106275603
    0.0108977159
    0.0111238746
    0.0113239983
    0.0115190360
    0.0117333941
    0.0119953589
    0.0123372478
   -0.0030130491
   -0.0011251645
    0.0005995981
    0.0021663654
    0.0035814118
    0.0048516231
    0.0059841923
    0.0069864923
    0.0078660550
    0.0086306163
    0.0092882452
    0.0098474570
    0.0103174393
    0.0107082936
    0.0110313005
    0.0112992908
    0.0115270631
    0.0117318497
    0.0119339112
    0.0121571081
    0.0124296004
    0.0127843446
   -0.0037334135
   -0.0017906553
   -0.0000103157
    0.0016126594
    0.0030844732
    0.0044119232
    0.0056020677
    0.0066620772
    0.0075991873
    0.0084207335
    0.0091342423
    0.0097475670
    0.0102690216
    0.0107076235
    0.0110733207
    0.0113773059
    0.0116323578
    0.0118533015
    0.0120574914
    0.0122654668
    0.0125015912
    0.0127948497
    0.0131795414
   -0.0030520597
   -0.0011681374
    0.0005562241
    0.0021267926
    0.0035501443
    0.0048332063
    0.0059830394
    0.0070067251
    0.0079113897
    0.0087042229
    0.0093926054
    0.0099842357
    0.0104873053
    0.0109106855
    0.0112642199
    0.0115589810
    0.0118076754
    0.0120250507
    0.0122284648
    0.0124384670
    0.0126795436
    0.0129809374
    0.0133774384
   -0.0036902036
   -0.0017557253
    0.0000179124
    0.0016361781
    0.0031055162
    0.0044327745
    0.0056249879
    0.0066891930
    0.0076324558
    0.0084618742
    0.0091846763
    0.0098083532
    0.0103408194
    0.0107905804
    0.0111669925
    0.0114805456
    0.0117431649
    0.0119686688
    0.0121732180
    0.0123759337
    0.0125995372
    0.0128711626
    0.0132231393
    0.0136937539
   -0.0023908840
   -0.0005637486
    0.0011053447
    0.0026225342
    0.0039945671
    0.0052284169
    0.0063311547
    0.0073098507
    0.0081716323
    0.0089237279
    0.0095736049
    0.0101291107
    0.0105986595
    0.0109914647
    0.0113177808
    0.0115892731
    0.0118193787
    0.0120237471
    0.0122208500
    0.0124325610
    0.0126848857
    0.0130086953
    0.0134403409
   -0.0037846900
   -0.0018405926
   -0.0000597925
    0.0015628343
    0.0030335208
    0.0043590573
    0.0055464879
    0.0066029428
    0.0075356145
    0.0083518228
    0.0090590515
    0.0096651443
    0.0101784206
    0.0106079254
    0.0109636505
    0.0112568529
    0.0115004217
    0.0117092723
    0.0119008780
    0.0120957803
    0.0123182409
    0.0125967980
    0.0129647125
   -0.0026721306
   -0.0008181038
    0.0008724228
    0.0024049601
    0.0037859507
    0.0050223404
    0.0061213110
    0.0070902069
    0.0079365386
    0.0086680604
    0.0092928787
    0.0098196488
    0.0102577357
    0.0106175449
    0.0109107425
    0.0111506644
    0.0113527019
    0.0115347621
    0.0117177494
    0.0119260045
    0.0121876352
    0.0125344970
   -0.0037466779
   -0.0017975665
   -0.0000180007
    0.0015959434
    0.0030498830
    0.0043503969
    0.0055046029
    0.0065199661
    0.0074042631
    0.0081655726
    0.0088124272
    0.0093539550
    0.0098000841
    0.0101618149
    0.0104515104
    0.0106832162
    0.0108730804
    0.0110396737
    0.0112043225
    0.0113912948
    0.0116275307
   -0.0038226510
   -0.0018611013
   -0.0000742083
    0.0015406956
    0.0029885492
    0.0042756589
    0.0054092039
    0.0063969484
    0.0072471772
    0.0079687048
    0.0085709972
    0.0090643616
    0.0094601508
    0.0097710596
    0.0100113807
    0.0101973274
    0.0103472529
    0.0104817007
    0.0106231834
    0.0107952604
   -0.0037243794
   -0.0017643918
    0.0000142487
    0.0016125809
    0.0030346867
    0.0042866072
    0.0053756796
    0.0063101900
    0.0070992771
    0.0077529317
    0.0082821156
    0.0086989656
    0.0090169697
    0.0092512083
    0.0094184499
    0.0095371170
    0.0096268626
    0.0097074453
    0.0097964689
   -0.0023665595
   -0.0005279345
    0.0011185872
    0.0025744822
    0.0038445178
    0.0049356743
    0.0058565762
    0.0066172367
    0.0072289365
    0.0077043212
    0.0080574324
    0.0083037720
    0.0084601796
    0.0085443123
    0.0085735272
    0.0085625694
    0.0085195367
   -0.0027170413
   -0.0008409576
    0.0008283287
    0.0022883981
    0.0035421207
    0.0045960353
    0.0054593607
    0.0061434788
    0.0066616376
    0.0070287151
    0.0072608973
    0.0073748995
    0.0073865153
    0.0073078087
    0.0071423989
   -0.0019030926
   -0.0001200722
    0.0014296950
    0.0027424950
    0.0038216894
    0.0046755850
    0.0053161080
    0.0057577958
    0.0060166239
    0.0061083002
    0.0060452240
    0.0058314900
   -0.0030254424
   -0.0011128507
    0.0005394097
    0.0019123293
    0.0030011646
    0.0038107791
    0.0043521559
    0.0046392101
    0.0046846370
    0.0044937312
    0.0040553830
   -0.0014946794
    0.0001636517
    0.0014678939
    0.0023999862
    0.0029582790
    0.0031477270
    0.0029684164
   -0.0007583595
    0.0005456260
    0.0012930795
    0.0014472099
    0.0008532085
    0.0002999664
   -0.0008884040
    0.0024518393
    0.0026485110
    0.0024316551
    0.0018055844
    0.0007717277
   -0.0006572901
   -0.0024446631
    0.0037701645
    0.0041476139
    0.0042550221
    0.0040984340
    0.0036703860
    0.0029586633
    0.0019524563
    0.0006468906
   -0.0009527094
   -0.0028254200
    0.0052979424
    0.0055925845
    0.0057142651
    0.0056647729
    0.0054346300
    0.0050093640
    0.0043733851
    0.0035123877
    0.0024149141
    0.0010737268
   -0.0005124151
   -0.0023361438
    0.0067168652
    0.0069253885
    0.0070303414
    0.0070308911
    0.0069165194
    0.0066722115
    0.0062816168
    0.0057287454
    0.0049989047
    0.0040791820
    0.0029587945
    0.0016295959
    0.0000868533
   -0.0016693559
    0.0081412012
    0.0082196528
    0.0082517517
    0.0082306085
    0.0081423809
    0.0079703806
    0.0076974111
    0.0073070093
    0.0067839488
    0.0061144441
    0.0052861494
    0.0042881268
    0.0031109208
    0.0017467457
    0.0001899921
   -0.0015618854
   -0.0035068236
    0.0094540579
    0.0093978800
    0.0093371344
    0.0092553452
    0.0091336835
    0.0089532697
    0.0086962852
    0.0083464135
    0.0078889522
    0.0073106723
    0.0065996729
    0.0057451906
    0.0047374487
    0.0035676136
    0.0022278553
    0.0007116081
   -0.0009858912
   -0.0028666542
    0.0105090521
    0.0103635535
    0.0102389051
    0.0101128008
    0.0099636320
    0.0097714906
    0.0095185013
    0.0091887625
    0.0087682065
    0.0082442842
    0.0076057368
    0.0068423311
    0.0059446293
    0.0049038838
    0.0037119100
    0.0023611439
    0.0008448033
   -0.0008427431
   -0.0027052512
    0.0114379409
    0.0112131428
    0.0110350961
    0.0108775738
    0.0107166240
    0.0105309547
    0.0103019010
    0.0100131955
    0.0096505977
    0.0092015933
    0.0086550299
    0.0080008273
    0.0072297398
    0.0063331315
    0.0053028363
    0.0041310509
    0.0028103150
    0.0013335888
   -0.0003054891
   -0.0021121378
    0.0121681229
    0.0118846869
    0.0116650996
    0.0114802056
    0.0113043663
    0.0111153826
    0.0108941613
    0.0106242664
    0.0102914791
    0.0098834113
    0.0093890855
    0.0087986546
    0.0081031117
    0.0072940841
    0.0063636125
    0.0053040566
    0.0041079669
    0.0027680928
    0.0012774223
   -0.0003705957
   -0.0021816487
    0.0128341454
    0.0124787049
    0.0122091522
    0.0119928816
    0.0118017806
    0.0116118771
    0.0114028049
    0.0111572073
    0.0108602417
    0.0104990587
    0.0100624153
    0.0095403261
    0.0089237339
    0.0082042929
    0.0073741450
    0.0064257537
    0.0053517954
    0.0041450352
    0.0027983388
    0.0013047022
   -0.0003425649
   -0.0021495013
    0.0132044496
    0.0128206038
    0.0125298431
    0.0122980897
    0.0120964402
    0.0119005060
    0.0116897367
    0.0114467362
    0.0111566880
    0.0108068164
    0.0103859931
    0.0098843338
    0.0092929190
    0.0086035365
    0.0078084807
    0.0069003458
    0.0058719355
    0.0047161424
    0.0034258682
    0.0019940854
    0.0004138768
   -0.0013212592
   -0.0032170087
    0.0134137247
    0.0130108379
    0.0127058690
    0.0124637646
    0.0122550093
    0.0120548634
    0.0118425456
    0.0116005417
    0.0113139506
    0.0109699774
    0.0105574760
    0.0100665686
    0.0094883693
    0.0088146933
    0.0080378726
    0.0071505667
    0.0061456164
    0.0050159546
    0.0037545310
    0.0023543050
    0.0008083134
   -0.0008901210
   -0.0027470312
    0.0136457234
    0.0131860176
    0.0128413877
    0.0125739561
    0.0123518017
    0.0121481852
    0.0119406922
    0.0117104616
    0.0114415427
    0.0111202860
    0.0107348682
    0.0102749009
    0.0097310818
    0.0090949322
    0.0083585479
    0.0075144381
    0.0065553496
    0.0054741536
    0.0042637663
    0.0029171171
    0.0014271900
   -0.0002128410
   -0.0020092726
    0.0135780911
    0.0131056830
    0.0127521840
    0.0124791502
    0.0122539709
    0.0120492194
    0.0118418545
    0.0116124862
    0.0113446595
    0.0110243310
    0.0106393076
    0.0101788946
    0.0096335271
    0.0089944888
    0.0082536743
    0.0074034030
    0.0064362767
    0.0053450260
    0.0041224633
    0.0027614562
    0.0012549861
   -0.0004036817
   -0.0022206244
    0.0128972742
    0.0125358623
    0.0122586522
    0.0120323578
    0.0118286756
    0.0116236569
    0.0113970389
    0.0111316081
    0.0108125967
    0.0104272450
    0.0099643150
    0.0094137737
    0.0087665101
    0.0080140633
    0.0071484270
    0.0061619388
    0.0050470998
    0.0037965632
    0.0024031214
    0.0008598077
   -0.0008398445
   -0.0027013341
    0.0127140608
    0.0123072251
    0.0120011328
    0.0117607920
    0.0115555028
    0.0113587625
    0.0111479172
    0.0109035983
    0.0106091766
    0.0102502994
    0.0098143878
    0.0092902978
    0.0086679706
    0.0079381797
    0.0070922950
    0.0061221222
    0.0050197886
    0.0037776615
    0.0023883915
    0.0008450419
   -0.0008586193
   -0.0027275216
    0.0118448776
    0.0115352929
    0.0112965502
    0.0110979925
    0.0109120732
    0.0107145794
    0.0104844627
    0.0102034875
    0.0098558044
    0.0094275229
    0.0089063476
    0.0082812013
    0.0075420104
    0.0066794094
    0.0056846199
    0.0045493233
    0.0032656316
    0.0018262050
    0.0002244627
   -0.0015448813
   -0.0034849818
    0.0109327738
    0.0107016785
    0.0105163878
    0.0103501050
    0.0101775247
    0.0099757037
    0.0097242110
    0.0094050398
    0.0090022981
    0.0085018913
    0.0078912275
    0.0071588796
    0.0062944152
    0.0052881927
    0.0041312788
    0.0028155201
    0.0013336895
   -0.0003200626
   -0.0021494242
    0.0098178046
    0.0096835506
    0.0095576818
    0.0094174893
    0.0092403616
    0.0090050374
    0.0086921401
    0.0082842237
    0.0077656431
    0.0071223793
    0.0063417713
    0.0054123997
    0.0043239476
    0.0030672929
    0.0016347184
    0.0000204544
   -0.0017783796
   -0.0037602082
    0.0086535638
    0.0086243168
    0.0085778223
    0.0085007355
    0.0083742179
    0.0081776421
    0.0078905632
    0.0074937498
    0.0069695402
    0.0063019547
    0.0054766980
    0.0044811147
    0.0033043467
    0.0019376164
    0.0003749400
   -0.0013856532
   -0.0033401293
    0.0072449974
    0.0073347858
    0.0073512234
    0.0072846946
    0.0071183131
    0.0068322441
    0.0064062683
    0.0058211194
    0.0050592454
    0.0041052943
    0.0029465728
    0.0015738290
   -0.0000175055
   -0.0018251868
    0.0057453985
    0.0059559591
    0.0060253316
    0.0059489841
    0.0057115795
    0.0052930528
    0.0046724163
    0.0038302274
    0.0027504005
    0.0014219973
   -0.0001582911
   -0.0019824503
    0.0042112618
    0.0045072774
    0.0045698645
    0.0043956279
    0.0039677904
    0.0032649249
    0.0022675000
    0.0009634504
   -0.0006457459
   -0.0025368191
    0.0028304368
    0.0029936585
    0.0027796287
    0.0021741604
    0.0011596899
   -0.0002667875
   -0.0020736250
    0.0012541595
    0.0011168552
    0.0003252389
   -0.0011061383
