           1           2   1.2247237788365672     
           2           3  0.95480142085518827     
           3           4   1.0196166496963170     
           1           5  0.19436887286039156     
           2           5   1.7410260335465049     
           3           6  0.95849974438335073     
           3           7  0.97108971425635482     
           1           8  0.94256963005690175     
           1           9  0.94840937001803949     
           4          10  0.96573974129882301     
           4          11  0.96301539725312635     
