    0.1859824298
    0.1880501269
    0.1835467904
    0.1812076537
    0.1830270146
    0.1879503258
    0.1936596782
    0.1943764901
    0.1887879432
    0.1832294792
    0.1793913043
    0.1776219637
    0.1778555539
    0.1799888026
    0.1839106152
    0.1893827454
    0.1947799482
    0.1880357450
    0.1825727722
    0.1786307472
    0.1761316462
    0.1749421019
    0.1749682889
    0.1761794339
    0.1785974410
    0.1822635394
    0.1871886130
    0.1907218098
    0.1846931342
    0.1801133395
    0.1767984650
    0.1745727555
    0.1733027457
    0.1729055988
    0.1733494270
    0.1746491167
    0.1768582818
    0.1800540736
    0.1843132656
    0.1896823326
    0.1874901380
    0.1823294360
    0.1784105261
    0.1755214309
    0.1735036591
    0.1722456121
    0.1716775283
    0.1717682034
    0.1725226424
    0.1739796343
    0.1762081086
    0.1792996797
    0.1833544328
    0.1884578994
    0.1874413155
    0.1824490667
    0.1785922900
    0.1756674357
    0.1735259354
    0.1720612384
    0.1712019133
    0.1709079862
    0.1711687220
    0.1720021452
    0.1734545498
    0.1756000892
    0.1785383793
    0.1823874879
    0.1872685392
    0.1921939441
    0.1863711545
    0.1817848485
    0.1781998489
    0.1754455648
    0.1733954001
    0.1719572299
    0.1710679824
    0.1706909585
    0.1708146439
    0.1714524338
    0.1726437302
    0.1744550515
    0.1769819373
    0.1803488338
    0.1847052560
    0.1902123009
    0.1908854537
    0.1855458281
    0.1812992360
    0.1779578314
    0.1753791682
    0.1734545677
    0.1721038331
    0.1712722238
    0.1709288400
    0.1710660520
    0.1717000789
    0.1728724671
    0.1746531196
    0.1771440304
    0.1804836049
    0.1848501573
    0.1904601133
    0.1906525559
    0.1855358295
    0.1814508727
    0.1782354463
    0.1757603858
    0.1739255929
    0.1726570876
    0.1719056102
    0.1716455201
    0.1718750488
    0.1726171993
    0.1739227948
    0.1758746569
    0.1785943120
    0.1822509233
    0.1870731113
    0.1933602335
    0.1917785930
    0.1865817409
    0.1824453001
    0.1792078074
    0.1767379973
    0.1749337448
    0.1737209725
    0.1730524827
    0.1729073948
    0.1732913507
    0.1742390837
    0.1758182469
    0.1781371582
    0.1813556650
    0.1857026230
    0.1915012796
    0.1888876620
    0.1844463916
    0.1810102878
    0.1784269928
    0.1765803258
    0.1753888387
    0.1748038588
    0.1748086900
    0.1754199189
    0.1766908015
    0.1787188288
    0.1816579062
    0.1857393647
    0.1913062219
    0.1928537353
    0.1877461167
    0.1838617710
    0.1809976897
    0.1790048293
    0.1777831556
    0.1772770745
    0.1774743375
    0.1784077774
    0.1801614869
    0.1828841201
    0.1868121923
    0.1923116064
    0.1930339702
    0.1882473487
    0.1847958096
    0.1824577395
    0.1810906236
    0.1806200877
    0.1810357461
    0.1823933221
    0.1848263289
    0.1885701717
    0.1906634914
    0.1874865305
    0.1856454040
    0.1850080526
    0.1855468947
    0.1873395134
    0.1905855004
    0.1923981090
    0.1908389448
    0.1909466617
    0.1945055168
    0.1936594644
    0.1934009501
    0.1923457785
    0.1925982160
    0.1919384276
    0.1911676300
    0.1915957434
    0.1949360904
    0.1914413645
    0.1904809627
    0.1904872536
    0.1914193224
    0.1941004794
    0.1915142414
    0.1903879963
    0.1900753879
    0.1904415482
    0.1914403086
    0.1930619081
    0.1914976644
    0.1906358778
    0.1904278139
    0.1906715037
    0.1912678694
    0.1922613226
    0.1925786477
    0.1918994809
    0.1924506161
    0.1920907428
    0.1915186377
    0.1914948509
    0.1917500530
    0.1921089366
    0.1925486067
    0.1932008909
    0.1916510652
    0.1909330191
    0.1912416752
    0.1934084290
    0.1928798952
    0.1945223648
    0.1912668146
    0.1903979277
    0.1903326662
    0.1911215046
    0.1945041087
    0.1953409251
    0.1919871710
    0.1908164798
    0.1902096745
    0.1902049242
    0.1908616713
    0.1922518413
    0.1953425225
    0.1927941422
    0.1917441514
    0.1910410884
    0.1907064061
    0.1907872898
    0.1913586868
    0.1925067338
    0.1954625816
    0.1947657052
    0.1947781230
    0.1939233580
    0.1932285680
    0.1926848184
    0.1922863899
    0.1920568699
    0.1920596625
    0.1923906101
    0.1931534299
    0.1933666030
    0.1930884777
    0.1953949437
    0.1940881075
    0.1946321025
    0.1945309878
    0.1922565117
    0.1916759790
    0.1916894771
    0.1920897913
    0.1945457847
    0.1951341882
    0.1953535512
    0.1932265485
    0.1939479971
    0.1925889255
    0.1911942352
    0.1905885651
    0.1905995243
    0.1910541655
    0.1918116007
    0.1927804285
    0.1939185560
    0.1953244828
    0.1919235496
    0.1919975141
    0.1928765060
    0.1919055297
    0.1905792416
    0.1900886094
    0.1902860404
    0.1910359057
    0.1922368406
    0.1939890346
    0.1930790191
    0.1922652652
    0.1915307577
    0.1909650060
    0.1907532606
    0.1911335083
    0.1923374800
    0.1921535150
    0.1907433656
    0.1902786935
    0.1906482674
    0.1917445570
    0.1932618762
    0.1919381792
    0.1909363965
    0.1903002101
    0.1901597335
    0.1906995354
    0.1920985910
    0.1920955917
    0.1911041399
    0.1911526263
    0.1921684312
    0.1917783254
    0.1906602578
    0.1901761745
    0.1904427982
    0.1915847851
    0.1924891811
    0.1920776048
    0.1917824039
    0.1908841472
    0.1909032607
    0.1918849675
    0.1935703393
    0.1933240712
    0.1918226296
    0.1922940407
    0.1945456679
    0.1933141281
    0.1942816532
    0.1948262677
    0.1953628487
    0.1930536921
    0.1908039632
    0.1895932917
    0.1893857119
    0.1901948712
    0.1920896527
    0.1941863550
    0.1904906483
    0.1876782209
    0.1856921050
    0.1844874837
    0.1840401076
    0.1843514992
    0.1854523064
    0.1874051308
    0.1903057569
    0.1942805822
    0.1935501755
    0.1896278554
    0.1864065003
    0.1838636933
    0.1819700130
    0.1806982571
    0.1800303876
    0.1799619088
    0.1805049879
    0.1816899660
    0.1835650660
    0.1861942091
    0.1896497129
    0.1939963121
    0.1906663800
    0.1870399621
    0.1839860669
    0.1814918331
    0.1795402490
    0.1781132254
    0.1771961059
    0.1767811093
    0.1768702042
    0.1774763919
    0.1786242871
    0.1803481707
    0.1826879782
    0.1856808139
    0.1893463227
    0.1936662980
    0.1901459502
    0.1864472897
    0.1832840315
    0.1806279456
    0.1784600649
    0.1767643470
    0.1755270532
    0.1747381281
    0.1743929976
    0.1744944023
    0.1750529541
    0.1760867495
    0.1776191714
    0.1796739461
    0.1822677371
    0.1853988245
    0.1890349901
    0.1931054818
    0.1884993471
    0.1848316936
    0.1817180861
    0.1791040984
    0.1769576057
    0.1752577743
    0.1739897168
    0.1731432222
    0.1727132178
    0.1727005017
    0.1731120706
    0.1739602291
    0.1752605290
    0.1770271216
    0.1792664623
    0.1819692534
    0.1851038173
    0.1886167857
    0.1924495077
    0.1903973901
    0.1861777725
    0.1826302577
    0.1796545235
    0.1771868107
    0.1751878390
    0.1736329753
    0.1725064285
    0.1717988836
    0.1715068982
    0.1716326036
    0.1721829758
    0.1731680708
    0.1745971026
    0.1764730626
    0.1787863006
    0.1815099835
    0.1846031097
    0.1880240110
    0.1917551088
    0.1924817133
    0.1877625721
    0.1837474110
    0.1803754416
    0.1775784770
    0.1753039661
    0.1735165204
    0.1721936670
    0.1713223271
    0.1708965525
    0.1709163897
    0.1713863396
    0.1723128941
    0.1736993451
    0.1755402429
    0.1778152203
    0.1804875699
    0.1835108271
    0.1868400313
    0.1904299547
    0.1946970273
    0.1901675565
    0.1858380490
    0.1820002931
    0.1787417084
    0.1760631357
    0.1739426053
    0.1723592497
    0.1712993425
    0.1707566326
    0.1707308618
    0.1712251733
    0.1722413163
    0.1737721115
    0.1757927605
    0.1782548260
    0.1810852169
    0.1841813675
    0.1873760790
    0.1903467042
    0.1925273639
    0.1932246861
    0.1920521258
    0.1892918724
    0.1856968283
    0.1819956305
    0.1786378747
    0.1758281993
    0.1736405262
    0.1720983317
    0.1712111147
    0.1709863515
    0.1714290554
    0.1725336929
    0.1742684456
    0.1765558493
    0.1792516511
    0.1821075827
    0.1846912741
    0.1863287421
    0.1863302089
    0.1845478127
    0.1815939330
    0.1783541626
    0.1754851874
    0.1733370585
    0.1720765118
    0.1717862213
    0.1724949023
    0.1741507563
    0.1765473143
    0.1792032435
    0.1812182705
    0.1814497024
    0.1795390482
    0.1765710416
    0.1740654934
    0.1730611203
    0.1740331087
    0.1765593708
    0.1780509540
    0.1754972808
    0.1756983583
    0.1790756284
    0.1775650926
    0.1802161474
    0.1831000122
    0.1826457573
    0.1796443361
    0.1765712277
    0.1748528474
    0.1749264705
    0.1767739954
    0.1801191535
    0.1842509331
    0.1877762071
    0.1891001774
    0.1877550326
    0.1846615358
    0.1810157659
    0.1776476797
    0.1750299045
    0.1733856206
    0.1727872481
    0.1732452997
    0.1747640809
    0.1773528458
    0.1809854270
    0.1854850902
    0.1903200697
    0.1944366838
    0.1896954950
    0.1856600109
    0.1817787606
    0.1783442602
    0.1755423433
    0.1734686205
    0.1721507759
    0.1715819414
    0.1717508553
    0.1726614162
    0.1743420679
    0.1768465094
    0.1802436120
    0.1845864887
    0.1898337796
    0.1883490485
    0.1841774744
    0.1804539588
    0.1772942860
    0.1747639625
    0.1728794791
    0.1716259056
    0.1709772207
    0.1709123752
    0.1714249667
    0.1725289900
    0.1742620293
    0.1766872080
    0.1798944912
    0.1839986775
    0.1891251140
    0.1907041250
    0.1862354903
    0.1822474149
    0.1788324486
    0.1760358328
    0.1738585168
    0.1722740475
    0.1712459492
    0.1707407329
    0.1707358973
    0.1712243303
    0.1722167587
    0.1737435007
    0.1758567562
    0.1786338370
    0.1821835254
    0.1866540899
    0.1922417712
    0.1893869789
    0.1849337421
    0.1811055816
    0.1779390634
    0.1754216055
    0.1735131672
    0.1721648101
    0.1713310659
    0.1709768739
    0.1710811429
    0.1716383905
    0.1726594172
    0.1741724638
    0.1762243498
    0.1788837796
    0.1822475079
    0.1864516617
    0.1916912116
    0.1898632671
    0.1852274740
    0.1813605439
    0.1782402911
    0.1758098111
    0.1740013976
    0.1727514985
    0.1720081148
    0.1717340649
    0.1719082897
    0.1725255158
    0.1735967723
    0.1751488501
    0.1772255890
    0.1798897021
    0.1832275767
    0.1873589559
    0.1930347681
    0.1877791852
    0.1834845216
    0.1800720571
    0.1774416834
    0.1754961623
    0.1741527893
    0.1733473639
    0.1730352484
    0.1731905798
    0.1738052751
    0.1748882240
    0.1764645371
    0.1785756167
    0.1812798183
    0.1846547839
    0.1888035982
    0.1938088923
    0.1883688087
    0.1840892008
    0.1808012497
    0.1783548154
    0.1766281560
    0.1755290343
    0.1749928106
    0.1749796856
    0.1754717947
    0.1764719016
    0.1780011832
    0.1800988235
    0.1828209899
    0.1862407836
    0.1904494898
    0.1920272662
    0.1871743998
    0.1835351402
    0.1808909205
    0.1790794746
    0.1779856005
    0.1775335271
    0.1776802214
    0.1784110810
    0.1797367963
    0.1816912989
    0.1843300988
    0.1877283129
    0.1919783280
    0.1937985849
    0.1889696140
    0.1854994336
    0.1831241173
    0.1816651250
    0.1810078053
    0.1810879780
    0.1818829247
    0.1834061791
    0.1857045679
    0.1888556671
    0.1929653555
    0.1899980485
    0.1873839650
    0.1859098708
    0.1854353257
    0.1858938748
    0.1872802348
    0.1896438110
    0.1930866716
    0.1921513971
    0.1912495785
    0.1916285257
    0.1932756423
    0.1916111732
    0.1894192057
    0.1891515063
    0.1907618625
    0.1920076389
    0.1876438551
    0.1850307437
    0.1838706747
    0.1840297600
    0.1855113688
    0.1884567591
    0.1931726977
    0.1894996865
    0.1850555428
    0.1821212152
    0.1804003614
    0.1797250845
    0.1800252134
    0.1813154093
    0.1836962092
    0.1873686847
    0.1926673980
    0.1898093835
    0.1847265412
    0.1811438807
    0.1787265508
    0.1772629687
    0.1766285554
    0.1767658865
    0.1776759748
    0.1794166224
    0.1821086542
    0.1859494671
    0.1912385518
    0.1949351306
    0.1881773455
    0.1832331428
    0.1796484011
    0.1771224016
    0.1754562942
    0.1745233699
    0.1742522172
    0.1746170217
    0.1756338994
    0.1773612127
    0.1799040104
    0.1834230900
    0.1881489490
    0.1944020969
    0.1912788718
    0.1853707981
    0.1809663194
    0.1777206628
    0.1753947891
    0.1738249422
    0.1729033784
    0.1725661541
    0.1727863674
    0.1735705786
    0.1749585407
    0.1770250112
    0.1798844615
    0.1836976611
    0.1886799560
    0.1936328374
    0.1871322516
    0.1821862610
    0.1784551929
    0.1756899981
    0.1737112060
    0.1723931786
    0.1716524497
    0.1714409958
    0.1717414636
    0.1725649847
    0.1739511907
    0.1759698624
    0.1787238122
    0.1823527442
    0.1870367604
    0.1929973481
    0.1885036953
    0.1832195064
    0.1791645797
    0.1761030512
    0.1738549241
    0.1722876770
    0.1713088510
    0.1708596228
    0.1709110201
    0.1714611680
    0.1725346733
    0.1741832208
    0.1764870419
    0.1795575836
    0.1835394027
    0.1886111201
    0.1897871409
    0.1842469706
    0.1799374708
    0.1766463475
    0.1742001623
    0.1724651629
    0.1713443586
    0.1707737045
    0.1707188690
    0.1711733904
    0.1721576072
    0.1737191686
    0.1759344448
    0.1789102549
    0.1827860559
    0.1877356629
    0.1916306576
    0.1857352228
    0.1811021868
    0.1775396539
    0.1748796097
    0.1729860127
    0.1717571275
    0.1711246518
    0.1710519664
    0.1715327980
    0.1725908748
    0.1742806573
    0.1766886002
    0.1799356099
    0.1841804905
    0.1896252253
    0.1886227145
    0.1833616693
    0.1792953607
    0.1762521266
    0.1740858419
    0.1726836717
    0.1719684262
    0.1718998165
    0.1724739296
    0.1737236725
    0.1757201938
    0.1785751856
    0.1824442988
    0.1875345447
    0.1883559540
    0.1831326923
    0.1791875259
    0.1763489421
    0.1744760756
    0.1734678989
    0.1732686436
    0.1738706789
    0.1753167599
    0.1777020007
    0.1811769499
    0.1859524218
    0.1923092343
    0.1864766256
    0.1817338889
    0.1783979454
    0.1763100030
    0.1753597455
    0.1755006110
    0.1767590587
    0.1792393989
    0.1831236346
    0.1886620914
    0.1913078680
    0.1852547670
    0.1811229208
    0.1787736814
    0.1781149760
    0.1791538821
    0.1820186089
    0.1869284604
    0.1940469942
    0.1872511418
    0.1830575243
    0.1818992196
    0.1839860749
    0.1895030578
    0.1910977566
    0.1866313639
    0.1920915626
    0.1918706175
    0.1665977179
    0.1681962006
    0.1646459211
    0.1627439186
    0.1642192678
    0.1681214023
    0.1724441128
    0.1729403687
    0.1687723351
    0.1644013299
    0.1612322104
    0.1597059090
    0.1598518521
    0.1615797631
    0.1647304450
    0.1690107519
    0.1735822671
    0.1685043929
    0.1641019083
    0.1607441016
    0.1585034952
    0.1573466704
    0.1572250476
    0.1581074559
    0.1599803148
    0.1628283886
    0.1666036632
    0.1711913351
    0.1717055400
    0.1667400581
    0.1627137976
    0.1596268504
    0.1574176512
    0.1560166389
    0.1553687065
    0.1554416216
    0.1562273611
    0.1577379032
    0.1599967305
    0.1630251817
    0.1668252936
    0.1713645896
    0.1714603433
    0.1665812449
    0.1626387300
    0.1595418639
    0.1571982262
    0.1555287516
    0.1544732873
    0.1539915926
    0.1540637926
    0.1546894262
    0.1558853160
    0.1576820639
    0.1601181106
    0.1632304381
    0.1670426895
    0.1706069562
    0.1659821574
    0.1622373466
    0.1592533458
    0.1569325771
    0.1551979827
    0.1539913416
    0.1532719179
    0.1530157894
    0.1532148838
    0.1538764333
    0.1550221108
    0.1566862080
    0.1589127324
    0.1617501972
    0.1652430611
    0.1694205789
    0.1715810806
    0.1669059428
    0.1630846991
    0.1599896421
    0.1575212686
    0.1556021255
    0.1541726911
    0.1531890426
    0.1526215324
    0.1524542720
    0.1526844107
    0.1533221278
    0.1543902914
    0.1559242278
    0.1579701515
    0.1605831602
    0.1638217085
    0.1677391268
    0.1712468238
    0.1667750561
    0.1630913736
    0.1600796065
    0.1576496507
    0.1557307195
    0.1542677549
    0.1532192131
    0.1525561560
    0.1522614913
    0.1523297708
    0.1527671279
    0.1535916702
    0.1548335651
    0.1565353046
    0.1587515602
    0.1615475102
    0.1649951372
    0.1691658013
    0.1712761929
    0.1669413186
    0.1633440532
    0.1603823255
    0.1579750576
    0.1560571925
    0.1545771800
    0.1534955140
    0.1527840491
    0.1524256538
    0.1524139313
    0.1527534464
    0.1534603164
    0.1545625868
    0.1561012261
    0.1581311407
    0.1607214394
    0.1639550640
    0.1679256866
    0.1727298454
    0.1684331514
    0.1646959309
    0.1615994242
    0.1590651915
    0.1570284199
    0.1554364274
    0.1542481121
    0.1534333926
    0.1529727098
    0.1528574571
    0.1530896963
    0.1536830850
    0.1546634969
    0.1560705025
    0.1579588180
    0.1604004315
    0.1634863329
    0.1673275780
    0.1720535440
    0.1681068238
    0.1645325380
    0.1615819647
    0.1591823956
    0.1572729586
    0.1558042457
    0.1547384330
    0.1540488997
    0.1537202167
    0.1537484746
    0.1541414322
    0.1549196087
    0.1561178325
    0.1577870529
    0.1599973447
    0.1628414009
    0.1664388284
    0.1709408157
    0.1707326449
    0.1668166508
    0.1635867194
    0.1609621197
    0.1588740919
    0.1572664003
    0.1560958161
    0.1553317289
    0.1549561569
    0.1549640171
    0.1553635756
    0.1561775629
    0.1574451765
    0.1592248033
    0.1615982161
    0.1646762283
    0.1686064964
    0.1735834571
    0.1688141723
    0.1653669560
    0.1625928798
    0.1604119041
    0.1587599735
    0.1575888591
    0.1568657753
    0.1565733462
    0.1567098759
    0.1572898953
    0.1583463716
    0.1599333264
    0.1621305150
    0.1650503686
    0.1688480913
    0.1710840930
    0.1673860408
    0.1644592408
    0.1622058861
    0.1605504089
    0.1594386064
    0.1588366636
    0.1587306820
    0.1591269742
    0.1600539792
    0.1615650975
    0.1637443487
    0.1667144706
    0.1706502051
    0.1703115619
    0.1670935037
    0.1646782548
    0.1629703327
    0.1619047476
    0.1614451700
    0.1615826612
    0.1623367546
    0.1637583182
    0.1659356005
    0.1690042979
    0.1713725902
    0.1684610890
    0.1664515121
    0.1652506596
    0.1648084052
    0.1651154456
    0.1662037657
    0.1681518155
    0.1710940836
    0.1720021267
    0.1700330182
    0.1690886765
    0.1691242907
    0.1701582746
    0.1732060618
    0.1727103888
    0.1724696648
    0.1719062816
    0.1716266561
    0.1711641165
    0.1713699949
    0.1714220088
    0.1707292443
    0.1705883950
    0.1710094070
    0.1708258161
    0.1703013819
    0.1702417163
    0.1706153412
    0.1726982594
    0.1712861753
    0.1705241449
    0.1701846435
    0.1702026323
    0.1705277888
    0.1711500078
    0.1720213407
    0.1723002373
    0.1715372002
    0.1708262204
    0.1705002863
    0.1704661370
    0.1706431022
    0.1709920111
    0.1715265694
    0.1714442435
    0.1713821510
    0.1719933325
    0.1713754988
    0.1711269625
    0.1711320138
    0.1712795651
    0.1714942131
    0.1717560954
    0.1721037390
    0.1726186345
    0.1709550070
    0.1707343723
    0.1710511450
    0.1722558445
    0.1719832793
    0.1732691088
    0.1707888499
    0.1703615799
    0.1703736200
    0.1708468538
    0.1730612393
    0.1737294923
    0.1713842849
    0.1706522538
    0.1702409629
    0.1701753899
    0.1704810084
    0.1711810408
    0.1734704729
    0.1714274319
    0.1708310572
    0.1704637670
    0.1703480110
    0.1705108298
    0.1709818038
    0.1717858412
    0.1726064910
    0.1720045131
    0.1715228601
    0.1711737632
    0.1709736979
    0.1709475380
    0.1711284074
    0.1715520053
    0.1722469313
    0.1729323513
    0.1734045062
    0.1721038841
    0.1724687248
    0.1735354490
    0.1720667715
    0.1718790113
    0.1733251683
    0.1729463199
    0.1719933078
    0.1713340901
    0.1710466196
    0.1710571157
    0.1712808044
    0.1729388504
    0.1733748432
    0.1721792763
    0.1724303571
    0.1711892410
    0.1706134871
    0.1704094755
    0.1705060165
    0.1708306474
    0.1713206140
    0.1719292702
    0.1726262341
    0.1713859215
    0.1714406306
    0.1718896718
    0.1706140278
    0.1702000932
    0.1701712154
    0.1704647804
    0.1710219234
    0.1717940064
    0.1728695950
    0.1723417714
    0.1718509320
    0.1713902244
    0.1709916005
    0.1707259320
    0.1706914567
    0.1709943961
    0.1713497240
    0.1705538459
    0.1702340471
    0.1703470278
    0.1708402431
    0.1722190863
    0.1714887454
    0.1708941376
    0.1704607269
    0.1702467528
    0.1703340024
    0.1708081723
    0.1712203635
    0.1706790005
    0.1706522139
    0.1711045437
    0.1712359579
    0.1705789325
    0.1702053767
    0.1701736747
    0.1705500698
    0.1715030267
    0.1711964271
    0.1714587458
    0.1712426294
    0.1706050688
    0.1703765217
    0.1706024546
    0.1713082239
    0.1723353117
    0.1719195415
    0.1711338786
    0.1708873958
    0.1711711340
    0.1727317963
    0.1715928641
    0.1719023833
    0.1734233752
    0.1724547529
    0.1729081054
    0.1711563542
    0.1709643255
    0.1723687057
    0.1700393422
    0.1683078431
    0.1671502844
    0.1665516507
    0.1665087665
    0.1670324574
    0.1681488918
    0.1699006480
    0.1723467154
    0.1736900085
    0.1706839770
    0.1681822010
    0.1661731070
    0.1646419761
    0.1635749751
    0.1629630660
    0.1628038943
    0.1631037881
    0.1638784437
    0.1651533488
    0.1669635439
    0.1693515135
    0.1723631957
    0.1716722147
    0.1687843089
    0.1663097405
    0.1642460782
    0.1625866049
    0.1613227987
    0.1604471326
    0.1599550199
    0.1598467154
    0.1601280801
    0.1608112685
    0.1619147031
    0.1634620938
    0.1654803488
    0.1679956888
    0.1710268636
    0.1699955064
    0.1672032644
    0.1647707836
    0.1626955938
    0.1609739119
    0.1596003894
    0.1585695933
    0.1578773106
    0.1575218840
    0.1575051623
    0.1578331833
    0.1585163156
    0.1595687046
    0.1610070354
    0.1628481803
    0.1651051770
    0.1677817103
    0.1708649094
    0.1693169556
    0.1664904478
    0.1640078999
    0.1618578199
    0.1600333247
    0.1585290091
    0.1573400299
    0.1564623941
    0.1558935588
    0.1556331592
    0.1556839337
    0.1560513946
    0.1567442976
    0.1577733325
    0.1591496707
    0.1608825577
    0.1629754375
    0.1654214137
    0.1681987820
    0.1712683035
    0.1704611995
    0.1673515142
    0.1646224204
    0.1622391983
    0.1601816891
    0.1584378870
    0.1570000979
    0.1558629639
    0.1550225581
    0.1544768278
    0.1542257355
    0.1542714888
    0.1546188170
    0.1552744418
    0.1562459023
    0.1575402115
    0.1591609645
    0.1611052385
    0.1633604991
    0.1659020954
    0.1686946283
    0.1716983642
    0.1711732034
    0.1677963657
    0.1648529941
    0.1622914499
    0.1600770962
    0.1581882677
    0.1566114333
    0.1553381405
    0.1543629961
    0.1536829126
    0.1532967653
    0.1532056321
    0.1534125901
    0.1539222271
    0.1547397437
    0.1558694359
    0.1573119768
    0.1590621393
    0.1611061402
    0.1634206744
    0.1659754191
    0.1687402695
    0.1685612512
    0.1653701101
    0.1625912993
    0.1601905206
    0.1581410878
    0.1564245604
    0.1550292180
    0.1539478898
    0.1531764144
    0.1527133250
    0.1525590906
    0.1527159949
    0.1531873799
    0.1539765113
    0.1550842733
    0.1565070532
    0.1582340028
    0.1602454420
    0.1625138716
    0.1650081992
    0.1677002769
    0.1705689713
    0.1706430878
    0.1671770514
    0.1640639502
    0.1613322130
    0.1589787428
    0.1569916262
    0.1553597229
    0.1540753284
    0.1531339404
    0.1525338554
    0.1522754479
    0.1523604918
    0.1527913141
    0.1535688496
    0.1546899510
    0.1561447029
    0.1579134845
    0.1599660943
    0.1622637423
    0.1647614738
    0.1674055443
    0.1701150156
    0.1712336814
    0.1680778695
    0.1649462209
    0.1620481187
    0.1594853886
    0.1572994937
    0.1555047013
    0.1541055587
    0.1531046173
    0.1525045179
    0.1523082693
    0.1525185623
    0.1531354499
    0.1541526895
    0.1555535647
    0.1573062401
    0.1593610960
    0.1616488440
    0.1640733362
    0.1664897130
    0.1686651834
    0.1702578821
    0.1708862390
    0.1703139399
    0.1686181979
    0.1661606377
    0.1633889723
    0.1606641933
    0.1582115553
    0.1561517071
    0.1545457271
    0.1534266500
    0.1528144824
    0.1527214158
    0.1531512252
    0.1540939051
    0.1555164866
    0.1573526195
    0.1594907988
    0.1617565250
    0.1638802097
    0.1654699268
    0.1660789178
    0.1654372254
    0.1636771677
    0.1612716338
    0.1587535219
    0.1565195208
    0.1548090473
    0.1537572978
    0.1534387389
    0.1538816560
    0.1550565962
    0.1568426346
    0.1589772175
    0.1609930917
    0.1622062718
    0.1619854282
    0.1603195864
    0.1579538730
    0.1558335854
    0.1546575127
    0.1548097879
    0.1562998418
    0.1584339891
    0.1594012425
    0.1576917991
    0.1559468240
    0.1570449788
    0.1602236106
    0.1589884118
    0.1611140832
    0.1633759999
    0.1630393257
    0.1606617778
    0.1581435745
    0.1566966264
    0.1567398975
    0.1582515653
    0.1609310164
    0.1641307214
    0.1667951176
    0.1678441463
    0.1669392277
    0.1646380095
    0.1617812361
    0.1590382055
    0.1568348282
    0.1554010518
    0.1548341848
    0.1551589864
    0.1563679477
    0.1584301949
    0.1612638150
    0.1646665954
    0.1682167783
    0.1712276666
    0.1729300721
    0.1728992648
    0.1713143338
    0.1687318599
    0.1657082818
    0.1626483948
    0.1598283681
    0.1574348465
    0.1555821623
    0.1543272803
    0.1536899791
    0.1536729368
    0.1542767117
    0.1555076679
    0.1573779203
    0.1598972177
    0.1630516308
    0.1667603558
    0.1708039235
    0.1687028582
    0.1654151784
    0.1623414879
    0.1596008413
    0.1572791412
    0.1554270027
    0.1540652841
    0.1531956483
    0.1528115369
    0.1529068436
    0.1534819451
    0.1545464348
    0.1561203022
    0.1582331320
    0.1609201153
    0.1642126547
    0.1681163358
    0.1725655106
    0.1690863062
    0.1657063902
    0.1626104567
    0.1598722333
    0.1575425615
    0.1556466840
    0.1541890866
    0.1531615133
    0.1525509358
    0.1523455572
    0.1525386842
    0.1531312792
    0.1541335094
    0.1555653308
    0.1574573322
    0.1598507611
    0.1627974397
    0.1663563845
    0.1705831470
    0.1683430272
    0.1649770294
    0.1619631788
    0.1593488971
    0.1571563260
    0.1553871654
    0.1540296416
    0.1530661249
    0.1524786515
    0.1522527529
    0.1523796600
    0.1528579771
    0.1536941156
    0.1549031645
    0.1565095379
    0.1585477648
    0.1610643135
    0.1641197095
    0.1677908747
    0.1721713354
    0.1715885448
    0.1678573901
    0.1644942558
    0.1615495424
    0.1590442651
    0.1569762831
    0.1553290383
    0.1540794591
    0.1532037618
    0.1526809433
    0.1524954447
    0.1526379444
    0.1531062905
    0.1539057740
    0.1550493309
    0.1565579861
    0.1584618426
    0.1608014589
    0.1636306603
    0.1670210140
    0.1710678726
    0.1687598771
    0.1652452050
    0.1622151685
    0.1596687887
    0.1575856409
    0.1559360581
    0.1546882497
    0.1538130723
    0.1532862824
    0.1530901061
    0.1532138527
    0.1536539323
    0.1544138984
    0.1555047712
    0.1569446127
    0.1587596028
    0.1609846218
    0.1636655027
    0.1668630021
    0.1706591582
    0.1723211704
    0.1682868462
    0.1648259192
    0.1619238951
    0.1595457297
    0.1576486129
    0.1561898449
    0.1551313455
    0.1544417465
    0.1540973542
    0.1540824543
    0.1543891845
    0.1550171729
    0.1559734338
    0.1572720739
    0.1589343876
    0.1609890354
    0.1634730665
    0.1664339061
    0.1699334449
    0.1710867743
    0.1672127518
    0.1640029564
    0.1613965454
    0.1593308822
    0.1577488091
    0.1566020198
    0.1558521151
    0.1554706835
    0.1554389238
    0.1557471325
    0.1563939995
    0.1573861823
    0.1587380134
    0.1604708039
    0.1626131170
    0.1652005206
    0.1682769723
    0.1699019638
    0.1663470725
    0.1635002291
    0.1612721542
    0.1595873860
    0.1583853074
    0.1576198095
    0.1572578595
    0.1572784351
    0.1576714588
    0.1584367846
    0.1595834652
    0.1611289075
    0.1630984135
    0.1655243828
    0.1684457380
    0.1719075501
    0.1695569895
    0.1663378766
    0.1638532036
    0.1620012362
    0.1607039069
    0.1599039116
    0.1595619224
    0.1596540428
    0.1601702915
    0.1611129993
    0.1624956941
    0.1643423257
    0.1666858102
    0.1695668305
    0.1706548125
    0.1676377039
    0.1654075766
    0.1638541767
    0.1628988979
    0.1624891976
    0.1625942453
    0.1632020460
    0.1643172669
    0.1659598162
    0.1681633184
    0.1709736489
    0.1706701667
    0.1684362374
    0.1669876436
    0.1662372119
    0.1661323591
    0.1666494595
    0.1677899206
    0.1695779493
    0.1720589149
    0.1707324172
    0.1706237591
    0.1713113185
    0.1728048320
    0.1694748888
    0.1682388664
    0.1681563633
    0.1692142956
    0.1714868289
    0.1699257802
    0.1670023056
    0.1651458266
    0.1642236424
    0.1641681858
    0.1649692526
    0.1666724684
    0.1693843513
    0.1732846077
    0.1686052763
    0.1653815845
    0.1631229370
    0.1616833268
    0.1609715885
    0.1609408822
    0.1615836638
    0.1629301493
    0.1650508891
    0.1680632674
    0.1721431598
    0.1693853723
    0.1655431217
    0.1626799038
    0.1606225418
    0.1592520883
    0.1584910192
    0.1582954764
    0.1586505050
    0.1595685961
    0.1610899219
    0.1632852024
    0.1662609435
    0.1701675369
    0.1693296090
    0.1652564989
    0.1621373390
    0.1597975161
    0.1581124417
    0.1569952553
    0.1563890930
    0.1562618741
    0.1566034718
    0.1574245961
    0.1587570072
    0.1606549245
    0.1631984541
    0.1664976987
    0.1706990821
    0.1693221411
    0.1651069068
    0.1618179362
    0.1592871934
    0.1573906152
    0.1560384059
    0.1551676397
    0.1547374656
    0.1547263406
    0.1551299733
    0.1559607645
    0.1572480400
    0.1590393574
    0.1614020357
    0.1644263162
    0.1682279655
    0.1729514088
    0.1703699178
    0.1658659614
    0.1622938588
    0.1594891796
    0.1573262478
    0.1557100337
    0.1545709811
    0.1538601509
    0.1535464853
    0.1536145553
    0.1540637148
    0.1549073203
    0.1561732408
    0.1579046144
    0.1601610234
    0.1630199095
    0.1665780220
    0.1709516726
    0.1685307157
    0.1643704053
    0.1610409916
    0.1584087753
    0.1563677810
    0.1548361266
    0.1537526638
    0.1530738292
    0.1527717297
    0.1528324949
    0.1532554039
    0.1540525965
    0.1552490320
    0.1568832240
    0.1590078854
    0.1616905811
    0.1650144075
    0.1690771236
    0.1695483378
    0.1651957579
    0.1616696624
    0.1588486127
    0.1566310329
    0.1549352319
    0.1536978918
    0.1528722447
    0.1524264402
    0.1523423313
    0.1526144635
    0.1532498186
    0.1542674974
    0.1556993216
    0.1575899936
    0.1599976624
    0.1629942558
    0.1666647842
    0.1711059642
    0.1696133771
    0.1652686382
    0.1617223997
    0.1588701977
    0.1566201015
    0.1548956586
    0.1536361261
    0.1527960258
    0.1523442511
    0.1522630764
    0.1525477892
    0.1532060317
    0.1542580713
    0.1557368886
    0.1576885636
    0.1601725865
    0.1632619479
    0.1670429473
    0.1698008752
    0.1654398631
    0.1618668937
    0.1589902581
    0.1567257885
    0.1550013481
    0.1537587305
    0.1529543897
    0.1525592170
    0.1525580466
    0.1529494259
    0.1537454930
    0.1549720821
    0.1566690312
    0.1588903820
    0.1617048507
    0.1651963766
    0.1694646388
    0.1667745204
    0.1629598941
    0.1598853364
    0.1574694377
    0.1556400366
    0.1543375780
    0.1535174376
    0.1531504683
    0.1532229787
    0.1537372134
    0.1547111923
    0.1561789770
    0.1581910747
    0.1608149068
    0.1641354774
    0.1682571685
    0.1710275433
    0.1664258203
    0.1626818592
    0.1597130117
    0.1574410114
    0.1557974828
    0.1547282106
    0.1541962918
    0.1541832557
    0.1546897525
    0.1557364706
    0.1573640880
    0.1596338569
    0.1626279125
    0.1664503923
    0.1712297336
    0.1704189297
    0.1658812688
    0.1622715760
    0.1595082391
    0.1575159959
    0.1562329865
    0.1556165764
    0.1556472146
    0.1563309261
    0.1577004558
    0.1598152927
    0.1627612755
    0.1666486937
    0.1716085059
    0.1718007638
    0.1669257078
    0.1631368629
    0.1603634121
    0.1585368368
    0.1576049362
    0.1575432187
    0.1583618587
    0.1601085871
    0.1628661249
    0.1667420255
    0.1718441749
    0.1675525853
    0.1637414228
    0.1612538139
    0.1600616521
    0.1601597456
    0.1615879766
    0.1644282152
    0.1687603981
    0.1706918831
    0.1661302315
    0.1635779994
    0.1632245072
    0.1652089360
    0.1695507300
    0.1697643218
    0.1669298452
    0.1699307113
    0.1719007783
    0.1507764396
    0.1520114859
    0.1492220296
    0.1476958375
    0.1488837406
    0.1519653319
    0.1552600041
    0.1555963091
    0.1524495541
    0.1490262285
    0.1464541912
    0.1451764695
    0.1452713500
    0.1466657228
    0.1491902969
    0.1525488521
    0.1523927384
    0.1489056700
    0.1461330222
    0.1442124882
    0.1431693846
    0.1429887962
    0.1436473508
    0.1451189906
    0.1473644798
    0.1503115616
    0.1538318628
    0.1554068978
    0.1514982751
    0.1481593760
    0.1454827252
    0.1434810443
    0.1421350323
    0.1414184505
    0.1413103786
    0.1417993509
    0.1428823733
    0.1445603519
    0.1468294545
    0.1496704116
    0.1530378549
    0.1524895603
    0.1490145221
    0.1461488609
    0.1438701655
    0.1421438370
    0.1409353285
    0.1402163314
    0.1399677113
    0.1401803599
    0.1408545913
    0.1419986618
    0.1436251778
    0.1457464276
    0.1483679028
    0.1514811059
    0.1541184185
    0.1504392346
    0.1473537682
    0.1448186468
    0.1427885859
    0.1412224658
    0.1400862163
    0.1393536134
    0.1390072994
    0.1390385634
    0.1394470426
    0.1402402731
    0.1414322625
    0.1430413517
    0.1450872770
    0.1475864903
    0.1505470534
    0.1539629581
    0.1547061886
    0.1510078654
    0.1478879639
    0.1452886501
    0.1431586931
    0.1414544960
    0.1401402284
    0.1391877831
    0.1385766816
    0.1382938760
    0.1383337192
    0.1386977517
    0.1393942767
    0.1404379367
    0.1418485604
    0.1436495695
    0.1458653509
    0.1485173164
    0.1516189052
    0.1524338011
    0.1491655119
    0.1464090707
    0.1441091743
    0.1422198850
    0.1407034845
    0.1395294809
    0.1386743916
    0.1381213039
    0.1378597073
    0.1378855549
    0.1382010076
    0.1388144319
    0.1397402195
    0.1409982439
    0.1426132814
    0.1446134510
    0.1470277697
    0.1498826270
    0.1531964410
    0.1528096459
    0.1495703118
    0.1468194708
    0.1445037979
    0.1425792862
    0.1410094469
    0.1397646372
    0.1388214364
    0.1381622803
    0.1377754684
    0.1376550083
    0.1378005254
    0.1382175127
    0.1389171618
    0.1399165252
    0.1412382704
    0.1429103549
    0.1449650298
    0.1474371819
    0.1503609979
    0.1537653037
    0.1535374612
    0.1502802554
    0.1474972469
    0.1451380179
    0.1431604793
    0.1415293119
    0.1402153268
    0.1391950105
    0.1384502769
    0.1379683762
    0.1377419450
    0.1377688872
    0.1380526219
    0.1386021639
    0.1394323087
    0.1405638302
    0.1420235764
    0.1438443465
    0.1460643611
    0.1487257885
    0.1518721291
    0.1555429701
    0.1524278939
    0.1494117293
    0.1468339408
    0.1446515734
    0.1428278616
    0.1413316344
    0.1401369887
    0.1392233226
    0.1385751184
    0.1381820258
    0.1380389110
    0.1381459369
    0.1385087293
    0.1391387266
    0.1400534200
    0.1412767258
    0.1428395730
    0.1447799240
    0.1471428154
    0.1499796745
    0.1533461110
    0.1539275131
    0.1507771976
    0.1480756287
    0.1457806425
    0.1438551293
    0.1422670152
    0.1409892692
    0.1399999101
    0.1392822263
    0.1388247262
    0.1386211522
    0.1386707351
    0.1389783089
    0.1395548059
    0.1404174793
    0.1415906503
    0.1431063224
    0.1450050406
    0.1473363080
    0.1501592884
    0.1535419576
    0.1523789489
    0.1495222178
    0.1470940998
    0.1450557800
    0.1433731508
    0.1420170740
    0.1409638843
    0.1401953169
    0.1396988407
    0.1394674338
    0.1394999879
    0.1398015709
    0.1403837501
    0.1412651239
    0.1424723238
    0.1440407783
    0.1460161170
    0.1484553898
    0.1514285648
    0.1550193259
    0.1551648640
    0.1519783366
    0.1492685428
    0.1469916205
    0.1451083020
    0.1435846404
    0.1423927624
    0.1415108174
    0.1409234073
    0.1406214476
    0.1406024393
    0.1408707107
    0.1414379889
    0.1423239879
    0.1435575335
    0.1451777651
    0.1472360702
    0.1497980380
    0.1529460919
    0.1533710138
    0.1505504931
    0.1482019618
    0.1462807824
    0.1447491643
    0.1435766358
    0.1427402243
    0.1422245206
    0.1420218038
    0.1421322683
    0.1425643372
    0.1433356606
    0.1444739481
    0.1460185281
    0.1480227054
    0.1505563241
    0.1537095425
    0.1543611907
    0.1515174722
    0.1491895172
    0.1473265017
    0.1458870293
    0.1448393859
    0.1441613991
    0.1438405604
    0.1438739793
    0.1442689648
    0.1450437475
    0.1462288602
    0.1478689660
    0.1500258398
    0.1527819377
    0.1558220952
    0.1529149581
    0.1505873437
    0.1487798996
    0.1474465958
    0.1465544869
    0.1460833901
    0.1460257147
    0.1463867456
    0.1471858083
    0.1484574576
    0.1502541277
    0.1526498400
    0.1556442374
    0.1531025000
    0.1511795493
    0.1498182895
    0.1489798534
    0.1486430311
    0.1488040548
    0.1494769695
    0.1506953242
    0.1525146230
    0.1554057423
    0.1535588945
    0.1523804827
    0.1518322211
    0.1519009254
    0.1525984647
    0.1539632539
    0.1553951857
    0.1550768826
    0.1548786701
    0.1546010906
    0.1547100182
    0.1543271491
    0.1541863540
    0.1543860182
    0.1545049129
    0.1540534690
    0.1538844959
    0.1539976970
    0.1543846166
    0.1557974284
    0.1539714432
    0.1537491082
    0.1537605086
    0.1539880182
    0.1544243049
    0.1554253472
    0.1544083554
    0.1539840499
    0.1537804853
    0.1537663064
    0.1539141205
    0.1542110643
    0.1546619767
    0.1549545194
    0.1542826753
    0.1540470699
    0.1539801505
    0.1540404895
    0.1541991081
    0.1544471028
    0.1547963212
    0.1546185623
    0.1545325000
    0.1547764533
    0.1546877940
    0.1544658519
    0.1544047139
    0.1551060208
    0.1554192432
    0.1543671840
    0.1541535275
    0.1542309964
    0.1550355023
    0.1558168242
    0.1543481281
    0.1539872550
    0.1538681970
    0.1540038368
    0.1544007869
    0.1555942569
    0.1543391888
    0.1539509323
    0.1537566849
    0.1537709502
    0.1540051922
    0.1544661483
    0.1545377898
    0.1541394876
    0.1538852681
    0.1537892626
    0.1538651885
    0.1541252418
    0.1545778009
    0.1551080237
    0.1547007748
    0.1543822937
    0.1541646277
    0.1540604258
    0.1540836578
    0.1542488121
    0.1545686469
    0.1556658674
    0.1553466078
    0.1546231212
    0.1548179652
    0.1551414778
    0.1555561352
    0.1556152759
    0.1550080260
    0.1547963254
    0.1545284283
    0.1542967676
    0.1542424062
    0.1543286736
    0.1556833583
    0.1551108891
    0.1553298986
    0.1543527346
    0.1540176387
    0.1538867236
    0.1539288736
    0.1541099336
    0.1543974254
    0.1547635582
    0.1551867075
    0.1545811080
    0.1547374944
    0.1543279118
    0.1539152902
    0.1537329988
    0.1537559369
    0.1539542344
    0.1542979118
    0.1547597019
    0.1557962806
    0.1554654959
    0.1543309483
    0.1541691566
    0.1541345829
    0.1542772596
    0.1546402838
    0.1541390109
    0.1538251666
    0.1537571317
    0.1539117603
    0.1542615933
    0.1548679244
    0.1544771130
    0.1541561542
    0.1539282326
    0.1538286734
    0.1538995785
    0.1541814800
    0.1544929447
    0.1540871940
    0.1539576689
    0.1540907717
    0.1546276018
    0.1541876544
    0.1538769484
    0.1537227310
    0.1537590716
    0.1540190086
    0.1546205399
    0.1543304089
    0.1543395165
    0.1541367914
    0.1538574893
    0.1537933569
    0.1539702102
    0.1544026568
    0.1548275336
    0.1547332731
    0.1541560452
    0.1540340053
    0.1541844161
    0.1546056660
    0.1552392989
    0.1544389175
    0.1544698042
    0.1547932555
    0.1556587707
    0.1548988878
    0.1551381743
    0.1556811874
    0.1543697491
    0.1531434575
    0.1523261350
    0.1519126266
    0.1519035906
    0.1523064507
    0.1531361659
    0.1544154595
    0.1556540650
    0.1536328078
    0.1519678602
    0.1506528219
    0.1496813536
    0.1490486097
    0.1487528849
    0.1487963242
    0.1491858079
    0.1499331335
    0.1510551471
    0.1525731217
    0.1545118325
    0.1560133109
    0.1537342344
    0.1517554660
    0.1500776755
    0.1486987545
    0.1476151751
    0.1468234906
    0.1463215373
    0.1461092822
    0.1461895664
    0.1465684072
    0.1472552432
    0.1482627250
    0.1496060639
    0.1513019423
    0.1533664232
    0.1558115785
    0.1552241867
    0.1529320600
    0.1508980345
    0.1491249429
    0.1476134831
    0.1463625900
    0.1453703824
    0.1446349113
    0.1441550761
    0.1439312527
    0.1439657482
    0.1442631905
    0.1448305508
    0.1456769072
    0.1468128696
    0.1482496020
    0.1499971328
    0.1520618333
    0.1544433115
    0.1539768434
    0.1517328149
    0.1497245950
    0.1479522399
    0.1464159893
    0.1451153408
    0.1440493718
    0.1432167681
    0.1426166599
    0.1422488768
    0.1421145875
    0.1422164984
    0.1425588892
    0.1431478228
    0.1439903885
    0.1450942652
    0.1464665258
    0.1481119078
    0.1500307337
    0.1522162439
    0.1546518456
    0.1530359697
    0.1507995681
    0.1487933779
    0.1470120561
    0.1454530283
    0.1441148092
    0.1429962041
    0.1420962204
    0.1414140359
    0.1409493652
    0.1407029011
    0.1406763155
    0.1408726016
    0.1412958951
    0.1419512329
    0.1428440349
    0.1439791134
    0.1453594991
    0.1469847831
    0.1488491380
    0.1509396105
    0.1532348774
    0.1531782570
    0.1508267683
    0.1487180787
    0.1468383203
    0.1451793404
    0.1437367017
    0.1425076770
    0.1414905714
    0.1406844134
    0.1400886564
    0.1397033545
    0.1395295508
    0.1395691220
    0.1398248814
    0.1403004022
    0.1409995283
    0.1419256816
    0.1430808574
    0.1444643105
    0.1460710490
    0.1478905504
    0.1499059577
    0.1520947365
    0.1544311269
    0.1528008733
    0.1503774925
    0.1482117576
    0.1462852775
    0.1445858686
    0.1431060445
    0.1418413573
    0.1407891830
    0.1399480941
    0.1393173774
    0.1388970794
    0.1386880909
    0.1386919597
    0.1389109885
    0.1393479035
    0.1400053396
    0.1408851148
    0.1419872060
    0.1433084993
    0.1448415209
    0.1465738521
    0.1484878230
    0.1505622751
    0.1527759405
    0.1527437255
    0.1502255366
    0.1479734973
    0.1459721647
    0.1442089635
    0.1426750257
    0.1413648431
    0.1402750565
    0.1394039094
    0.1387507505
    0.1383157152
    0.1380996401
    0.1381040857
    0.1383309554
    0.1387821489
    0.1394590936
    0.1403614756
    0.1414865132
    0.1428274573
    0.1443728205
    0.1461063896
    0.1480080594
    0.1500564742
    0.1522323544
    0.1540438062
    0.1513555731
    0.1489074312
    0.1467097978
    0.1447612723
    0.1430570396
    0.1415924223
    0.1403642695
    0.1393710026
    0.1386121115
    0.1380879363
    0.1377995618
    0.1377484130
    0.1379361586
    0.1383639673
    0.1390317390
    0.1399371400
    0.1410740998
    0.1424317446
    0.1439939211
    0.1457392807
    0.1476430268
    0.1496787273
    0.1518185109
    0.1540282582
    0.1549432509
    0.1523270869
    0.1498060233
    0.1474669583
    0.1453538631
    0.1434865597
    0.1418730461
    0.1405167897
    0.1394199504
    0.1385844360
    0.1380123847
    0.1377060637
    0.1376675005
    0.1378981393
    0.1383977494
    0.1391632519
    0.1401871560
    0.1414558216
    0.1429484304
    0.1446368714
    0.1464860612
    0.1484536675
    0.1504860459
    0.1525066525
    0.1543984238
    0.1556962362
    0.1538366671
    0.1516236748
    0.1492906148
    0.1470120882
    0.1448996796
    0.1430176961
    0.1414017191
    0.1400718602
    0.1390406480
    0.1383169491
    0.1379072440
    0.1378160785
    0.1380454181
    0.1385931232
    0.1394508165
    0.1406013805
    0.1420161552
    0.1436533975
    0.1454562724
    0.1473487334
    0.1492256649
    0.1509371134
    0.1522805388
    0.1530271158
    0.1529972302
    0.1521518549
    0.1506253974
    0.1486669932
    0.1465423251
    0.1444654578
    0.1425815240
    0.1409803485
    0.1397166339
    0.1388244989
    0.1383260361
    0.1382342231
    0.1385526583
    0.1392727276
    0.1403682751
    0.1417895936
    0.1434569846
    0.1452522682
    0.1470059208
    0.1484839972
    0.1494030884
    0.1495145558
    0.1487389801
    0.1472353786
    0.1453253316
    0.1433485094
    0.1415703933
    0.1401686264
    0.1392544896
    0.1388940640
    0.1391167396
    0.1399100876
    0.1412041712
    0.1428479114
    0.1445806479
    0.1460123723
    0.1466768858
    0.1462538247
    0.1448456110
    0.1429620740
    0.1412154586
    0.1400871278
    0.1398727585
    0.1406609272
    0.1422294851
    0.1438519671
    0.1443080369
    0.1429524331
    0.1411995423
    0.1416919160
    0.1421157950
    0.1450326313
    0.1440306826
    0.1457282419
    0.1475084216
    0.1472569036
    0.1453742749
    0.1433280550
    0.1421280632
    0.1421524204
    0.1433790599
    0.1455203734
    0.1480168960
    0.1500608748
    0.1508910485
    0.1502587586
    0.1485202584
    0.1462769764
    0.1440589849
    0.1422333691
    0.1410159342
    0.1405095800
    0.1407454688
    0.1417118926
    0.1433615284
    0.1455943164
    0.1482169493
    0.1508953624
    0.1531537154
    0.1544950349
    0.1546294745
    0.1536178201
    0.1517812833
    0.1495013297
    0.1470989907
    0.1448143757
    0.1428193305
    0.1412281527
    0.1401077810
    0.1394907663
    0.1393890109
    0.1398043893
    0.1407349998
    0.1421753890
    0.1441105358
    0.1465017076
    0.1492613251
    0.1522179567
    0.1550846200
    0.1547396343
    0.1522711443
    0.1497285957
    0.1472621292
    0.1449865596
    0.1429888111
    0.1413290621
    0.1400432477
    0.1391487990
    0.1386511990
    0.1385506727
    0.1388467493
    0.1395410307
    0.1406384429
    0.1421463654
    0.1440714833
    0.1464136917
    0.1491539058
    0.1522333387
    0.1555233256
    0.1536415849
    0.1509619103
    0.1484062520
    0.1460455713
    0.1439379466
    0.1421253456
    0.1406332565
    0.1394734702
    0.1386483065
    0.1381550111
    0.1379896831
    0.1381497516
    0.1386356913
    0.1394521969
    0.1406081913
    0.1421168807
    0.1439945119
    0.1462581185
    0.1489208660
    0.1519823298
    0.1554107526
    0.1522667306
    0.1496087605
    0.1471524537
    0.1449424617
    0.1430110135
    0.1413767441
    0.1400467120
    0.1390200216
    0.1382913522
    0.1378537200
    0.1377011325
    0.1378299640
    0.1382397938
    0.1389343476
    0.1399214839
    0.1412135822
    0.1428275104
    0.1447845019
    0.1471096733
    0.1498302620
    0.1529710800
    0.1523302130
    0.1496400138
    0.1471831305
    0.1449929454
    0.1430893858
    0.1414802799
    0.1401646070
    0.1391358405
    0.1383847711
    0.1379021269
    0.1376800298
    0.1377131303
    0.1379992643
    0.1385398909
    0.1393403016
    0.1404098900
    0.1417622170
    0.1434154233
    0.1453927564
    0.1477228561
    0.1504403351
    0.1535850534
    0.1523663275
    0.1496407646
    0.1471855837
    0.1450225379
    0.1431598915
    0.1415956911
    0.1403216131
    0.1393262598
    0.1385973239
    0.1381236720
    0.1378962380
    0.1379087696
    0.1381583060
    0.1386453646
    0.1393738784
    0.1403516614
    0.1415902607
    0.1431053192
    0.1449171408
    0.1470514978
    0.1495407292
    0.1524254608
    0.1535311322
    0.1506594987
    0.1480939881
    0.1458481248
    0.1439219238
    0.1423064309
    0.1409879319
    0.1399509418
    0.1391802592
    0.1386625071
    0.1383869631
    0.1383459776
    0.1385352153
    0.1389538152
    0.1396042934
    0.1404927023
    0.1416285682
    0.1430250219
    0.1446991894
    0.1466728345
    0.1489732629
    0.1516353643
    0.1539130595
    0.1509684207
    0.1483810280
    0.1461489152
    0.1442594107
    0.1426943613
    0.1414335651
    0.1404575308
    0.1397486316
    0.1392924065
    0.1390776022
    0.1390966753
    0.1393455647
    0.1398238599
    0.1405345791
    0.1414841098
    0.1426822615
    0.1441421123
    0.1458804815
    0.1479182727
    0.1502814208
    0.1530027856
    0.1544019266
    0.1513918744
    0.1487927909
    0.1465857107
    0.1447455268
    0.1432453618
    0.1420595415
    0.1411652570
    0.1405433008
    0.1401785617
    0.1400600296
    0.1401807722
    0.1405378526
    0.1411319785
    0.1419675471
    0.1430522816
    0.1443972678
    0.1460166861
    0.1479281677
    0.1501529442
    0.1527169537
    0.1527631261
    0.1500421949
    0.1477603642
    0.1458806121
    0.1443675847
    0.1431899114
    0.1423208822
    0.1417391320
    0.1414282832
    0.1413770245
    0.1415787284
    0.1420311195
    0.1427359911
    0.1436991571
    0.1449297742
    0.1464404518
    0.1482468322
    0.1503674415
    0.1528239138
    0.1529878120
    0.1503689728
    0.1482206579
    0.1464950949
    0.1451510237
    0.1441542718
    0.1434778314
    0.1431012504
    0.1430103774
    0.1431966448
    0.1436568868
    0.1443927728
    0.1454104023
    0.1467199264
    0.1483350450
    0.1502726837
    0.1525522802
    0.1551954534
    0.1558390472
    0.1529174468
    0.1505459259
    0.1486610575
    0.1472101816
    0.1461510415
    0.1454510906
    0.1450865460
    0.1450414172
    0.1453068187
    0.1458803225
    0.1467653526
    0.1479707025
    0.1495097094
    0.1513999702
    0.1536620486
    0.1534096045
    0.1513085334
    0.1497133950
    0.1485709320
    0.1478413777
    0.1474965440
    0.1475184893
    0.1478983324
    0.1486354214
    0.1497364574
    0.1512148387
    0.1530897235
    0.1553850494
    0.1531876025
    0.1517858852
    0.1508835156
    0.1504423792
    0.1504386592
    0.1508611427
    0.1517096354
    0.1529942543
    0.1547340437
    0.1542348503
    0.1538763041
    0.1540467914
    0.1547383136
    0.1529289648
    0.1517085591
    0.1512418156
    0.1515024152
    0.1524990773
    0.1542761721
    0.1540933857
    0.1515975564
    0.1498393657
    0.1487367614
    0.1482378515
    0.1483174287
    0.1489753199
    0.1502359189
    0.1521499255
    0.1547973259
    0.1535909807
    0.1507842137
    0.1486714344
    0.1471613747
    0.1461898164
    0.1457152369
    0.1457161162
    0.1461890601
    0.1471488261
    0.1486285752
    0.1506817021
    0.1533848611
    0.1548547840
    0.1515041702
    0.1488702432
    0.1468454071
    0.1453494716
    0.1443244053
    0.1437304927
    0.1435441047
    0.1437558726
    0.1443700513
    0.1454045990
    0.1468917336
    0.1488794043
    0.1514333085
    0.1546397012
    0.1557612660
    0.1520729568
    0.1491103060
    0.1467599072
    0.1449347377
    0.1435689081
    0.1426140001
    0.1420362482
    0.1418146151
    0.1419395802
    0.1424123945
    0.1432450265
    0.1444604230
    0.1460932959
    0.1481912861
    0.1508163567
    0.1540469384
    0.1534363171
    0.1500866990
    0.1473723360
    0.1451995977
    0.1434952493
    0.1422029601
    0.1412806669
    0.1406982945
    0.1404363448
    0.1404849921
    0.1408432621
    0.1415190858
    0.1425290970
    0.1438993435
    0.1456657070
    0.1478747959
    0.1505850337
    0.1538672403
    0.1530116647
    0.1496690415
    0.1469299913
    0.1447090726
    0.1429376143
    0.1415616783
    0.1405395394
    0.1398404006
    0.1394428740
    0.1393340522
    0.1395089985
    0.1399703530
    0.1407281231
    0.1418000610
    0.1432118538
    0.1449974960
    0.1471998768
    0.1498711694
    0.1530726893
    0.1556356256
    0.1518169067
    0.1486400460
    0.1460178319
    0.1438770453
    0.1421574541
    0.1408106596
    0.1397988074
    0.1390932856
    0.1386739285
    0.1385280574
    0.1386501070
    0.1390414363
    0.1397099145
    0.1406702033
    0.1419438569
    0.1435595126
    0.1455532739
    0.1479686966
    0.1508565136
    0.1542736659
    0.1545539381
    0.1509137065
    0.1478640089
    0.1453321534
    0.1432549332
    0.1415790390
    0.1402607247
    0.1392653744
    0.1385663660
    0.1381447509
    0.1379885783
    0.1380923365
    0.1384569853
    0.1390896113
    0.1400035554
    0.1412185087
    0.1427605806
    0.1446623444
    0.1469629655
    0.1497075598
    0.1529462546
    0.1549081535
    0.1512266372
    0.1481164847
    0.1455155001
    0.1433666718
    0.1416200584
    0.1402335584
    0.1391728219
    0.1384111942
    0.1379289209
    0.1377131084
    0.1377572541
    0.1380609444
    0.1386299193
    0.1394759374
    0.1406167766
    0.1420764051
    0.1438849261
    0.1460783914
    0.1486984704
    0.1517916168
    0.1539169484
    0.1503994061
    0.1474195661
    0.1449252374
    0.1428669565
    0.1412003904
    0.1398876847
    0.1388978130
    0.1382067321
    0.1377970954
    0.1376581019
    0.1377853675
    0.1381807169
    0.1388520677
    0.1398135083
    0.1410853944
    0.1426941368
    0.1446722267
    0.1470579861
    0.1498950355
    0.1532314217
    0.1528885109
    0.1495316387
    0.1466912907
    0.1443220522
    0.1423799950
    0.1408254318
    0.1396242813
    0.1387489203
    0.1381784704
    0.1378987994
    0.1379024430
    0.1381886946
    0.1387633292
    0.1396387779
    0.1408340196
    0.1423745473
    0.1442923925
    0.1466257152
    0.1494187200
    0.1527211994
    0.1530589510
    0.1496767745
    0.1468176735
    0.1444406320
    0.1425048603
    0.1409727056
    0.1398117043
    0.1389957358
    0.1385056172
    0.1383294113
    0.1384624990
    0.1389076107
    0.1396749709
    0.1407821038
    0.1422538948
    0.1441226150
    0.1464273856
    0.1492144322
    0.1525366803
    0.1521660303
    0.1489114474
    0.1461898948
    0.1439625222
    0.1421910159
    0.1408408928
    0.1398832316
    0.1392963933
    0.1390666520
    0.1391886250
    0.1396657229
    0.1405100096
    0.1417421791
    0.1433917635
    0.1454964991
    0.1481021549
    0.1512624207
    0.1517426328
    0.1485476652
    0.1459199583
    0.1438223943
    0.1422189138
    0.1410780188
    0.1403752500
    0.1400951187
    0.1402321031
    0.1407913088
    0.1417886965
    0.1432509409
    0.1452148942
    0.1477268723
    0.1508412160
    0.1546184272
    0.1535197624
    0.1500084540
    0.1471447162
    0.1448968585
    0.1432315671
    0.1421190304
    0.1415374582
    0.1414764011
    0.1419382002
    0.1429392589
    0.1445093459
    0.1466902031
    0.1495324538
    0.1530896604
    0.1521117825
    0.1488662600
    0.1463680233
    0.1445961021
    0.1435285730
    0.1431514257
    0.1434649876
    0.1444868229
    0.1462505260
    0.1488000973
    0.1521767440
    0.1534775023
    0.1499814274
    0.1474363460
    0.1458657148
    0.1452786422
    0.1456910109
    0.1471329306
    0.1496381436
    0.1532048707
    0.1526096066
    0.1495781885
    0.1480339004
    0.1481154831
    0.1498991949
    0.1533274682
    0.1524751235
    0.1509420891
    0.1531825516
    0.1554421800
    0.1376128809
    0.1385736632
    0.1363718538
    0.1351496438
    0.1361072372
    0.1385499452
    0.1410895399
    0.1389046709
    0.1362109389
    0.1341323858
    0.1330761327
    0.1331407001
    0.1342685074
    0.1362971885
    0.1389504694
    0.1389352536
    0.1361772713
    0.1339134442
    0.1323001755
    0.1313927300
    0.1311976373
    0.1316997869
    0.1328701891
    0.1346607366
    0.1369920306
    0.1397380836
    0.1385041893
    0.1357967102
    0.1335483731
    0.1318100531
    0.1305942439
    0.1298963035
    0.1297068117
    0.1300167321
    0.1308184156
    0.1321031255
    0.1338557357
    0.1360476777
    0.1386297713
    0.1399411869
    0.1370560172
    0.1345782571
    0.1325319689
    0.1309172019
    0.1297233891
    0.1289370122
    0.1285463024
    0.1285430342
    0.1289234006
    0.1296872038
    0.1308360574
    0.1323705781
    0.1342864972
    0.1365700970
    0.1391942543
    0.1394132288
    0.1366222999
    0.1342302181
    0.1322301132
    0.1306068181
    0.1293426254
    0.1284209543
    0.1278281253
    0.1275543115
    0.1275942595
    0.1279468841
    0.1286150514
    0.1296044737
    0.1309220270
    0.1325737050
    0.1345616886
    0.1368810372
    0.1395170940
    0.1389183870
    0.1362328421
    0.1339271725
    0.1319809512
    0.1303726667
    0.1290819307
    0.1280910051
    0.1273854943
    0.1269547244
    0.1267920480
    0.1268947422
    0.1272640234
    0.1279046329
    0.1288241561
    0.1300322418
    0.1315389967
    0.1333532571
    0.1354801140
    0.1379182028
    0.1402035008
    0.1373975290
    0.1349649155
    0.1328794634
    0.1311163154
    0.1296530666
    0.1284701113
    0.1275510972
    0.1268830635
    0.1264565359
    0.1262656085
    0.1263079061
    0.1265845424
    0.1270999718
    0.1278616644
    0.1288797521
    0.1301661236
    0.1317333885
    0.1335933151
    0.1357548007
    0.1382213082
    0.1390384716
    0.1364384688
    0.1341838028
    0.1322469858
    0.1306036364
    0.1292326463
    0.1281159436
    0.1272386013
    0.1265889094
    0.1261581632
    0.1259410017
    0.1259351367
    0.1261414758
    0.1265640701
    0.1272099562
    0.1280889392
    0.1292132606
    0.1305969876
    0.1322550561
    0.1342018821
    0.1364493684
    0.1390045984
    0.1397835398
    0.1371473299
    0.1348478234
    0.1328571188
    0.1311507833
    0.1297076541
    0.1285095904
    0.1275413031
    0.1267904036
    0.1262474201
    0.1259057440
    0.1257616124
    0.1258142416
    0.1260658288
    0.1265214042
    0.1271889837
    0.1280793958
    0.1292059831
    0.1305844047
    0.1322317072
    0.1341654954
    0.1364021764
    0.1389546652
    0.1381886843
    0.1358103317
    0.1337377201
    0.1319466714
    0.1304159870
    0.1291272992
    0.1280648960
    0.1272157872
    0.1265695984
    0.1261186316
    0.1258578786
    0.1257851182
    0.1259009643
    0.1262087213
    0.1267147462
    0.1274281811
    0.1283611632
    0.1295285708
    0.1309478656
    0.1326386015
    0.1346215379
    0.1369173068
    0.1395442232
    0.1381252176
    0.1358102947
    0.1337898071
    0.1320414205
    0.1305453721
    0.1292842751
    0.1282432513
    0.1274098982
    0.1267743910
    0.1263293880
    0.1260702165
    0.1259949332
    0.1261042755
    0.1264018090
    0.1268940568
    0.1275904871
    0.1285037308
    0.1296493939
    0.1310463209
    0.1327160963
    0.1346826005
    0.1369710819
    0.1396064664
    0.1405231427
    0.1379723850
    0.1357311155
    0.1337765145
    0.1320877654
    0.1306461534
    0.1294352827
    0.1284409745
    0.1276515520
    0.1270579018
    0.1266533536
    0.1264340028
    0.1263986229
    0.1265488367
    0.1268891280
    0.1274271047
    0.1281734824
    0.1291424765
    0.1303516893
    0.1318224125
    0.1335793719
    0.1356505935
    0.1380665139
    0.1408586047
    0.1386205631
    0.1363538399
    0.1343778771
    0.1326720993
    0.1312177727
    0.1299982730
    0.1289993119
    0.1282090713
    0.1276183353
    0.1272206116
    0.1270120862
    0.1269919239
    0.1271621439
    0.1275279754
    0.1280978518
    0.1288838324
    0.1299016271
    0.1311709626
    0.1327158990
    0.1345648217
    0.1367504479
    0.1393094316
    0.1385186277
    0.1363238272
    0.1344220748
    0.1327927411
    0.1314172397
    0.1302792193
    0.1293648243
    0.1286630293
    0.1281656585
    0.1278674358
    0.1277661724
    0.1278629011
    0.1281618839
    0.1286710304
    0.1294019622
    0.1303705272
    0.1315969512
    0.1331064519
    0.1349294984
    0.1371021532
    0.1396662638
    0.1409531253
    0.1385071742
    0.1363849951
    0.1345635405
    0.1330214505
    0.1317397435
    0.1307021542
    0.1298954805
    0.1293096735
    0.1289379805
    0.1287770796
    0.1288270813
    0.1290919298
    0.1295794871
    0.1303017523
    0.1312755333
    0.1325227011
    0.1340708712
    0.1359540434
    0.1382131549
    0.1408966342
    0.1393664674
    0.1372137553
    0.1353827919
    0.1338499989
    0.1325949109
    0.1316002926
    0.1308527000
    0.1303423764
    0.1300635355
    0.1300143652
    0.1301972870
    0.1306192299
    0.1312918522
    0.1322321735
    0.1334629441
    0.1350136403
    0.1369211144
    0.1392306184
    0.1396072740
    0.1375395618
    0.1358128007
    0.1344017320
    0.1332852905
    0.1324468156
    0.1318742994
    0.1315603356
    0.1315025926
    0.1317035873
    0.1321713131
    0.1329194803
    0.1339682427
    0.1353448740
    0.1370847453
    0.1392325299
    0.1400919460
    0.1381203387
    0.1365162533
    0.1352528680
    0.1343092085
    0.1336700295
    0.1333260760
    0.1332741559
    0.1335174052
    0.1340654970
    0.1349354657
    0.1361522298
    0.1377496423
    0.1397719386
    0.1396601404
    0.1380605905
    0.1368469046
    0.1359963956
    0.1354941855
    0.1353331247
    0.1355141347
    0.1360463594
    0.1369480062
    0.1382470591
    0.1399824256
    0.1411372229
    0.1396477149
    0.1385993827
    0.1379705470
    0.1377500426
    0.1379372141
    0.1385424074
    0.1395875074
    0.1410048384
    0.1405796864
    0.1412646939
    0.1410753596
    0.1409328155
    0.1407626010
    0.1405838264
    0.1404744162
    0.1405749910
    0.1404234874
    0.1402595525
    0.1402746483
    0.1404680838
    0.1404421497
    0.1401881556
    0.1400889290
    0.1401408364
    0.1403375729
    0.1414360349
    0.1402615653
    0.1400778876
    0.1400259387
    0.1400948438
    0.1402763695
    0.1405678738
    0.1411563032
    0.1403676181
    0.1401660080
    0.1400808855
    0.1400958753
    0.1401976709
    0.1403797011
    0.1406432060
    0.1409061889
    0.1408817695
    0.1406457360
    0.1404065281
    0.1402802120
    0.1402460492
    0.1402834930
    0.1403774455
    0.1405212082
    0.1407174252
    0.1409764021
    0.1406132243
    0.1406090140
    0.1407087194
    0.1405735999
    0.1405291835
    0.1411056359
    0.1404531530
    0.1403441465
    0.1404031431
    0.1409633948
    0.1415429169
    0.1404617420
    0.1402379468
    0.1401563149
    0.1402241631
    0.1404444125
    0.1413637910
    0.1405137015
    0.1402431170
    0.1400882328
    0.1400580020
    0.1401588559
    0.1403940794
    0.1404291757
    0.1402073565
    0.1400814209
    0.1400595170
    0.1401484799
    0.1403528619
    0.1409353732
    0.1406482833
    0.1404216960
    0.1402643410
    0.1401842664
    0.1401891483
    0.1402859095
    0.1404798938
    0.1412351933
    0.1409902788
    0.1407804025
    0.1406126489
    0.1404939674
    0.1404317067
    0.1404335594
    0.1405072061
    0.1406592943
    0.1408939833
    0.1409911112
    0.1411819958
    0.1411671211
    0.1407954970
    0.1406847916
    0.1406611571
    0.1404554507
    0.1403610446
    0.1403624372
    0.1404412118
    0.1413952547
    0.1409969141
    0.1411395653
    0.1404862149
    0.1402562446
    0.1401469451
    0.1401445303
    0.1402323197
    0.1403929010
    0.1406098798
    0.1408688938
    0.1411580199
    0.1406385226
    0.1406681927
    0.1408137603
    0.1403663834
    0.1401362700
    0.1400367178
    0.1400554454
    0.1401772923
    0.1403860502
    0.1406660699
    0.1414250167
    0.1404922811
    0.1403831214
    0.1403445909
    0.1404019764
    0.1405778716
    0.1404593222
    0.1401854573
    0.1400560058
    0.1400623706
    0.1401917060
    0.1404287747
    0.1409908244
    0.1407304577
    0.1405023140
    0.1403159008
    0.1401868613
    0.1401353995
    0.1401835730
    0.1403517530
    0.1403121119
    0.1401720023
    0.1401835832
    0.1403362741
    0.1407641859
    0.1404721215
    0.1402432551
    0.1400910095
    0.1400328765
    0.1400876287
    0.1402717447
    0.1406297769
    0.1404131121
    0.1403635478
    0.1404770017
    0.1403832827
    0.1401642178
    0.1400536865
    0.1400675729
    0.1402193398
    0.1407430119
    0.1406252070
    0.1403531599
    0.1401905475
    0.1401696544
    0.1402998859
    0.1410339187
    0.1409219214
    0.1403767774
    0.1404022132
    0.1405919487
    0.1406431625
    0.1407087848
    0.1409392511
    0.1409704514
    0.1411167778
    0.1414420435
    0.1408706856
    0.1401169708
    0.1396563132
    0.1394888181
    0.1396173790
    0.1400484637
    0.1405492759
    0.1393115124
    0.1383276650
    0.1375955078
    0.1371136241
    0.1368820129
    0.1369027111
    0.1371799699
    0.1377205695
    0.1385335799
    0.1396304626
    0.1410242486
    0.1400284930
    0.1385924315
    0.1373772196
    0.1363822136
    0.1356063399
    0.1350486952
    0.1347090770
    0.1345885382
    0.1346896288
    0.1350165809
    0.1355753421
    0.1363734694
    0.1374198441
    0.1387240546
    0.1402953684
    0.1410839420
    0.1393725728
    0.1378522264
    0.1365253954
    0.1353931628
    0.1344556329
    0.1337124634
    0.1331632957
    0.1328082853
    0.1326483104
    0.1326853249
    0.1329225587
    0.1333643770
    0.1340163064
    0.1348847682
    0.1359766089
    0.1372982274
    0.1388547836
    0.1406484565
    0.1408622501
    0.1390935475
    0.1374948548
    0.1360688891
    0.1348175740
    0.1337420120
    0.1328426350
    0.1321195517
    0.1315726844
    0.1312024747
    0.1310096368
    0.1309958772
    0.1311635493
    0.1315160852
    0.1320575915
    0.1327928289
    0.1337266531
    0.1348636287
    0.1362069596
    0.1377575655
    0.1395125643
    0.1398732894
    0.1381280497
    0.1365425018
    0.1351175188
    0.1338542037
    0.1327534841
    0.1318159357
    0.1310419285
    0.1304316157
    0.1299853681
    0.1297038276
    0.1295880714
    0.1296398679
    0.1298616219
    0.1302563181
    0.1308274110
    0.1315784806
    0.1325128648
    0.1336329200
    0.1349392465
    0.1364298190
    0.1380986121
    0.1399349342
    0.1388269851
    0.1371067100
    0.1355428974
    0.1341340278
    0.1328797564
    0.1317803050
    0.1308359730
    0.1300470586
    0.1294138568
    0.1289367140
    0.1286162912
    0.1284535087
    0.1284498333
    0.1286071234
    0.1289277385
    0.1294143120
    0.1300694313
    0.1308954440
    0.1318936353
    0.1330637462
    0.1344031019
    0.1359058177
    0.1375620276
    0.1393576901
    0.1412746615
    0.1403485088
    0.1384259495
    0.1366700711
    0.1350734298
    0.1336317664
    0.1323427727
    0.1312055636
    0.1302198100
    0.1293855566
    0.1287030784
    0.1281727028
    0.1277949780
    0.1275707833
    0.1275012442
    0.1275879143
    0.1278326053
    0.1282373303
    0.1288040144
    0.1295341587
    0.1304283489
    0.1314856085
    0.1327028935
    0.1340741544
    0.1355901626
    0.1372382336
    0.1390028034
    0.1408668831
    0.1395018978
    0.1375774689
    0.1358241371
    0.1342337874
    0.1328010243
    0.1315225763
    0.1303967791
    0.1294228128
    0.1286006110
    0.1279302540
    0.1274122065
    0.1270471247
    0.1268358569
    0.1267795550
    0.1268796569
    0.1271376082
    0.1275550196
    0.1281329719
    0.1288718673
    0.1297709229
    0.1308273773
    0.1320361968
    0.1333894232
    0.1348761079
    0.1364828146
    0.1381945454
    0.1399967240
    0.1389939814
    0.1370454076
    0.1352695809
    0.1336605402
    0.1322135602
    0.1309253550
    0.1297940492
    0.1288187871
    0.1279993679
    0.1273361072
    0.1268294918
    0.1264803787
    0.1262897552
    0.1262587461
    0.1263886835
    0.1266806664
    0.1271356194
    0.1277536653
    0.1285337329
    0.1294730930
    0.1305666314
    0.1318065985
    0.1331823910
    0.1346809126
    0.1362876040
    0.1379877103
    0.1397680511
    0.1397577751
    0.1377029807
    0.1358103240
    0.1340841614
    0.1325245506
    0.1311304245
    0.1299006961
    0.1288348763
    0.1279331266
    0.1271959850
    0.1266243057
    0.1262191663
    0.1259816793
    0.1259131394
    0.1260146860
    0.1262871312
    0.1267307920
    0.1273447902
    0.1281267875
    0.1290721635
    0.1301735405
    0.1314206828
    0.1328003221
    0.1342970159
    0.1358939034
    0.1375738814
    0.1393196233
    0.1406789705
    0.1385972455
    0.1366181076
    0.1347765446
    0.1330912750
    0.1315718049
    0.1302230980
    0.1290479972
    0.1280486994
    0.1272271899
    0.1265853933
    0.1261252457
    0.1258484651
    0.1257566127
    0.1258508901
    0.1261317424
    0.1265985146
    0.1272487836
    0.1280776855
    0.1290773069
    0.1302361508
    0.1315390298
    0.1329673872
    0.1344997406
    0.1361121392
    0.1377767280
    0.1394581106
    0.1405525662
    0.1386451434
    0.1367254208
    0.1348741277
    0.1331435629
    0.1315657508
    0.1301599677
    0.1289381233
    0.1279082611
    0.1270762947
    0.1264468364
    0.1260237448
    0.1258099770
    0.1258075697
    0.1260172083
    0.1264376864
    0.1270651504
    0.1278920711
    0.1289065024
    0.1300911861
    0.1314233566
    0.1328747977
    0.1344110851
    0.1359897942
    0.1375556099
    0.1390333039
    0.1403221892
    0.1412989298
    0.1402272327
    0.1387841204
    0.1371069383
    0.1353368469
    0.1335865570
    0.1319362785
    0.1304392415
    0.1291298835
    0.1280309060
    0.1271578696
    0.1265219993
    0.1261312986
    0.1259911266
    0.1261039714
    0.1264686395
    0.1270791866
    0.1279232866
    0.1289807304
    0.1302221562
    0.1316076914
    0.1330855666
    0.1345884608
    0.1360278673
    0.1372886251
    0.1382318778
    0.1387176859
    0.1386471950
    0.1380055218
    0.1368748497
    0.1354061626
    0.1337707790
    0.1321204866
    0.1305708904
    0.1292027696
    0.1280704782
    0.1272106603
    0.1266481573
    0.1263988334
    0.1264705482
    0.1268619385
    0.1275602040
    0.1285378487
    0.1297489038
    0.1311252953
    0.1325719949
    0.1339610297
    0.1351282461
    0.1358866208
    0.1360729607
    0.1356177089
    0.1345900732
    0.1331753687
    0.1316025594
    0.1300791492
    0.1287631048
    0.1277642317
    0.1271550109
    0.1269783490
    0.1272495239
    0.1279513710
    0.1290247382
    0.1303559423
    0.1317633451
    0.1329904326
    0.1337312413
    0.1337316053
    0.1329442082
    0.1315939269
    0.1300683942
    0.1287521281
    0.1279367500
    0.1278006651
    0.1283926616
    0.1295817979
    0.1309762378
    0.1318941234
    0.1316567015
    0.1303223972
    0.1289692661
    0.1289571426
    0.1304048286
    0.1298449891
    0.1324901983
    0.1316769022
    0.1330371673
    0.1344495802
    0.1342593767
    0.1327600803
    0.1310970492
    0.1301059338
    0.1301182737
    0.1311137614
    0.1328319794
    0.1348002320
    0.1363924372
    0.1370535704
    0.1365973998
    0.1352621452
    0.1334873848
    0.1316920296
    0.1301859006
    0.1291628894
    0.1287224557
    0.1288974238
    0.1296750009
    0.1310030489
    0.1327803251
    0.1348339045
    0.1368984064
    0.1386300383
    0.1396889895
    0.1398718314
    0.1391946549
    0.1378530312
    0.1361110045
    0.1342158556
    0.1323679435
    0.1307184334
    0.1293735655
    0.1284011151
    0.1278385681
    0.1277026491
    0.1279970086
    0.1287166493
    0.1298487132
    0.1313680468
    0.1332282087
    0.1353465639
    0.1375863430
    0.1397449159
    0.1403346509
    0.1385050565
    0.1365414897
    0.1345762288
    0.1327138554
    0.1310357954
    0.1296022398
    0.1284540370
    0.1276157258
    0.1271000748
    0.1269123046
    0.1270537226
    0.1275241297
    0.1283227004
    0.1294476821
    0.1308942169
    0.1326499929
    0.1346883058
    0.1369568376
    0.1393637644
    0.1401487789
    0.1380730718
    0.1360255862
    0.1340741621
    0.1322751496
    0.1306730708
    0.1293004477
    0.1281783933
    0.1273187347
    0.1267267470
    0.1264036412
    0.1263490565
    0.1265624338
    0.1270442850
    0.1277964605
    0.1288220218
    0.1301246884
    0.1317070581
    0.1335680147
    0.1356979728
    0.1380710341
    0.1406341157
    0.1401826633
    0.1380279413
    0.1359594749
    0.1340206061
    0.1322482901
    0.1306714546
    0.1293101620
    0.1281764943
    0.1272761147
    0.1266102276
    0.1261776260
    0.1259761361
    0.1260039347
    0.1262603528
    0.1267462634
    0.1274645616
    0.1284199124
    0.1296187484
    0.1310686886
    0.1327775063
    0.1347516152
    0.1369925612
    0.1394917359
    0.1398317651
    0.1376538292
    0.1355989576
    0.1336991950
    0.1319803815
    0.1304609110
    0.1291518853
    0.1280584636
    0.1271812127
    0.1265181155
    0.1260657078
    0.1258204726
    0.1257795457
    0.1259412976
    0.1263058521
    0.1268750849
    0.1276528824
    0.1286451616
    0.1298597187
    0.1313062494
    0.1329959069
    0.1349407298
    0.1371523418
    0.1396389660
    0.1404025463
    0.1381644975
    0.1360659878
    0.1341344576
    0.1323905405
    0.1308474427
    0.1295118531
    0.1283853478
    0.1274658391
    0.1267492945
    0.1262308222
    0.1259055979
    0.1257696570
    0.1258202295
    0.1260561562
    0.1264779936
    0.1270881568
    0.1278909331
    0.1288925920
    0.1301013906
    0.1315276763
    0.1331837977
    0.1350843421
    0.1372456152
    0.1396849119
    0.1408194383
    0.1385196888
    0.1363814933
    0.1344282044
    0.1326750680
    0.1311300389
    0.1297951651
    0.1286682514
    0.1277445582
    0.1270179521
    0.1264821652
    0.1261313719
    0.1259607468
    0.1259668581
    0.1261478098
    0.1265034158
    0.1270352878
    0.1277467304
    0.1286429645
    0.1297310029
    0.1310198863
    0.1325207675
    0.1342471613
    0.1362152889
    0.1384442663
    0.1397702506
    0.1375137518
    0.1354584853
    0.1336169316
    0.1319939342
    0.1305885038
    0.1293959459
    0.1284093087
    0.1276207388
    0.1270224539
    0.1266073968
    0.1263696781
    0.1263047777
    0.1264098734
    0.1266837479
    0.1271269639
    0.1277417713
    0.1285321107
    0.1295037140
    0.1306640713
    0.1320224898
    0.1335904926
    0.1353819733
    0.1374138726
    0.1397066481
    0.1406218875
    0.1382708671
    0.1361475267
    0.1342587820
    0.1326042282
    0.1311784566
    0.1299732025
    0.1289787859
    0.1281854040
    0.1275838292
    0.1271659951
    0.1269252813
    0.1268566842
    0.1269569771
    0.1272246620
    0.1276599887
    0.1282649527
    0.1290430929
    0.1299997645
    0.1311418731
    0.1324780434
    0.1340188191
    0.1357768220
    0.1377674630
    0.1400094101
    0.1395173359
    0.1372755840
    0.1352940082
    0.1335671631
    0.1320853261
    0.1308366479
    0.1298086910
    0.1289895052
    0.1283682456
    0.1279356124
    0.1276841564
    0.1276082405
    0.1277041682
    0.1279700672
    0.1284060008
    0.1290136487
    0.1297965183
    0.1307596111
    0.1319096127
    0.1332546485
    0.1348045364
    0.1365709402
    0.1385676474
    0.1397685113
    0.1375299404
    0.1355784387
    0.1339006639
    0.1324809959
    0.1313036001
    0.1303534152
    0.1296169117
    0.1290825033
    0.1287407043
    0.1285842638
    0.1286080844
    0.1288091409
    0.1291864998
    0.1297410981
    0.1304756833
    0.1313947175
    0.1325042304
    0.1338116618
    0.1353259480
    0.1370574571
    0.1390180409
    0.1398381435
    0.1376578804
    0.1357878269
    0.1342072095
    0.1328956363
    0.1318341594
    0.1310060864
    0.1303972613
    0.1299962519
    0.1297941002
    0.1297845772
    0.1299638281
    0.1303303217
    0.1308846755
    0.1316295380
    0.1325693523
    0.1337102141
    0.1350597009
    0.1366267091
    0.1384211957
    0.1404543136
    0.1405590940
    0.1383859343
    0.1365491275
    0.1350217955
    0.1337794790
    0.1328007002
    0.1320673545
    0.1315648308
    0.1312817401
    0.1312098858
    0.1313439953
    0.1316816010
    0.1322227679
    0.1329699235
    0.1339275429
    0.1351020260
    0.1365013392
    0.1381347318
    0.1400122573
    0.1404487853
    0.1384626221
    0.1368252746
    0.1355063936
    0.1344801770
    0.1337252761
    0.1332248541
    0.1329661814
    0.1329403832
    0.1331421353
    0.1335693976
    0.1342231824
    0.1351071364
    0.1362273589
    0.1375919028
    0.1392105299
    0.1410939122
    0.1404626005
    0.1387375553
    0.1373695766
    0.1363281439
    0.1355889621
    0.1351331577
    0.1349472178
    0.1350223090
    0.1353539111
    0.1359414698
    0.1367879860
    0.1378996524
    0.1392853577
    0.1409561236
    0.1398495261
    0.1387095307
    0.1379177764
    0.1374519294
    0.1372963651
    0.1374415313
    0.1378833972
    0.1386228060
    0.1396652223
    0.1410199139
    0.1403897677
    0.1400576823
    0.1400850777
    0.1404647833
    0.1411964732
    0.1402220606
    0.1403727686
    0.1402808641
    0.1388333428
    0.1379186933
    0.1375056630
    0.1375788252
    0.1381381918
    0.1391992182
    0.1407931269
    0.1399737384
    0.1380890913
    0.1366985906
    0.1357590513
    0.1352408400
    0.1351266815
    0.1354111447
    0.1361003024
    0.1372118373
    0.1387756021
    0.1408343127
    0.1399182524
    0.1377322218
    0.1360196503
    0.1347311684
    0.1338294602
    0.1332882927
    0.1330912058
    0.1332310622
    0.1337096171
    0.1345374109
    0.1357341211
    0.1373289792
    0.1393615718
    0.1412893472
    0.1386485319
    0.1364973998
    0.1347776150
    0.1334428591
    0.1324573769
    0.1317946353
    0.1314365550
    0.1313726390
    0.1315996144
    0.1321211281
    0.1329479203
    0.1340978320
    0.1355963337
    0.1374770987
    0.1397824086
    0.1396858547
    0.1371971888
    0.1351503703
    0.1334938149
    0.1321860563
    0.1311945501
    0.1304945662
    0.1300685746
    0.1299053162
    0.1299995617
    0.1303518380
    0.1309683433
    0.1318609184
    0.1330474033
    0.1345518175
    0.1364048314
    0.1386440682
    0.1389815541
    0.1365125034
    0.1344594091
    0.1327743517
    0.1314182273
    0.1303595634
    0.1295739383
    0.1290430311
    0.1287541705
    0.1286999532
    0.1288778180
    0.1292899863
    0.1299434320
    0.1308499046
    0.1320261480
    0.1334939997
    0.1352807271
    0.1374191969
    0.1399477856
    0.1402710796
    0.1375344183
    0.1352251859
    0.1332942699
    0.1317001494
    0.1304085353
    0.1293915731
    0.1286273326
    0.1280991307
    0.1277952486
    0.1277084122
    0.1278356411
    0.1281781166
    0.1287411446
    0.1295339963
    0.1305702527
    0.1318677757
    0.1334487639
    0.1353400343
    0.1375726878
    0.1401819273
    0.1389423766
    0.1363677420
    0.1341845918
    0.1323506018
    0.1308295992
    0.1295911597
    0.1286104038
    0.1278674312
    0.1273470277
    0.1270382877
    0.1269342571
    0.1270319218
    0.1273318618
    0.1278383833
    0.1285593832
    0.1295064103
    0.1306947607
    0.1321435093
    0.1338755251
    0.1359172640
    0.1382984620
    0.1410512465
    0.1388926877
    0.1363006910
    0.1340870759
    0.1322135694
    0.1306465291
    0.1293570359
    0.1283208222
    0.1275182189
    0.1269337319
    0.1265558303
    0.1263767653
    0.1263923098
    0.1266017232
    0.1270075484
    0.1276157570
    0.1284356051
    0.1294796884
    0.1307639730
    0.1323077760
    0.1341335830
    0.1362667120
    0.1387348046
    0.1412315151
    0.1383132224
    0.1357898019
    0.1336257555
    0.1317875697
    0.1302450670
    0.1289718351
    0.1279455244
    0.1271475964
    0.1265635068
    0.1261821937
    0.1259962096
    0.1260014542
    0.1261970837
    0.1265854372
    0.1271720208
    0.1279655436
    0.1289778037
    0.1302236868
    0.1317212211
    0.1334911849
    0.1355569279
    0.1379436673
    0.1406776591
    0.1411062098
    0.1382119219
    0.1356967904
    0.1335307871
    0.1316843770
    0.1301300852
    0.1288433257
    0.1278028497
    0.1269909380
    0.1263932939
    0.1259992442
    0.1258013556
    0.1257954847
    0.1259807610
    0.1263593989
    0.1269366867
    0.1277211225
    0.1287241111
    0.1299601626
    0.1314466170
    0.1332035382
    0.1352532971
    0.1376199359
    0.1403284341
    0.1396389420
    0.1369377476
    0.1345926632
    0.1325778452
    0.1308676323
    0.1294378160
    0.1282668088
    0.1273359809
    0.1266298669
    0.1261364658
    0.1258469852
    0.1257559949
    0.1258612942
    0.1261639391
    0.1266680947
    0.1273811102
    0.1283134914
    0.1294786403
    0.1308929958
    0.1325757220
    0.1345482720
    0.1368341056
    0.1394579713
    0.1381134955
    0.1356109661
    0.1334487000
    0.1316035465
    0.1300526833
    0.1287747883
    0.1277508844
    0.1269648963
    0.1264040126
    0.1260586552
    0.1259227604
    0.1259934606
    0.1262714487
    0.1267606799
    0.1274684255
    0.1284052779
    0.1295849329
    0.1310241968
    0.1327426301
    0.1347622590
    0.1371072006
    0.1398030986
    0.1403991475
    0.1376047445
    0.1351694135
    0.1330741368
    0.1312979534
    0.1298197886
    0.1286200309
    0.1276812411
    0.1269889687
    0.1265320207
    0.1263026794
    0.1262969541
    0.1265143444
    0.1269581513
    0.1276352989
    0.1285561962
    0.1297348757
    0.1311885151
    0.1329374196
    0.1350045853
    0.1374151778
    0.1401963195
    0.1392589784
    0.1366016679
    0.1343063334
    0.1323548194
    0.1307275039
    0.1294050036
    0.1283695649
    0.1276061085
    0.1271028424
    0.1268515712
    0.1268482560
    0.1270927639
    0.1275892820
    0.1283459905
    0.1293751341
    0.1306928116
    0.1323185965
    0.1342753396
    0.1365884171
    0.1392853155
    0.1389297108
    0.1363071685
    0.1340640257
    0.1321835973
    0.1306476014
    0.1294381793
    0.1285392023
    0.1279377692
    0.1276247582
    0.1275954886
    0.1278500558
    0.1283933104
    0.1292349889
    0.1303894122
    0.1318751320
    0.1337144784
    0.1359326239
    0.1385566637
    0.1380291124
    0.1355326807
    0.1334429936
    0.1317450010
    0.1304223883
    0.1294596641
    0.1288443493
    0.1285680723
    0.1286276416
    0.1290256445
    0.1297703056
    0.1308755171
    0.1323601378
    0.1342468437
    0.1365607180
    0.1393264629
    0.1380984443
    0.1356021378
    0.1335644818
    0.1319755091
    0.1308226807
    0.1300947130
    0.1297841278
    0.1298891476
    0.1304147635
    0.1313726742
    0.1327805265
    0.1346597370
    0.1370320051
    0.1399133041
    0.1380727245
    0.1356207986
    0.1337143500
    0.1323542609
    0.1315370268
    0.1312605775
    0.1315282852
    0.1323505531
    0.1337434024
    0.1357241137
    0.1383013900
    0.1414585692
    0.1398756904
    0.1371167415
    0.1350403252
    0.1336878682
    0.1330814249
    0.1332372109
    0.1341714076
    0.1358956148
    0.1383974683
    0.1398203611
    0.1372039411
    0.1356113316
    0.1351728825
    0.1359575848
    0.1379643406
    0.1410337734
    0.1402262776
    0.1379553449
    0.1378914789
    0.1402931273
    0.1406391392
