1 10 7
2 -1 -6
3 5 4
4 3 5
5 15 3
6 11 8
7 12 9
8 13 9
9 -7 -8
10 1 7
11 6 8
12 7 9
13 8 9
14 -28 -29
15 5 -16 -17
16 21 18
17 22 19
18 23 20
19 24 20
20 -18 -19
21 16 18
22 17 19
23 18 20
24 19 20
25 20 0
26 5 27
27 5 26
28 14 29
29 14 28

A
1 2.06451177
6 2.06451177
2 2.06451177
3 1.184660182
4 0.457302014
5 1.414989451
7 2.06451177
8 2.06451177
9 2.06451177
10 0.431753012
11 0.431753012
12 0.431753012
13 0.431753012
14 1.184660182
15 2.06451177
16 2.06451177
17 2.06451177
18 2.06451177
19 2.06451177
20 2.06451177
21 0.431753012
22 0.431753012
23 0.431753012
24 0.431753012
25 0.431753012
26 0.480338826
27 0.480338826
28 0.457302014
29 0.457302014

2
N
Y
