   -0.0221541222
   -0.0215184650
   -0.0225417890
   -0.0212610602
   -0.0202450914
   -0.0200527182
   -0.0209310124
   -0.0243490661
   -0.0231815613
   -0.0204381704
   -0.0192643269
   -0.0185224807
   -0.0184473085
   -0.0192222141
   -0.0208582434
   -0.0179982440
   -0.0170793973
   -0.0165979995
   -0.0166982990
   -0.0175405395
   -0.0192682307
   -0.0218591925
   -0.0151085654
   -0.0146010240
   -0.0145375171
   -0.0150538309
   -0.0163389140
   -0.0186121894
   -0.0220165318
   -0.0129737244
   -0.0124303105
   -0.0122055019
   -0.0124016091
   -0.0131832468
   -0.0147863251
   -0.0175184825
   -0.0217199952
   -0.0103852418
   -0.0099175243
   -0.0096739446
   -0.0097523782
   -0.0103142637
   -0.0115881474
   -0.0138845399
   -0.0176379655
   -0.0076909449
   -0.0072628598
   -0.0069459316
   -0.0068400429
   -0.0125910905
   -0.0050468675
   -0.0046893162
   -0.0042773873
   -0.0019937835
    0.0007523844
    0.0003920370
   -0.0020020414
   -0.0008133852
    0.0065909881
   -0.0236964437
   -0.0046917046
   -0.0032327777
   -0.0019216139
    0.0013564992
    0.0023327929
    0.0029121947
    0.0023305780
   -0.0000415233
   -0.0192678765
   -0.0213052463
   -0.0070560750
   -0.0053523746
   -0.0039544724
   -0.0028211817
   -0.0019560986
   -0.0015063227
   -0.0019269755
   -0.0037632137
   -0.0069859081
   -0.0108542333
   -0.0145270048
   -0.0174746124
   -0.0194947643
   -0.0103538846
   -0.0081548967
   -0.0065023013
   -0.0054065419
   -0.0050274278
   -0.0057934111
   -0.0080756707
   -0.0114336740
   -0.0147597558
   -0.0171138198
   -0.0179453783
   -0.0144977755
   -0.0116282519
   -0.0093252640
   -0.0081475906
   -0.0087049487
   -0.0113449218
   -0.0144453180
   -0.0151923980
   -0.0126665761
   -0.0108140127
   -0.0124633225
   -0.0184931158
   -0.0189356352
   -0.0172751761
   -0.0207712488
   -0.0206299755
   -0.0202423074
   -0.0194443343
   -0.0174137914
   -0.0144744110
   -0.0220997623
   -0.0217757899
   -0.0214482638
   -0.0213226246
   -0.0213562103
   -0.0208126404
   -0.0231690473
   -0.0227484903
   -0.0222876988
   -0.0220100175
   -0.0222304994
   -0.0229752749
   -0.0224887132
   -0.0235587267
   -0.0043647497
   -0.0079086321
   -0.0032663420
   -0.0065926734
   -0.0101538368
   -0.0137874281
   -0.0221783951
   -0.0236719969
   -0.0024033856
   -0.0059184355
   -0.0094952845
   -0.0130886118
   -0.0163600743
   -0.0189560091
   -0.0207237564
   -0.0036188957
   -0.0072025805
   -0.0109695806
   -0.0144706770
   -0.0170737229
   -0.0056928877
   -0.0051426855
   -0.0079775444
   -0.0120309546
   -0.0147439583
   -0.0089430280
   -0.0111719654
   -0.0167262376
   -0.0183280403
   -0.0199213224
   -0.0198777384
   -0.0183475459
   -0.0219767909
   -0.0222704029
   -0.0218580855
   -0.0207659535
   -0.0190466118
   -0.0236230294
   -0.0232955296
   -0.0225714894
   -0.0214878084
   -0.0240199875
   -0.0234330207
   -0.0225612676
   -0.0213713874
   -0.0234355814
   -0.0226173584
   -0.0215356417
   -0.0214001791
   -0.0203168184
   -0.0187608344
   -0.0182178576
   -0.0168379458
   -0.0144576377
   -0.0130472256
   -0.0096092545
   -0.0043414817
    0.0006977475
    0.0020755689
   -0.0008032249
    0.0071545067
    0.0099502216
    0.0118651410
    0.0114152566
    0.0130127136
    0.0123769428
    0.0118886941
    0.0111278045
    0.0131164601
    0.0126199427
    0.0118987509
    0.0106778294
    0.0087161724
    0.0131008570
    0.0130899747
    0.0127820298
    0.0121009526
    0.0109032117
    0.0090751176
    0.0066479075
    0.0123230637
    0.0126868733
    0.0125009442
    0.0117851197
    0.0105070714
    0.0087009652
    0.0065664033
    0.0044833453
    0.0029020721
    0.0021618736
    0.0023429372
    0.0032080069
    0.0101529912
    0.0115788502
    0.0121236555
    0.0119538293
    0.0111514866
    0.0098085733
    0.0081381798
    0.0065030127
    0.0053019413
    0.0047706115
    0.0048332598
    0.0051025443
    0.0050513609
    0.0042809482
    0.0027397188
    0.0007758679
    0.0057456135
    0.0085778474
    0.0104656538
    0.0113367662
    0.0113142812
    0.0105586921
    0.0093128356
    0.0079583809
    0.0069019901
    0.0063188439
    0.0059936128
    0.0054626143
    0.0044051725
    0.0029730929
    0.0017686902
    0.0015060301
    0.0026218441
    0.0049337067
    0.0075801402
    0.0095900080
    0.0104922886
    0.0103136121
    0.0093832252
    0.0082371543
    0.0073035985
    0.0065029447
    0.0054882274
    0.0044655966
    0.0043689060
    0.0058311068
    0.0080530066
    0.0094007523
    0.0091846151
    0.0080641104
    0.0068457463
    0.0063239623
    0.0081244056
    0.0076965933
   -0.0129075149
   -0.0128543171
   -0.0167618491
   -0.0159762862
    0.0099446620
    0.0100648849
    0.0107969770
    0.0102215240
    0.0105141198
    0.0023514043
    0.0003074295
    0.0024164652
    0.0041441203
    0.0036622856
    0.0034098950
   -0.0130983275
   -0.0139646064
   -0.0119560755
   -0.0106626510
   -0.0114247036
   -0.0134383268
   -0.0154601963
   -0.0164610787
   -0.0160475169
   -0.0142007411
   -0.0114625214
   -0.0090920921
   -0.0079910740
   -0.0081025472
   -0.0091245019
   -0.0108523376
   -0.0171415335
   -0.0182306180
   -0.0185285896
   -0.0179923870
   -0.0164645887
   -0.0138679897
   -0.0105636737
   -0.0075097030
   -0.0056223905
   -0.0049569753
   -0.0050924233
   -0.0057649298
   -0.0068771607
   -0.0084125742
   -0.0198877706
   -0.0203638172
   -0.0203553688
   -0.0197534705
   -0.0183485993
   -0.0159015926
   -0.0123270655
   -0.0015672180
   -0.0020655435
   -0.0028044530
   -0.0037666024
   -0.0049413534
   -0.0221689008
   -0.0222952920
   -0.0013918167
   -0.0024376352
   -0.0240004673
    0.0008957798
    0.0000702806
    0.0028013446
   -0.0006463191
   -0.0031126930
   -0.0032629215
   -0.0047661817
   -0.0062304357
   -0.0031837433
   -0.0048703015
   -0.0064644569
   -0.0080619172
   -0.0097344825
   -0.0040849142
   -0.0059428087
   -0.0076321264
   -0.0093045758
   -0.0110648544
   -0.0130015109
   -0.0057201854
   -0.0074887324
   -0.0091995641
   -0.0109321127
   -0.0127877749
   -0.0148571499
   -0.0074759196
   -0.0088175181
   -0.0103908674
   -0.0121074231
   -0.0140012965
   -0.0161402521
   -0.0107602513
   -0.0119871208
   -0.0136095663
   -0.0155606905
   -0.0178320727
   -0.0203490381
   -0.0134031753
   -0.0143840743
   -0.0161123507
   -0.0183851013
   -0.0208918205
   -0.0230023151
   -0.0239853292
   -0.0164373199
   -0.0183469350
   -0.0209032045
   -0.0215580370
   -0.0196237786
   -0.0183006087
   -0.0180908902
   -0.0201973300
   -0.0143192472
   -0.0148845063
   -0.0168475032
   -0.0193726786
   -0.0216332401
   -0.0229927125
   -0.0110994934
   -0.0117966401
   -0.0134070510
   -0.0155931902
   -0.0181164066
   -0.0077950552
   -0.0088379068
   -0.0104658383
   -0.0124560834
   -0.0147180498
   -0.0172159111
   -0.0038587252
   -0.0049510866
   -0.0065445485
   -0.0083831810
   -0.0103682083
   -0.0124975200
   -0.0148101447
    0.0008854847
   -0.0003751665
   -0.0021345428
   -0.0040477182
   -0.0059824637
   -0.0079210198
   -0.0098985420
   -0.0119775170
    0.0044538106
    0.0021498162
   -0.0000785418
   -0.0021571199
   -0.0041099502
   -0.0059819146
   -0.0078236105
   -0.0096984497
    0.0074682519
    0.0046335167
    0.0022248982
    0.0001070337
   -0.0018229578
   -0.0036207018
   -0.0053197402
   -0.0069603050
   -0.0018677378
   -0.0033674947
   -0.0012705031
    0.0023979671
   -0.0121601615
   -0.0074703608
   -0.0018478163
   -0.0028774365
   -0.0245415715
   -0.0176406300
   -0.0131460600
   -0.0092658529
   -0.0063740603
   -0.0038916479
   -0.0047659653
   -0.0059302730
   -0.0225444220
   -0.0231655138
   -0.0235133641
   -0.0224999309
   -0.0205016733
   -0.0173781184
   -0.0138005684
   -0.0105948140
   -0.0082476811
   -0.0068967335
   -0.0064842995
   -0.0068444361
   -0.0077936261
   -0.0092202369
   -0.0207068219
   -0.0214569370
   -0.0217550629
   -0.0215651179
   -0.0207015354
   -0.0188810944
   -0.0161585382
   -0.0132104297
   -0.0108558286
   -0.0095498740
   -0.0093579261
   -0.0101275914
   -0.0116563034
   -0.0137113187
   -0.0179391203
   -0.0193218948
   -0.0199462748
   -0.0197292476
   -0.0184788026
   -0.0161852488
   -0.0136443348
   -0.0120676578
   -0.0120766022
   -0.0135353181
   -0.0157606310
   -0.0176356789
   -0.0181034533
   -0.0165683097
   -0.0142992059
   -0.0152201022
   -0.0157464517
   -0.0115128419
   -0.0129059806
   -0.0127888825
   -0.0104821882
   -0.0085506311
   -0.0082602128
   -0.0098715466
   -0.0125829951
   -0.0149454271
   -0.0159280474
   -0.0151714014
   -0.0130345828
   -0.0104064286
   -0.0080407147
   -0.0062704744
   -0.0052432881
   -0.0051626029
   -0.0062928797
   -0.0086240915
   -0.0116155654
   -0.0145300108
   -0.0168089768
   -0.0181401625
   -0.0072755180
   -0.0053210249
   -0.0037492035
   -0.0025654623
   -0.0018423331
   -0.0017666105
   -0.0026608497
   -0.0047241243
   -0.0076990831
   -0.0110290031
   -0.0142289082
   -0.0169578951
   -0.0190140455
   -0.0203238207
   -0.0053867146
   -0.0035855258
   -0.0020100921
   -0.0006261941
    0.0014772031
    0.0020907355
    0.0020963146
    0.0010255149
   -0.0013622049
   -0.0203951767
   -0.0219610884
   -0.0020826200
   -0.0005965157
    0.0066677318
    0.0070874719
   -0.0000749645
    0.0021273695
   -0.0007320920
   -0.0039042274
   -0.0035373369
   -0.0069560265
   -0.0064707832
   -0.0060301781
   -0.0056964940
   -0.0111477131
   -0.0096980927
   -0.0091736545
   -0.0088342549
   -0.0087499197
   -0.0090478244
   -0.0099140102
   -0.0116170780
   -0.0145742467
   -0.0122812065
   -0.0117781933
   -0.0115880625
   -0.0118019649
   -0.0125807906
   -0.0141713139
   -0.0169334506
   -0.0150433260
   -0.0144052122
   -0.0141755573
   -0.0144498111
   -0.0153931534
   -0.0172512921
   -0.0203223089
   -0.0177451468
   -0.0168939760
   -0.0165278482
   -0.0167687552
   -0.0177847745
   -0.0197786352
   -0.0228553686
   -0.0199427503
   -0.0189941488
   -0.0186276961
   -0.0190472865
   -0.0204317928
   -0.0227927653
   -0.0224434874
   -0.0212252101
   -0.0205315444
   -0.0207843857
   -0.0222032705
   -0.0238846379
   -0.0225605057
   -0.0221673473
   -0.0235271103
   -0.0242486378
   -0.0239368039
   -0.0114681431
   -0.0123943524
   -0.0067775472
   -0.0073430999
   -0.0097092761
   -0.0128872325
   -0.0158053140
   -0.0026936424
   -0.0032110998
   -0.0048389520
   -0.0071252890
   -0.0100414114
   -0.0133240065
   -0.0164215787
   -0.0188701081
    0.0014574143
   -0.0028807223
   -0.0050414589
   -0.0077771661
   -0.0110520456
   -0.0145156457
   -0.0177140102
   -0.0203022720
   -0.0222007650
   -0.0015719222
   -0.0038057608
   -0.0067484570
   -0.0102596538
   -0.0016423745
   -0.0048720447
    0.0001487515
   -0.0245357759
   -0.0239416176
   -0.0249050426
   -0.0270764801
   -0.0247077093
   -0.0243501688
   -0.0240638569
   -0.0242132563
   -0.0252224642
   -0.0270189872
   -0.0224768893
   -0.0239845056
   -0.0240098339
   -0.0246423022
   -0.0256628120
   -0.0256575810
   -0.0237621123
   -0.0236715884
   -0.0239188963
   -0.0241567351
   -0.0228457021
   -0.0232244051
   -0.0075480890
   -0.0084307181
   -0.0048750557
   -0.0043742550
   -0.0044515611
   -0.0052087891
   -0.0068769972
   -0.0099184796
   -0.0028764142
   -0.0021012204
   -0.0016629874
   -0.0015762604
   -0.0018978086
   -0.0027403544
   -0.0043264128
   -0.0071173169
   -0.0008628264
   -0.0001766902
    0.0003443157
    0.0006873617
    0.0008231134
    0.0007119229
    0.0002973448
   -0.0005187339
   -0.0019400740
   -0.0044341816
    0.0012557256
    0.0015924177
    0.0019715779
    0.0023315908
    0.0026223724
    0.0028042557
    0.0028471980
    0.0027273721
    0.0024183916
    0.0018691151
    0.0009422748
    0.0035535332
    0.0034586203
    0.0036032388
    0.0038492687
    0.0041128312
    0.0043414978
    0.0045061314
    0.0045974036
    0.0046242082
    0.0046118987
    0.0045945159
    0.0045815065
    0.0049444217
    0.0048073134
    0.0049184373
    0.0051409319
    0.0053967403
    0.0056445618
    0.0058720953
    0.0060949078
    0.0063606832
    0.0067600236
    0.0074480419
    0.0057541448
    0.0056044712
    0.0057147834
    0.0059493690
    0.0062344352
    0.0065365818
    0.0068561842
    0.0072292430
    0.0077382249
    0.0085384121
    0.0099210336
    0.0061207754
    0.0059188205
    0.0060188609
    0.0062711222
    0.0065953525
    0.0069563330
    0.0073568971
    0.0078411190
    0.0085088956
    0.0095516413
    0.0113382777
    0.0060619450
    0.0057321556
    0.0057865349
    0.0060436930
    0.0064034162
    0.0068151752
    0.0072691480
    0.0077979339
    0.0084889295
    0.0095145804
    0.0112001224
    0.0048375917
    0.0051058754
    0.0055069809
    0.0059769375
    0.0064819797
    0.0070236364
    0.0076477300
    0.0084617977
    0.0096691005
    0.0116311587
    0.0033219316
    0.0040228010
    0.0046915537
    0.0053409667
    0.0059798464
    0.0066425634
    0.0074112324
    0.0084395307
    0.0099775110
    0.0123618397
    0.0012994368
    0.0025679263
    0.0035841219
    0.0044552623
    0.0052472880
    0.0060390867
    0.0069523307
    0.0081478653
    0.0097272243
    0.0002495491
    0.0018294153
    0.0030321884
    0.0040057346
    0.0048654175
    0.0057013881
    0.0064426552
    0.0000568677
    0.0016066065
    0.0026430684
    0.0031990067
   -0.0005002747
    0.0003620119
   -0.0012227683
    0.0020492907
    0.0012965055
   -0.0001560604
    0.0047319357
    0.0039191366
    0.0029456202
    0.0016557618
   -0.0001269543
    0.0063263883
    0.0055076971
    0.0046607004
    0.0036861710
    0.0024985139
    0.0082080597
    0.0073627756
    0.0066287750
    0.0058957769
    0.0051352175
    0.0043339561
    0.0034378585
    0.0089972775
    0.0082532665
    0.0075794592
    0.0069323210
    0.0063233856
    0.0057923409
    0.0053911439
    0.0098936179
    0.0091624788
    0.0084964154
    0.0078668292
    0.0072916060
    0.0068227606
    0.0065520294
    0.0066321656
    0.0102590346
    0.0095421787
    0.0088622841
    0.0082181753
    0.0076362693
    0.0071734155
    0.0069329229
    0.0071036065
    0.0110249116
    0.0102290648
    0.0094754092
    0.0087519812
    0.0080691731
    0.0074566064
    0.0069740270
    0.0067326845
    0.0069461568
    0.0098130361
    0.0089727725
    0.0081787872
    0.0074342127
    0.0067657534
    0.0062338724
    0.0059559620
    0.0089722428
    0.0080168348
    0.0071287077
    0.0062931425
    0.0055292013
    0.0048930720
    0.0044992322
    0.0076844704
    0.0065964120
    0.0055824194
    0.0046055757
    0.0036699401
    0.0028119753
    0.0059876152
    0.0047384776
    0.0035421364
    0.0023322487
    0.0010793229
    0.0040395261
    0.0025734230
    0.0011087486
   -0.0004711226
    0.0022464293
    0.0004897087
   -0.0013089739
   -0.0006371934
   -0.0027118016
    0.0098645331
    0.0071869630
    0.0049290671
    0.0029021269
    0.0009229912
   -0.0011637856
    0.0111883913
    0.0085291354
    0.0064346250
    0.0046313859
    0.0029421424
    0.0012493968
   -0.0005359256
    0.0146297380
    0.0114668316
    0.0091863387
    0.0073897754
    0.0058474543
    0.0044269031
    0.0030551546
    0.0016966259
    0.0143398435
    0.0116932411
    0.0097623972
    0.0082272253
    0.0069102858
    0.0057173130
    0.0046095044
    0.0035922600
    0.0027178727
    0.0179150475
    0.0144508217
    0.0121204972
    0.0104146770
    0.0090600780
    0.0079070610
    0.0068802841
    0.0059572525
    0.0051627404
    0.0045792094
    0.0043923493
    0.0149599219
    0.0127362765
    0.0111296628
    0.0098738068
    0.0088209039
    0.0078947048
    0.0070697922
    0.0063657351
    0.0058544153
    0.0056917462
    0.0157699220
    0.0134766363
    0.0118562973
    0.0106262548
    0.0096213742
    0.0087485557
    0.0079644655
    0.0072663609
    0.0066924205
    0.0063338147
    0.0063724272
    0.0140748731
    0.0124497552
    0.0112242708
    0.0102494187
    0.0094210112
    0.0086746890
    0.0079802936
    0.0073391880
    0.0067859013
    0.0063961891
    0.0063088721
    0.0110223042
    0.0103424157
    0.0096936180
    0.0090805668
    0.0084827737
    0.0078837550
    0.0072823698
    0.0066982128
    0.0061756061
    0.0057884192
    0.0056485380
    0.0076515830
    0.0080711048
    0.0080762306
    0.0078674361
    0.0075253225
    0.0070829364
    0.0065610424
    0.0059842123
    0.0053864711
    0.0048080962
    0.0042792413
   -0.0001612222
    0.0030755793
    0.0048414247
    0.0057049109
    0.0060301326
    0.0060126437
    0.0057522497
    0.0053040850
    0.0047049063
    0.0039790532
    0.0031231903
    0.0020619205
   -0.0026238497
    0.0006360628
    0.0026043233
    0.0036509438
    0.0040679490
    0.0040346354
    0.0036514233
    0.0029688769
    0.0019898795
    0.0006379734
   -0.0060362211
   -0.0023733842
    0.0000558293
    0.0014021770
    0.0019127466
    0.0017706095
    0.0010694689
   -0.0001931410
   -0.0046712321
   -0.0020623137
   -0.0007553058
   -0.0006048280
   -0.0014895375
   -0.0049742997
   -0.0033736300
   -0.0039519888
    0.0007136133
    0.0012103824
    0.0012045708
    0.0029584438
    0.0041070944
    0.0045886138
   -0.0000639905
    0.0021053382
    0.0037388703
    0.0050541031
    0.0061860834
    0.0071941398
    0.0079774600
    0.0080873167
    0.0025156878
    0.0039854523
    0.0051999570
    0.0062913177
    0.0073553970
    0.0084895396
    0.0097876867
    0.0112654083
    0.0126628399
    0.0034743689
    0.0045840461
    0.0055392307
    0.0064376817
    0.0073328090
    0.0082822155
    0.0093753642
    0.0107481229
    0.0125784207
    0.0150275314
    0.0052417498
    0.0058084677
    0.0064286358
    0.0071045065
    0.0078374029
    0.0086522055
    0.0096142752
    0.0108472066
    0.0125562241
    0.0150562943
    0.0063976144
    0.0064329953
    0.0067215063
    0.0071715616
    0.0077285456
    0.0083735263
    0.0091270801
    0.0100589941
    0.0113077890
    0.0131179812
    0.0159098852
    0.0071877178
    0.0068017994
    0.0068472962
    0.0071365678
    0.0075701160
    0.0081015739
    0.0087278948
    0.0094916226
    0.0104944457
    0.0119285471
    0.0141429580
    0.0071107041
    0.0065978747
    0.0065687410
    0.0067985754
    0.0071727546
    0.0076360992
    0.0081771420
    0.0088271756
    0.0096708696
    0.0108740938
    0.0127459162
    0.0061483341
    0.0057932192
    0.0058411491
    0.0060972699
    0.0064607686
    0.0068828459
    0.0073536705
    0.0079017770
    0.0086039840
    0.0096112061
    0.0112073087
    0.0045539231
    0.0045080432
    0.0047138631
    0.0050373736
    0.0054053306
    0.0057821088
    0.0061626374
    0.0065730952
    0.0070788965
    0.0078046385
    0.0089795273
    0.0025892014
    0.0028726081
    0.0032432872
    0.0036246879
    0.0039696041
    0.0042524741
    0.0044660346
    0.0046191029
    0.0047335861
    0.0048373714
    0.0003748833
    0.0009396774
    0.0014340710
    0.0018214515
    0.0020686850
    0.0021452614
    0.0020157633
    0.0016208376
    0.0008343010
   -0.0021648105
   -0.0013548238
   -0.0007807999
   -0.0004564471
   -0.0004200481
   -0.0007382544
   -0.0015323159
   -0.0030398027
   -0.0042205331
   -0.0035115466
   -0.0032477712
   -0.0034872317
   -0.0043655347
   -0.0061455446
   -0.0064713458
   -0.0066809709
   -0.0078306959
    0.0021718444
    0.0010859231
    0.0039876542
    0.0006819440
    0.0085274139
    0.0061379084
    0.0033853628
    0.0001057923
    0.0098708273
    0.0080830439
    0.0058885389
    0.0029958259
   -0.0005946933
    0.0122350518
    0.0010875189
    0.0150813421
    0.0167048054
    0.0162301681
    0.0144216317
    0.0150063408
    0.0119192110
    0.0129216121
    0.0080379053
    0.0084676645
    0.0095718770
    0.0036570388
    0.0039573167
    0.0048010462
    0.0062561628
   -0.0011754820
   -0.0011969946
   -0.0008630611
   -0.0000874740
    0.0011988934
    0.0030471999
   -0.0044100881
   -0.0047985680
   -0.0051840965
   -0.0055558486
   -0.0058981738
   -0.0061728293
   -0.0063167839
   -0.0062512063
   -0.0058943244
   -0.0051712347
   -0.0040185654
   -0.0023867322
   -0.0002455629
   -0.0098972100
   -0.0101374240
   -0.0104844948
   -0.0108305251
   -0.0111094033
   -0.0112659248
   -0.0112415582
   -0.0109732624
   -0.0103984078
   -0.0094605626
   -0.0081131687
   -0.0063236568
   -0.0040819583
   -0.0014179091
   -0.0150509737
   -0.0148271201
   -0.0149850127
   -0.0152869013
   -0.0155777310
   -0.0157570126
   -0.0157514013
   -0.0154993307
   -0.0149460155
   -0.0140442867
   -0.0127570130
   -0.0110609973
   -0.0089547411
   -0.0064734004
   -0.0037101397
   -0.0192331598
   -0.0190031580
   -0.0191372598
   -0.0193946016
   -0.0196014215
   -0.0196391416
   -0.0194246088
   -0.0188967868
   -0.0180108550
   -0.0167372801
   -0.0150646121
   -0.0130071298
   -0.0106191107
   -0.0080134106
   -0.0053725723
   -0.0227149631
   -0.0224089357
   -0.0224774089
   -0.0226781027
   -0.0228119703
   -0.0227358161
   -0.0223525875
   -0.0215998747
   -0.0204433559
   -0.0188759750
   -0.0169234598
   -0.0146568455
   -0.0122082062
   -0.0097764648
   -0.0076054130
   -0.0059304536
   -0.0049289886
   -0.0047355239
   -0.0251914772
   -0.0250066690
   -0.0250962590
   -0.0252315117
   -0.0252083440
   -0.0248775863
   -0.0241461350
   -0.0229709710
   -0.0213569679
   -0.0193624989
   -0.0171120802
   -0.0148060719
   -0.0127084978
   -0.0111039427
   -0.0102530277
   -0.0103962279
   -0.0269072129
   -0.0268102259
   -0.0268941094
   -0.0269421312
   -0.0267313187
   -0.0260997594
   -0.0249686176
   -0.0233475218
   -0.0213421303
   -0.0191646693
   -0.0171288623
   -0.0156078426
   -0.0149698580
   -0.0155212455
   -0.0277549290
   -0.0278360113
   -0.0279089230
   -0.0277368998
   -0.0270808612
   -0.0258247304
   -0.0240350939
   -0.0219873674
   -0.0201531388
   -0.0191067875
   -0.0193378430
   -0.0209507883
   -0.0276581213
   -0.0280251512
   -0.0281290507
   -0.0277311132
   -0.0265616394
   -0.0247347465
   -0.0229589804
   -0.0223336795
   -0.0234837735
   -0.0255477177
   -0.0270808717
   -0.0276517783
   -0.0269673206
   -0.0251266515
   -0.0254867343
   -0.0261656856
   -0.0127509186
   -0.0138565557
   -0.0142689785
   -0.0125383554
   -0.0102247100
   -0.0095389957
   -0.0111172039
   -0.0134519057
   -0.0153503492
   -0.0164444753
   -0.0165520798
   -0.0156910594
   -0.0138582185
   -0.0112579283
   -0.0085484678
   -0.0106664380
   -0.0131609195
   -0.0185781497
   -0.0180672105
   -0.0065535792
   -0.0114102965
   -0.0137742909
   -0.0028147875
   -0.0014885717
   -0.0123147536
   -0.0129828291
   -0.0044141888
   -0.0017323655
    0.0002206388
    0.0010354917
   -0.0007296526
   -0.0048757944
   -0.0086236534
   -0.0101460857
   -0.0091089178
   -0.0060887320
   -0.0031559072
   -0.0033308655
   -0.0072066487
   -0.0057590638
   -0.0159276126
   -0.0156691733
   -0.0165675342
   -0.0167958106
   -0.0160685840
   -0.0153407983
   -0.0148706008
   -0.0144912627
   -0.0146612782
   -0.0156224031
   -0.0169369319
   -0.0178570299
   -0.0179617442
   -0.0173309197
   -0.0162494191
   -0.0152605460
   -0.0148433158
   -0.0147348290
   -0.0143468569
   -0.0136800051
   -0.0132250257
   -0.0133746596
   -0.0142271373
   -0.0192148549
   -0.0186264680
   -0.0141723904
   -0.0146836921
   -0.0146938706
   -0.0139609035
   -0.0128809033
   -0.0119923842
   -0.0116208053
   -0.0118718491
   -0.0153332186
   -0.0155116617
   -0.0145225732
   -0.0129233136
   -0.0113727181
   -0.0102754900
   -0.0097566052
   -0.0098024075
   -0.0169371383
   -0.0175267077
   -0.0162967011
   -0.0140205946
   -0.0096357824
   -0.0083370908
   -0.0076641126
   -0.0074971626
   -0.0052099234
   -0.0050182653
   -0.0024051021
    0.0042227060
    0.0029399663
    0.0018974855
    0.0004955496
    0.0046275408
    0.0020806404
    0.0000473111
   -0.0017096201
    0.0064169040
    0.0027875171
    0.0000433742
   -0.0022348365
    0.0058532726
    0.0018190651
   -0.0012770586
   -0.0038842248
    0.0043128242
    0.0002909586
   -0.0029858545
   -0.0058368437
   -0.0159041410
    0.0004326436
   -0.0031191623
   -0.0063140832
   -0.0092071514
   -0.0141713375
   -0.0136266790
   -0.0117583262
   -0.0042424656
   -0.0007476905
   -0.0001219430
   -0.0024622337
   -0.0058614967
   -0.0090742802
   -0.0112699158
   -0.0114680975
   -0.0090989645
   -0.0053083161
   -0.0049928216
   -0.0087157399
   -0.0076768253
   -0.0131731422
   -0.0143317291
   -0.0139566896
   -0.0120998852
   -0.0107410476
   -0.0108240178
   -0.0124426113
   -0.0146836329
   -0.0162169979
   -0.0165420352
   -0.0139037477
   -0.0118408867
   -0.0100392859
   -0.0087831793
   -0.0081945201
   -0.0084179900
   -0.0096793905
   -0.0180528565
   -0.0185161006
   -0.0111379532
   -0.0092951765
   -0.0078126903
   -0.0067045421
   -0.0059587623
   -0.0055906431
   -0.0057298347
   -0.0077285665
   -0.0063128064
   -0.0051633868
   -0.0042480741
   -0.0035280630
   -0.0029598585
   -0.0025512065
   -0.0063598399
   -0.0049852067
   -0.0038108367
   -0.0028074438
   -0.0019592579
   -0.0012297003
   -0.0005344417
    0.0002497006
   -0.0032585060
   -0.0021502543
   -0.0011358348
   -0.0002277992
    0.0005546133
    0.0012392305
    0.0019382401
    0.0028599818
   -0.0006861717
    0.0002867825
    0.0019964004
    0.0037934135
    0.0050834701
    0.0027988737
    0.0005871600
   -0.0016805150
   -0.0005926191
   -0.0045937860
   -0.0032861168
   -0.0021675301
   -0.0012327306
   -0.0004948749
    0.0000737669
    0.0005739651
   -0.0061152646
   -0.0047444002
   -0.0036459946
   -0.0028083785
   -0.0022073774
   -0.0017980579
   -0.0015931363
   -0.0159199745
   -0.0167225946
   -0.0084773655
   -0.0068493687
   -0.0055921580
   -0.0047144820
   -0.0042138633
   -0.0041243177
   -0.0045806188
   -0.0142320531
   -0.0149570599
   -0.0114904663
   -0.0094928693
   -0.0078257190
   -0.0067183275
   -0.0062986325
   -0.0067230881
   -0.0081444112
   -0.0103365361
   -0.0123556454
   -0.0131723347
   -0.0123797371
   -0.0104682013
   -0.0087271807
   -0.0083863742
   -0.0101029714
   -0.0114042888
   -0.0103239903
   -0.0149874285
   -0.0140429062
   -0.0145008377
   -0.0159546675
   -0.0167153761
   -0.0163558374
   -0.0150374073
   -0.0133927283
   -0.0122760247
   -0.0121415494
   -0.0129981502
   -0.0145412721
   -0.0162219908
   -0.0174580434
   -0.0180168076
   -0.0180295220
   -0.0147523754
   -0.0129400830
   -0.0114067008
   -0.0104201882
   -0.0100925751
   -0.0104376166
   -0.0114067341
   -0.0128989689
   -0.0192333598
   -0.0192431123
   -0.0119853215
   -0.0103180539
   -0.0090582938
   -0.0082681001
   -0.0079770578
   -0.0081807691
   -0.0088481014
   -0.0099512819
   -0.0204169083
   -0.0098796283
   -0.0083001453
   -0.0070725761
   -0.0062162959
   -0.0057623773
   -0.0057216462
   -0.0060616113
   -0.0067332927
   -0.0077171622
   -0.0077430583
   -0.0062385328
   -0.0050069653
   -0.0040567787
   -0.0033390958
   -0.0037718952
   -0.0044223051
   -0.0052578431
   -0.0048974639
   -0.0035647743
   -0.0016298157
   -0.0022825597
   -0.0022099812
    0.0000297372
   -0.0001288593
    0.0025024020
    0.0026180697
    0.0011732014
    0.0007132338
   -0.0005411795
   -0.0012937334
   -0.0012975811
   -0.0011035659
   -0.0018939538
   -0.0026487165
   -0.0035059820
   -0.0034159729
   -0.0032714294
   -0.0031139027
   -0.0030364153
   -0.0031327084
   -0.0034636757
   -0.0040357558
   -0.0048221320
   -0.0058084529
   -0.0054485243
   -0.0052309997
   -0.0050841225
   -0.0050858303
   -0.0053114245
   -0.0058074486
   -0.0065861073
   -0.0076512984
   -0.0074148621
   -0.0070769884
   -0.0069319202
   -0.0070476960
   -0.0074908685
   -0.0083013757
   -0.0094926181
   -0.0110480725
   -0.0169997872
   -0.0090360048
   -0.0087016378
   -0.0087833915
   -0.0093571860
   -0.0104586509
   -0.0120234173
   -0.0160387552
   -0.0157590982
   -0.0146663312
   -0.0115690690
   -0.0105848806
   -0.0103287770
   -0.0109461927
   -0.0123958145
   -0.0140286663
   -0.0145883075
   -0.0135214049
   -0.0119925635
   -0.0123667236
   -0.0128772008
   -0.0142985069
   -0.0148427872
   -0.0133710366
   -0.0125735341
   -0.0132683035
   -0.0148097780
   -0.0162179760
   -0.0168094364
   -0.0162659816
   -0.0147142004
   -0.0128517012
   -0.0113950227
   -0.0106996627
   -0.0108326912
   -0.0117060395
   -0.0131260939
   -0.0148022618
   -0.0176305363
   -0.0183490414
   -0.0120290042
   -0.0104144474
   -0.0093057960
   -0.0087425315
   -0.0087205295
   -0.0092080525
   -0.0101542965
   -0.0114891987
   -0.0199106645
   -0.0088231105
   -0.0076843758
   -0.0069417867
   -0.0065926777
   -0.0066333185
   -0.0070400266
   -0.0077794164
   -0.0088282231
   -0.0062516619
   -0.0053367512
   -0.0047012281
   -0.0043634184
   -0.0043420307
   -0.0046213417
   -0.0051566750
   -0.0059118220
   -0.0045570533
   -0.0036259573
   -0.0028597037
   -0.0022766704
   -0.0019366951
   -0.0018893220
   -0.0021268919
   -0.0025852267
   -0.0031902325
   -0.0039056942
   -0.0021107892
   -0.0013521017
   -0.0006152938
   -0.0002345107
   -0.0008239936
   -0.0014004138
    0.0010049778
    0.0015084001
    0.0031305257
    0.0014307980
    0.0028960106
   -0.0004830727
    0.0008158995
    0.0003135452
   -0.0033707192
   -0.0024372271
   -0.0016215150
   -0.0011242406
   -0.0016869765
   -0.0023295339
   -0.0059948261
   -0.0048785275
   -0.0039947923
   -0.0033534112
   -0.0029990663
   -0.0029642677
   -0.0032304476
   -0.0037425153
   -0.0044612596
   -0.0074322414
   -0.0063603733
   -0.0056236113
   -0.0052419112
   -0.0052322003
   -0.0055810616
   -0.0062592988
   -0.0072544518
   -0.0175117776
   -0.0096013799
   -0.0083585203
   -0.0075645788
   -0.0072521134
   -0.0074330313
   -0.0080914888
   -0.0091920010
   -0.0163969821
   -0.0163600947
   -0.0123536062
   -0.0107255053
   -0.0095934114
   -0.0091388195
   -0.0094286368
   -0.0104211484
   -0.0119154481
   -0.0146754790
   -0.0151889567
   -0.0148342415
   -0.0135077315
   -0.0118437876
   -0.0108807188
   -0.0112754658
   -0.0128021203
   -0.0139442503
   -0.0128603930
   -0.0128280039
   -0.0145155055
   -0.0140397621
   -0.0131130194
   -0.0139082848
   -0.0154898010
   -0.0165513097
   -0.0165422421
   -0.0153755089
   -0.0135694079
   -0.0119983592
   -0.0112116326
   -0.0113638183
   -0.0123699751
   -0.0139647185
   -0.0157037270
   -0.0171018048
   -0.0179385332
   -0.0182484655
   -0.0128600369
   -0.0111273518
   -0.0098900480
   -0.0092357811
   -0.0091883039
   -0.0097301914
   -0.0108125870
   -0.0123525229
   -0.0192784986
   -0.0096694295
   -0.0083725210
   -0.0074938380
   -0.0070450391
   -0.0070380497
   -0.0074601750
   -0.0082822912
   -0.0094865344
   -0.0071752806
   -0.0060782319
   -0.0052804772
   -0.0048034480
   -0.0046824278
   -0.0049195275
   -0.0054756329
   -0.0063108603
   -0.0074235774
   -0.0046408766
   -0.0036871655
   -0.0029180998
   -0.0027250213
   -0.0033738705
   -0.0041861741
   -0.0025608986
   -0.0016817749
   -0.0008094784
   -0.0015377610
    0.0003710111
    0.0010300057
    0.0004503068
    0.0046190738
    0.0032740303
    0.0038242776
    0.0010129473
    0.0016895067
   -0.0013394716
   -0.0006617118
   -0.0005515707
   -0.0039343400
   -0.0031272819
   -0.0024115609
   -0.0018234946
   -0.0019870621
   -0.0025884070
   -0.0033012473
   -0.0062680157
   -0.0053230679
   -0.0045777787
   -0.0040484324
   -0.0037817185
   -0.0038134581
   -0.0041356765
   -0.0047093709
   -0.0055103838
   -0.0087513877
   -0.0076009690
   -0.0067424352
   -0.0061851660
   -0.0059561315
   -0.0060765755
   -0.0065430166
   -0.0073451768
   -0.0084928226
   -0.0108613249
   -0.0095478110
   -0.0086006318
   -0.0080654930
   -0.0079767326
   -0.0083534886
   -0.0091967371
   -0.0104926198
   -0.0171254421
   -0.0119576062
   -0.0106911300
   -0.0099410332
   -0.0098295826
   -0.0104063186
   -0.0116313143
   -0.0132942073
   -0.0160780760
   -0.0156526977
   -0.0146186574
   -0.0131322144
   -0.0118558716
   -0.0114766589
   -0.0123048663
   -0.0139143284
   -0.0149131343
   -0.0143002177
   -0.0128685786
   -0.0136353381
   -0.0126600420
   -0.0100984327
   -0.0084178983
   -0.0178645014
   -0.0147547017
   -0.0113020065
   -0.0084406731
   -0.0065309001
   -0.0056023987
   -0.0192092013
   -0.0145907909
   -0.0104277256
   -0.0072215454
   -0.0050281069
   -0.0037226164
   -0.0031510051
   -0.0032096888
   -0.0176395962
   -0.0121507522
   -0.0079323963
   -0.0049317895
   -0.0029343807
   -0.0017065672
   -0.0010468574
   -0.0008030410
   -0.0141645353
   -0.0088210781
   -0.0050499939
   -0.0024924305
   -0.0008216584
    0.0002273250
    0.0008682051
    0.0012820139
    0.0016356927
   -0.0107588251
   -0.0058836325
   -0.0026040947
   -0.0004424602
    0.0009555851
    0.0018537320
    0.0024657454
    0.0029943951
    0.0036808988
   -0.0083756285
   -0.0038010982
   -0.0008304310
    0.0010809547
    0.0022994335
    0.0030827430
    0.0036379349
    0.0041699853
    0.0049443400
   -0.0025748694
    0.0003265063
    0.0021375658
    0.0032582554
    0.0039482476
    0.0044020061
    0.0048013904
    0.0053686082
    0.0010923136
    0.0029208829
    0.0040013153
    0.0046168468
    0.0049514466
    0.0051533228
    0.0053774127
    0.0058334345
    0.0040232927
    0.0049723002
    0.0054518892
    0.0056391235
    0.0056442095
    0.0055604582
    0.0054925190
    0.0055830990
    0.0073580895
    0.0069417228
    0.0065093322
    0.0060553735
    0.0056028140
    0.0052029730
    0.0049377076
    0.0087127966
    0.0075303520
    0.0065318529
    0.0056179975
    0.0047462653
    0.0038931517
    0.0106048385
    0.0084141286
    0.0067243698
    0.0052454892
    0.0038080529
    0.0092637331
    0.0067019990
    0.0045265036
    0.0074851383
    0.0011324405
    0.0020538382
    0.0026205034
    0.0029271007
    0.0020775449
    0.0031039068
    0.0038679128
    0.0044325267
    0.0048714598
    0.0052884286
    0.0032144284
    0.0041358664
    0.0048875536
    0.0054958476
    0.0059911597
    0.0064231213
    0.0068727362
    0.0074788565
    0.0042409542
    0.0049637254
    0.0056255813
    0.0062165052
    0.0067296829
    0.0071727860
    0.0075741055
    0.0079871580
    0.0084993451
    0.0092673223
    0.0057093183
    0.0060964941
    0.0065615180
    0.0070416598
    0.0074972752
    0.0079105101
    0.0082851503
    0.0086470241
    0.0090447900
    0.0095526351
    0.0069973194
    0.0071103058
    0.0074087461
    0.0077837656
    0.0081720136
    0.0085407203
    0.0088816159
    0.0092084480
    0.0095559522
    0.0099790818
    0.0105532688
    0.0077767333
    0.0077740091
    0.0079938894
    0.0083105903
    0.0086531561
    0.0089847598
    0.0092941309
    0.0095920469
    0.0099101259
    0.0103011823
    0.0108428204
    0.0083911873
    0.0080140655
    0.0080434240
    0.0082676032
    0.0085724789
    0.0088940588
    0.0092004776
    0.0094845959
    0.0097613961
    0.0100689961
    0.0104757756
    0.0079534414
    0.0078168367
    0.0079655173
    0.0082444487
    0.0085660829
    0.0088818595
    0.0091710780
    0.0094368606
    0.0097071699
    0.0100440726
    0.0105783744
    0.0073412842
    0.0071618998
    0.0073053516
    0.0076017101
    0.0079527266
    0.0083001548
    0.0086143586
    0.0088905969
    0.0091506889
    0.0094543679
    0.0099395615
    0.0058363761
    0.0061350492
    0.0065412330
    0.0069809194
    0.0074018817
    0.0077728561
    0.0080850209
    0.0083566155
    0.0086465554
    0.0090975790
    0.0040883188
    0.0048251052
    0.0054857205
    0.0060692612
    0.0065622605
    0.0069587807
    0.0072741012
    0.0075614945
    0.0079506645
    0.0029195884
    0.0039304902
    0.0047259388
    0.0053396816
    0.0057937127
    0.0061283632
    0.0064335466
    0.0069021357
    0.0011331967
    0.0024755174
    0.0034403998
    0.0041052875
    0.0045316880
    0.0048084753
    0.0050766642
    0.0009224072
    0.0020200463
    0.0026347716
    0.0028578632
   -0.0031413353
   -0.0021498841
   -0.0019177257
   -0.0024213634
   -0.0028133295
   -0.0012925687
   -0.0003017031
    0.0002084503
    0.0002659076
   -0.0001136868
   -0.0009384810
   -0.0010544812
    0.0002501185
    0.0011942333
    0.0018108692
    0.0021166582
    0.0021266503
    0.0018585367
    0.0013269116
    0.0005246809
   -0.0000968079
    0.0010988458
    0.0020541587
    0.0027891794
    0.0033057560
    0.0036038242
    0.0036896327
    0.0035790993
    0.0032978713
    0.0028774996
    0.0023446839
    0.0021521589
    0.0029287321
    0.0036078436
    0.0041611876
    0.0045670195
    0.0048134841
    0.0049005205
    0.0048409971
    0.0046618281
    0.0044051185
    0.0041290409
    0.0039087741
    0.0033693616
    0.0037646412
    0.0042579497
    0.0047490948
    0.0051774900
    0.0055055264
    0.0057128111
    0.0057939028
    0.0057579442
    0.0056297072
    0.0054524391
    0.0052933314
    0.0052548670
    0.0055036585
    0.0048340049
    0.0048514236
    0.0051197472
    0.0054714700
    0.0058154722
    0.0060980000
    0.0062886282
    0.0063746228
    0.0063589141
    0.0062604000
    0.0061166242
    0.0059897802
    0.0059793693
    0.0062526671
    0.0056038877
    0.0056054381
    0.0058122395
    0.0060835068
    0.0063395609
    0.0065336653
    0.0066410192
    0.0066542774
    0.0065822117
    0.0064509664
    0.0063082630
    0.0062324495
    0.0063528478
    0.0069031664
    0.0058808652
    0.0058436615
    0.0060021840
    0.0062235440
    0.0064304164
    0.0065769319
    0.0066390225
    0.0066103115
    0.0065010222
    0.0063394663
    0.0061764873
    0.0060951453
    0.0062329895
    0.0057627582
    0.0056455198
    0.0057544637
    0.0059467538
    0.0061369971
    0.0062725162
    0.0063235656
    0.0062789376
    0.0061444106
    0.0059433377
    0.0057195097
    0.0055434646
    0.0055266530
    0.0050243193
    0.0050699545
    0.0052454425
    0.0054502736
    0.0056172034
    0.0057028948
    0.0056837864
    0.0055538699
    0.0053238291
    0.0050212128
    0.0046912455
    0.0043982703
    0.0042304937
    0.0037889292
    0.0039905118
    0.0042512421
    0.0045065699
    0.0047000448
    0.0047890240
    0.0047470924
    0.0045641549
    0.0042453067
    0.0038081889
    0.0032770068
    0.0026697279
    0.0024738516
    0.0029312875
    0.0032836032
    0.0035043244
    0.0035620445
    0.0034336618
    0.0031080186
    0.0025827849
    0.0018535121
    0.0008903166
    0.0012452134
    0.0017436590
    0.0019927739
    0.0019765402
    0.0016733872
    0.0010617582
    0.0001071980
   -0.0002736939
    0.0001158778
    0.0000570392
   -0.0004772492
   -0.0008457545
   -0.0003833380
   -0.0005059489
   -0.0012117061
    0.0003778547
    0.0012054028
    0.0016584194
    0.0017585600
    0.0015136837
    0.0009215477
   -0.0000484086
    0.0015415084
    0.0023853010
    0.0029943221
    0.0033806766
    0.0035423844
    0.0034798672
    0.0032006895
    0.0027151573
    0.0020210364
    0.0032684123
    0.0038501677
    0.0043359338
    0.0047023883
    0.0049272096
    0.0049980708
    0.0049159786
    0.0046956958
    0.0043634969
    0.0039507002
    0.0034797155
    0.0045876969
    0.0048573977
    0.0052013487
    0.0055457779
    0.0058359161
    0.0060348886
    0.0061230828
    0.0060975853
    0.0059720682
    0.0057773028
    0.0055619828
    0.0053939728
    0.0053645493
    0.0061704025
    0.0059210189
    0.0059934197
    0.0062108437
    0.0064680430
    0.0066983256
    0.0068610867
    0.0069362189
    0.0069216232
    0.0068328808
    0.0067049043
    0.0065960917
    0.0065970429
    0.0068521113
    0.0069300220
    0.0066316811
    0.0066629880
    0.0068404372
    0.0070583510
    0.0072525245
    0.0073858777
    0.0074420179
    0.0074227099
    0.0073479940
    0.0072590753
    0.0072249333
    0.0073569568
    0.0078459921
    0.0070583911
    0.0068550635
    0.0069253120
    0.0071105031
    0.0073179924
    0.0074921686
    0.0076024919
    0.0076381793
    0.0076064234
    0.0075334764
    0.0074687026
    0.0074937177
    0.0077429391
    0.0084583814
    0.0072149543
    0.0067328278
    0.0066793458
    0.0068246748
    0.0070421349
    0.0072553268
    0.0074185995
    0.0075086105
    0.0075206962
    0.0074682222
    0.0073844710
    0.0073278126
    0.0073926406
    0.0077352793
    0.0061731985
    0.0060146273
    0.0061350905
    0.0063762659
    0.0066424576
    0.0068729053
    0.0070312372
    0.0071007265
    0.0070824725
    0.0069956116
    0.0068795385
    0.0067987760
    0.0068529005
    0.0072011049
    0.0046588400
    0.0048636146
    0.0051923278
    0.0055578853
    0.0058960911
    0.0061611154
    0.0063244674
    0.0063744635
    0.0063161255
    0.0061716103
    0.0059810870
    0.0058033493
    0.0057158490
    0.0030563933
    0.0037031638
    0.0042696338
    0.0047384310
    0.0050837037
    0.0052846707
    0.0053321262
    0.0052308373
    0.0049994298
    0.0046667966
    0.0042616790
    0.0037893771
    0.0021521838
    0.0029351782
    0.0035013373
    0.0038516431
    0.0039806778
    0.0038884388
    0.0035821944
    0.0030681768
    0.0023280871
    0.0006987198
    0.0015914868
    0.0021233633
    0.0023094569
    0.0021508739
    0.0016394493
    0.0007378307
   -0.0009415561
   -0.0000196352
    0.0003143864
    0.0000658357
   -0.0008059279
   -0.0014619214
   -0.0008838935
   -0.0009630410
   -0.0016892274
   -0.0005039347
    0.0005186492
    0.0011075835
    0.0012964645
    0.0010979756
    0.0005133100
   -0.0004816222
    0.0003211537
    0.0014235223
    0.0022221028
    0.0027572790
    0.0030367205
    0.0030615177
    0.0028369195
    0.0023721403
    0.0016696191
    0.0007006316
    0.0019641216
    0.0027635122
    0.0034190896
    0.0039374213
    0.0043029822
    0.0044992773
    0.0045185631
    0.0043652985
    0.0040560614
    0.0036160779
    0.0030701884
    0.0024244697
    0.0037699761
    0.0041524514
    0.0045738365
    0.0049770536
    0.0053127850
    0.0055444709
    0.0056504643
    0.0056245589
    0.0054761236
    0.0052302637
    0.0049281473
    0.0046269544
    0.0044002026
    0.0053598292
    0.0053109875
    0.0054934091
    0.0057691880
    0.0060505296
    0.0062798835
    0.0064221263
    0.0064608144
    0.0063964737
    0.0062466293
    0.0060474639
    0.0058579196
    0.0057684411
    0.0059230268
    0.0061769046
    0.0061076459
    0.0062525758
    0.0064760626
    0.0066957934
    0.0068613535
    0.0069450946
    0.0069380004
    0.0068483271
    0.0067025828
    0.0065493401
    0.0064676047
    0.0065862370
    0.0071362348
    0.0068230400
    0.0064260494
    0.0064102393
    0.0065648664
    0.0067719482
    0.0069602384
    0.0070876484
    0.0071335157
    0.0070952436
    0.0069878515
    0.0068461186
    0.0067302816
    0.0067387725
    0.0070392233
    0.0065096635
    0.0062480913
    0.0062980119
    0.0064805747
    0.0066925281
    0.0068710089
    0.0069796108
    0.0070022306
    0.0069405558
    0.0068142344
    0.0066636840
    0.0065567832
    0.0066039331
    0.0069962383
    0.0057734114
    0.0056437135
    0.0057714568
    0.0060023502
    0.0062434393
    0.0064364031
    0.0065470647
    0.0065607000
    0.0064801871
    0.0063262332
    0.0061398327
    0.0059877109
    0.0059744379
    0.0062738939
    0.0045031751
    0.0047553216
    0.0050775546
    0.0053900535
    0.0056376673
    0.0057852668
    0.0058156505
    0.0057285695
    0.0055406035
    0.0052858954
    0.0050173795
    0.0048088811
    0.0047618903
    0.0029706982
    0.0035103959
    0.0039922112
    0.0043803852
    0.0046420945
    0.0047551174
    0.0047111130
    0.0045164066
    0.0041909376
    0.0037641944
    0.0032650327
    0.0014912486
    0.0022675948
    0.0028441331
    0.0032178313
    0.0033769126
    0.0033145383
    0.0030329008
    0.0025394561
    0.0018326977
    0.0001569261
    0.0010064283
    0.0015125299
    0.0016849770
    0.0015212070
    0.0010136374
    0.0001361164
   -0.0014116923
   -0.0005961102
   -0.0003367059
   -0.0006319839
   -0.0013920936
   -0.0022810488
   -0.0016141931
   -0.0002431859
    0.0001845914
   -0.0008106152
   -0.0024209436
   -0.0036541564
   -0.0041353145
   -0.0039116117
   -0.0030299312
   -0.0015594631
    0.0000723229
    0.0012495240
    0.0015674691
    0.0009083294
   -0.0005736146
   -0.0024199690
   -0.0040904567
   -0.0052919652
   -0.0059641646
   -0.0061577582
   -0.0060096114
   -0.0055652088
   -0.0046806000
   -0.0032452360
   -0.0014130705
    0.0004193362
    0.0018548319
    0.0026689322
    0.0027717232
    0.0021133324
    0.0006986136
   -0.0012879669
   -0.0034378192
   -0.0053253611
   -0.0067624840
   -0.0077673008
   -0.0083537981
   -0.0085167763
   -0.0083878299
   -0.0081735354
   -0.0078898473
   -0.0073173161
   -0.0062178069
   -0.0045146412
   -0.0023820484
   -0.0001980767
    0.0016656315
    0.0030060307
    0.0037763211
    0.0039773711
    0.0035700103
    0.0024663180
    0.0006213984
   -0.0018083368
   -0.0044068952
   -0.0066977850
   -0.0084427405
   -0.0097167150
   -0.0106850089
   -0.0113392146
   -0.0115287384
   -0.0112624365
   -0.0108435797
   -0.0035728412
   -0.0009354084
    0.0013548925
    0.0030863490
    0.0042440486
    0.0049015598
    0.0051107864
    0.0048393480
    0.0039559727
    0.0022812140
   -0.0002571150
   -0.0125568741
   -0.0136411038
   -0.0146827461
   -0.0154439244
    0.0002120278
    0.0025618550
    0.0042093974
    0.0052700896
    0.0059029870
    0.0062104987
    0.0061937453
    0.0057282933
    0.0045559042
    0.0048550207
    0.0059770674
    0.0066625761
    0.0071077553
    0.0074073919
    0.0075454792
    0.0063984615
    0.0072048129
    0.0076693945
    0.0080419120
    0.0084632679
    0.0089961373
    0.0087895490
    0.0088189135
    0.0090323962
    0.0095679586
    0.0100109422
    0.0108325359
    0.0109830906
    0.0101457936
    0.0102488795
    0.0109298432
    0.0097868071
    0.0094652224
    0.0098965127
    0.0101917627
    0.0091298602
    0.0086672712
    0.0086948201
    0.0090384610
    0.0081991804
    0.0076911833
    0.0074139617
    0.0086533864
    0.0077759481
    0.0070954045
    0.0064962927
    0.0058685627
    0.0077853103
    0.0071550707
    0.0065282009
    0.0058530334
    0.0050369063
    0.0039336458
    0.0023175443
    0.0064370230
    0.0062837096
    0.0058864679
    0.0052937470
    0.0044676294
    0.0033014940
    0.0016229596
   -0.0007809695
    0.0045196070
    0.0050821364
    0.0051188474
    0.0047776954
    0.0041008682
    0.0030452522
    0.0015062766
   -0.0006387779
   -0.0034240422
    0.0015007918
    0.0030690724
    0.0039138711
    0.0041451718
    0.0038796725
    0.0031649650
    0.0019799101
    0.0002779705
   -0.0019188554
   -0.0043724354
   -0.0065222152
   -0.0022750790
   -0.0007104981
    0.0010236185
    0.0023818369
    0.0031283154
    0.0032518600
    0.0028049075
    0.0018207155
    0.0003378736
   -0.0014870336
   -0.0032363388
   -0.0042282416
   -0.0038096406
   -0.0006827484
   -0.0002735169
    0.0008292928
    0.0019076217
    0.0024877459
    0.0024074473
    0.0016815333
    0.0004464567
   -0.0009278628
   -0.0017489304
   -0.0013012535
    0.0004763684
    0.0025502022
    0.0033153045
    0.0023893261
    0.0011111600
    0.0007268258
    0.0012426788
    0.0018499666
    0.0018635614
    0.0011491122
    0.0001933188
    0.0000386441
    0.0011448940
    0.0020356942
    0.0016315123
    0.0014172806
    0.0015683942
    0.0010377736
    0.0014015961
    0.0013919921
    0.0096647377
    0.0085841967
    0.0062887283
    0.0121083503
    0.0117290732
    0.0109739664
    0.0095235609
    0.0071682685
    0.0039107743
    0.0139092678
    0.0136215223
    0.0133086766
    0.0126937586
    0.0115599324
    0.0097261617
    0.0070459981
    0.0034829404
    0.0152847248
    0.0149833701
    0.0148882072
    0.0147371815
    0.0143423599
    0.0135565373
    0.0122429987
    0.0102504449
    0.0074122251
    0.0159394089
    0.0157530751
    0.0158137557
    0.0158927079
    0.0158344850
    0.0155259896
    0.0148724221
    0.0137734702
    0.0120966472
    0.0096556808
    0.0165798984
    0.0160108849
    0.0159967208
    0.0162256393
    0.0164992172
    0.0166865194
    0.0166976237
    0.0164656501
    0.0159309569
    0.0150223904
    0.0136308013
    0.0115752876
    0.0154817319
    0.0156146791
    0.0160098677
    0.0164790915
    0.0169007797
    0.0171950907
    0.0173091691
    0.0172067808
    0.0168589252
    0.0162320367
    0.0152690253
    0.0141486510
    0.0143555757
    0.0149005616
    0.0155758571
    0.0162495606
    0.0168368827
    0.0172844906
    0.0175615912
    0.0176546848
    0.0175648636
    0.0173071964
    0.0169139401
    0.0124597163
    0.0133513060
    0.0143135645
    0.0152384990
    0.0160574737
    0.0167293539
    0.0172344382
    0.0175723037
    0.0177638439
    0.0178601931
    0.0179676094
    0.0103266099
    0.0116881143
    0.0129854259
    0.0141560281
    0.0151622583
    0.0159862867
    0.0166288808
    0.0171119862
    0.0174881596
    0.0178651018
    0.0066255756
    0.0085761836
    0.0103448141
    0.0119023330
    0.0132329407
    0.0143338953
    0.0152174813
    0.0159162740
    0.0164953353
    0.0170820481
    0.0053139986
    0.0076135548
    0.0095680355
    0.0111969386
    0.0125234227
    0.0135814465
    0.0144260656
    0.0151531749
    0.0159453148
    0.0022340943
    0.0050349426
    0.0073317074
    0.0091840478
    0.0106470943
    0.0117851032
    0.0126897446
    0.0135141436
   -0.0006625844
    0.0025674838
    0.0051156826
    0.0070820675
    0.0085567058
    0.0096397969
    0.0104670125
   -0.0003069996
    0.0024656953
    0.0044571244
    0.0057863025
    0.0065628003
   -0.0015045732
    0.0006094841
    0.0016495345
    0.0016133625
    0.0100265995
    0.0087308352
    0.0082891847
    0.0105381293
    0.0124923672
    0.0128050507
    0.0116773733
    0.0095099397
    0.0069045024
    0.0049586889
    0.0048043931
    0.0067201831
    0.0097204288
    0.0123812852
    0.0140246666
    0.0146760483
    0.0145338307
    0.0137514171
    0.0123969174
    0.0104567731
    0.0079366545
    0.0050851358
    0.0059552912
    0.0095332189
    0.0124666013
    0.0144191599
    0.0155245182
    0.0159978817
    0.0159949592
    0.0156164759
    0.0149259034
