[30] 0.24296862000000008 0.5750595874999995 0.5853088250150904 0.29176896999999996 
[60] 0.0 0.03730895749999984 0.0 6.699999999970618e-06 
[90] 0.2383574300000002 0.5648538774999998 0.5790533208055422 0.28638365000000005 
[120] 0.4744732800000002 1.1086920974999996 1.1135560378315859 0.5969164699999998 
[150] 0.24343165000000022 0.5761459374999995 0.5986752409371547 0.29210749 
[180] 0.00012144999999996742 0.037304687499999586 0.0009033225942403078 0.0 
[210] 0.24331964000000017 0.5759580474999997 0.5994534952915274 0.29220584 
[240] 0.47445687000000003 1.1086844074999997 1.113534706440987 0.5969209099999999 
[270] 0.23839794999999997 0.5648447274999995 0.5790784724522382 0.28639508999999996 
[300] 5.148000000021469e-05 0.03732725749999964 0.00010018330067396164 7.48000000000415e-06 
[330] 0.2428694 0.5749883074999997 0.5852367210318334 0.2918105499999999 
[360] 0.4745540800000003 1.1089020574999997 1.11556614714209 0.5969369 
