[14] 3.76799971 6.12447768 10.07553077104967 0.0 
[44] 5.79118059 15.21534135 10.518100335495546 9.10271839 
[74] 6.53104136 20.181385080000002 18.4695782661438 15.85948852 
[104] 16.02349151 13.69074655 23.37750355200842 8.766236639999999 
[134] 7.29253725 17.45750213 11.245053210062906 10.807809189999999 
[164] 1.8004819199999997 7.60715524 3.0661582350730896 4.960995129999999 
[194] 0.0 0.0 0.0 0.04890814999999815 
[224] 2.72155933 3.89116668 1.992468529730104 0.30550762999999925 
[254] 5.42104416 6.55585957 8.486528294277377 0.34050339999999935 
[284] 2.10633377 13.99153669 18.286223731935024 13.026657409999999 
[314] 1.4104596699999998 17.43145588 18.62709137366619 16.50412095 
[344] 2.57925755 16.84688191 16.163875345722772 6.615456029999999 
