[14] 3.76799971 11.09947084 10.07553077104967 9.5204057 
[44] 5.79118059 16.33975836 10.518100335495546 14.112473170000001 
[74] 6.53104136 21.73339602 18.4695782661438 20.440559070000003 
[104] 16.02349151 14.618347210000001 23.37750355200842 12.71756921 
[134] 7.29253725 13.9292239 11.245053210062906 10.8848773 
[164] 1.8004819199999997 5.7720948100000005 3.0661582350730896 8.32659303 
[194] 0.0 0.82880212 0.0 4.52542434 
[224] 2.72155933 0.0 1.992468529730104 0.0 
[254] 5.42104416 8.74220903 8.486528294277377 7.172667069999999 
[284] 2.10633377 18.62322298 18.286223731935024 21.803191960000003 
[314] 1.4104596699999998 19.11127695 18.62709137366619 22.11282803 
[344] 2.57925755 15.55975345 16.163875345722772 16.51902621 
