[1] 0.71431121 3.2819318624999996 3.253157041268423 2.54718767 
[31] 0.34727489 1.5030259224999996 1.5732049759826623 1.05375815 
[61] 8.231999999996908e-05 0.02154864249999961 0.0 0.0016053399999999968 
[91] 0.35375374000000004 1.5573790124999995 1.5898426522762747 1.12271008 
[121] 0.7143534500000001 3.2819759724999997 3.253678532593767 2.5456265300000003 
[151] 0.35223088 1.5280551324999996 1.5205382742278744 1.07805536 
[181] 0.0 0.021382562499999543 0.0016408694646088406 0.0 
[211] 0.34902579 1.5388313124999995 1.6455406657914864 1.10875479 
[241] 0.71435725 3.2816675324999998 3.2512777810916305 2.54718346 
[271] 0.35123713 1.5215017524999996 1.4763212730322266 1.0736065499999998 
[301] 1.656000000005431e-05 0.021289062499999574 0.0019285219750599936 0.0004517899999999936 
[331] 0.35273730000000003 1.5520097224999996 1.54379500579671 1.11805772 
