[30] 0.08878335000000004 0.5707900574999996 0.5450197869940894 1.41675927 
[60] 0.0 -0.035351562500000475 0.0 0.8976788400000001 
[90] 0.09019810000000006 0.5646776274999995 0.566719136593747 1.39610131 
[120] 0.25728323000000003 1.2267603074999995 1.196827005551313 1.90465752 
[150] 0.45705877000000006 0.6769374074999995 0.6850207172101364 1.13445469 
[180] 0.9537448100000001 0.1587276574999995 0.12891821455559693 0.1334512 
[210] 1.73870859 0.8118719974999995 0.7944789770117495 0.008329940000000091 
[240] 2.11811218 1.3927144174999995 1.4563865781092318 0.21045349000000013 
[270] 1.70516174 0.7691384774999995 0.6676028145302553 0.0 
[300] 0.93094586 0.15719481749999953 0.1504639614140615 0.16056606000000007 
[330] 0.45064269 0.7090724874999995 0.8293831785122165 1.1889589200000001 
[360] 0.25507919000000007 1.2254873174999996 1.2070688274106942 1.90603986 
