[21] 2.0678414399999987 0.6512695312500004 0.023039164836518466 0.4618642899999985 
[51] 0.5866796699999988 1.3657011812500022 1.3749396417988464 2.700974709999999 
[81] 0.0003699599999968939 2.568625711250003 3.40334090316901 4.628506539999999 
[111] 0.1617370199999968 2.131714481250003 2.6916358930175193 3.9874933699999984 
[141] 1.2435771499999966 0.9512542712500033 0.724143999919761 1.7495837999999981 
[171] 2.7873508699999974 0.7566121412500014 0.19619407830759883 0.02615404999999882 
[201] 2.1008849199999986 0.65511038125 0.0 0.5987961099999985 
[231] 0.5891091399999979 1.44988064125 1.2923739652032964 2.8780550799999975 
[261] 0.0 2.542185571250001 3.364269742160104 4.578401389999999 
[291] 0.16062420999999816 2.1334625612500018 2.7797218908090144 4.002566249999998 
[321] 1.2155931599999974 0.8924179012500016 0.8278745849966072 1.5101231699999982 
[351] 2.7815492599999985 0.7571634812500027 0.17735892545897514 0.0 
