[11] 0.5118513999999998 0.6732921787499997 0.9287652009516023 0.009063080000000223 
[41] 0.38225244999999974 1.27738216875 1.9881604294059798 0.918367700000001 
[71] 0.0013165699999997393 1.5022809587499997 1.078456831688527 1.1322733200000004 
[101] 0.09747312000000008 0.52866931875 0.013087456114590168 0.020994060000000037 
[131] 0.5144217200000001 0.6786640787499998 0.9612064982648008 0.03322715000000054 
[161] 0.38059464 1.2818608887499998 1.960525646340102 0.9457282900000004 
[191] 0.003607600000000044 1.53178361875 1.1415058942511678 1.1817741400000008 
[221] 0.09419432999999966 0.53569389875 0.0 0.02569037000000085 
[251] 0.51246401 0.6751016987499998 0.9174884202657267 0.0 
[281] 0.38052236000000006 1.2814031987499996 1.9778353564906865 0.9212673000000007 
[311] 0.0 1.5004262987499999 1.0081381149357185 1.106246570000001 
[341] 0.10065810999999991 0.5284179687499999 0.01954338123323396 0.0017761600000003597 
