[7] 4.56361331 1.80264405375 0.910120380402077 0.0 
[37] 1.7433985100000005 0.4417599637499997 0.0 1.2947805499999996 
[67] 0.27545478000000045 0.31865234374999984 0.55426783580333 2.8730229799999996 
[97] 0.0 0.48300042374999974 0.91877470491454 3.53723367 
[127] 0.8432530300000005 0.3652768437499999 0.7824516936670989 2.3703420299999998 
[157] 3.4724503400000004 1.3669667637499998 1.6447824957431294 0.6178371299999998 
[187] 4.651011680000001 1.8518577837499999 0.8987319056759588 0.08620565999999963 
[217] 1.5688160900000003 0.4103352637499996 0.006767744198441505 1.2851660000000003 
[247] 0.19689907000000062 0.3668325137499996 0.6017544552451 2.93379794 
[277] 0.03343521000000038 0.4667752937499997 0.9120878698304296 3.5272924199999998 
[307] 0.9974415800000003 0.35771259374999975 0.7537848619394936 2.38840585 
[337] 3.6269000300000003 1.4267810037499995 1.6747333247913048 0.6455422899999994 
