[7] 4.94596631 1.5236796599999998 0.0 0.0 
[35] 2.08301651 0.12421874999999967 0.8957039006054401 1.3960880600000003 
[63] 0.7702728700000012 0.7790121 5.324723524739966 3.0633165899999995 
[91] 0.07092171000000036 2.3124975599999997 12.374301680654753 4.845850840000001 
[119] 0.0 5.892251290000001 8.958949844003655 6.20227214 
[147] 1.045645480000001 4.964474460000001 3.351404835062567 4.576048610000001 
[175] 4.6918892 4.3634436700000006 0.9769925777218305 2.45973228 
[203] 5.715059340000001 5.000803500000001 3.559419659897685 2.0552915 
[231] 3.4280263500000006 6.898536900000001 9.504336422367487 4.94567921 
[259] 2.3864400000000003 6.261886220000001 16.417041574488394 6.549780760000001 
[287] 4.419822260000001 7.002240680000001 12.172639951633755 4.99246479 
[315] 5.48584995 5.2661799600000005 4.58885036315769 2.4610005999999998 
[343] 6.27147752 3.459620760000001 1.2181156539008953 0.48336201000000045 
