[7] 4.94596631 2.8753922800000025 0.0 0.0 
[35] 2.08301651 1.7929687500000029 0.8957039006054401 1.6931547 
[63] 0.7702728700000012 3.0511441500000034 5.324723524739966 3.9218733500000003 
[91] 0.07092171000000036 5.049352330000002 12.374301680654753 6.132683800000001 
[119] 0.0 8.333125680000004 8.958949844003655 7.09398006 
[147] 1.045645480000001 6.594192770000003 3.351404835062567 4.487818300000001 
[175] 4.6918892 5.418079420000002 0.9769925777218305 2.093147130000001 
[203] 5.715059340000001 6.153449900000003 3.559419659897685 1.8734270300000002 
[231] 3.4280263500000006 8.762494070000002 9.504336422367487 5.04475076 
[259] 2.3864400000000003 9.224782700000004 16.417041574488394 8.06955155 
[287] 4.419822260000001 9.726929800000004 12.172639951633755 6.25544177 
[315] 5.48584995 7.369265630000003 4.58885036315769 3.16597498 
[343] 6.27147752 4.991014980000002 1.2181156539008953 0.6785726200000006 
