    0.0069422826
    0.0066869079
    0.0080444417
    0.0084353184
    0.0075905827
    0.0060908370
    0.0076199961
    0.0089243799
    0.0097656825
    0.0100026507
    0.0096242190
    0.0087599705
    0.0075869808
    0.0076871600
    0.0088695245
    0.0098952534
    0.0106995664
    0.0111816579
    0.0112773309
    0.0109880082
    0.0103832113
    0.0095848594
    0.0087241246
    0.0087803697
    0.0095235610
    0.0103107538
    0.0110775008
    0.0117176526
    0.0121400647
    0.0122894647
    0.0121520700
    0.0117565392
    0.0111739269
    0.0105161169
    0.0099266713
    0.0102181005
    0.0106530527
    0.0112530134
    0.0118807745
    0.0124231012
    0.0127996115
    0.0129624479
    0.0128941993
    0.0126068187
    0.0121425361
    0.0115771207
    0.0110254610
    0.0106481875
    0.0106533218
    0.0108443783
    0.0110636386
    0.0115340263
    0.0120889746
    0.0126084962
    0.0130105009
    0.0132433455
    0.0132807755
    0.0131192316
    0.0127773978
    0.0122983111
    0.0117542863
    0.0112558691
    0.0109665770
    0.0111261523
    0.0111752864
    0.0109117597
    0.0111237217
    0.0115714526
    0.0120928683
    0.0125784041
    0.0129552271
    0.0131777328
    0.0132218004
    0.0130818954
    0.0127704191
    0.0123192130
    0.0117837252
    0.0112507041
    0.0108518992
    0.0107882573
    0.0105081536
    0.0104294177
    0.0107379142
    0.0112202641
    0.0117370012
    0.0121957383
    0.0125359571
    0.0127202989
    0.0127295876
    0.0125604186
    0.0122247545
    0.0117515190
    0.0111904987
    0.0106197623
    0.0101586281
    0.0099913057
    0.0092893937
    0.0094381106
    0.0098701839
    0.0104073573
    0.0109336047
    0.0113723973
    0.0116741588
    0.0118089692
    0.0117626148
    0.0115347663
    0.0111390473
    0.0106048511
    0.0099815521
    0.0093460412
    0.0088161195
    0.0085749476
    0.0075301138
    0.0079038905
    0.0084676252
    0.0090720351
    0.0096195775
    0.0100460773
    0.0103103631
    0.0103884014
    0.0102701612
    0.0099583809
    0.0094690004
    0.0088334679
    0.0081032300
    0.0073579607
    0.0067198730
    0.0051302081
    0.0057394180
    0.0064544390
    0.0071474325
    0.0077344167
    0.0081601836
    0.0083896922
    0.0084032900
    0.0081941450
    0.0077674844
    0.0071414452
    0.0063496080
    0.0054459684
    0.0045135309
    0.0036795721
    0.0019007782
    0.0027972871
    0.0037141638
    0.0045400924
    0.0052012142
    0.0056488060
    0.0058520836
    0.0057941721
    0.0054700188
    0.0048859419
    0.0040605387
    0.0030271606
    0.0018385167
    0.0005743879
   -0.0012078757
    0.0000280110
    0.0010839336
    0.0018957234
    0.0024199835
    0.0026285824
    0.0025054307
    0.0020447351
    0.0012503803
    0.0001362073
   -0.0012729298
   -0.0035998191
   -0.0024459443
   -0.0016945567
   -0.0013706596
   -0.0014915045
   -0.0020677614
   -0.0031048545
   -0.0046049228
   -0.0072077985
   -0.0064066435
   -0.0062387021
   -0.0067202018
   -0.0078725283
    0.0042174447
    0.0043211605
    0.0044225453
    0.0045609637
    0.0046733089
    0.0048609259
    0.0048790497
    0.0049740292
    0.0051690220
    0.0051611100
    0.0051880930
    0.0054763237
    0.0056807533
    0.0056062756
    0.0056254169
    0.0059746132
    0.0060179048
    0.0060756655
    0.0064446658
    0.0063806283
    0.0069475250
    0.0074003724
    0.0078843191
    0.0083701569
    0.0088644751
    0.0097212762
    0.0107089987
    0.0102657948
    0.0097609021
    0.0092962525
    0.0085041522
    0.0077869075
    0.0072308670
    0.0071500966
    0.0060065939
    0.0063133066
    0.0052246501
    0.0050793154
    0.0042053802
    0.0043092379
    0.0032044973
    0.0028244547
    0.0031295800
    0.0025702218
    0.0018197378
    0.0017108559
    0.0022406034
    0.0011817748
    0.0006721220
    0.0007705673
    0.0014540983
    0.0001576021
   -0.0006481408
   -0.0008963161
   -0.0005844402
   -0.0007764456
   -0.0017158517
   -0.0021559224
   -0.0020698517
   -0.0014778429
   -0.0025888167
   -0.0031973126
   -0.0033185359
   -0.0029584160
   -0.0021707174
   -0.0030437465
   -0.0041094397
   -0.0047803827
   -0.0050056643
   -0.0047832642
   -0.0041568096
   -0.0046815504
   -0.0056225158
   -0.0062051422
   -0.0063775005
   -0.0061355149
   -0.0055206378
   -0.0061175057
   -0.0069624254
   -0.0074657298
   -0.0075863051
   -0.0073300464
   -0.0067488720
   -0.0059447395
   -0.0073356669
   -0.0082795345
   -0.0089558488
   -0.0092969579
   -0.0092837762
   -0.0089416458
   -0.0083411691
   -0.0076003319
   -0.0087831603
   -0.0096488137
   -0.0103057945
   -0.0106725419
   -0.0107155075
   -0.0104457123
   -0.0099186583
   -0.0092361283
   -0.0091640267
   -0.0100370412
   -0.0108582682
   -0.0114996617
   -0.0118796483
   -0.0119643593
   -0.0117648868
   -0.0113364952
   -0.0107785085
   -0.0102272398
   -0.0105040967
   -0.0112603918
   -0.0120795461
   -0.0128194153
   -0.0133708121
   -0.0136692682
   -0.0136954866
   -0.0134733906
   -0.0130691999
   -0.0125883870
   -0.0121628944
   -0.0119228994
   -0.0119583634
   -0.0122870132
   -0.0128478300
   -0.0135241670
   -0.0141826377
   -0.0147077916
   -0.0150215531
   -0.0150892497
   -0.0149194012
   -0.0145630384
   -0.0141114490
   -0.0136859188
   -0.0134130795
   -0.0133885239
   -0.0136430358
   -0.0141309524
   -0.0147481108
   -0.0153683958
   -0.0158792152
   -0.0162031340
   -0.0163057644
   -0.0161962985
   -0.0159261814
   -0.0155848565
   -0.0152867148
   -0.0151447524
   -0.0152351870
   -0.0155694574
   -0.0160896926
   -0.0166912755
   -0.0172586073
   -0.0176958928
   -0.0179443627
   -0.0179875337
   -0.0178509961
   -0.0175995703
   -0.0173286041
   -0.0171443863
   -0.0171335228
   -0.0173321677
   -0.0177119601
   -0.0181916146
   -0.0186671595
   -0.0190440474
   -0.0192586064
   -0.0192874235
   -0.0191491859
   -0.0189025294
   -0.0186375215
   -0.0184559351
   -0.0184407676
   -0.0186257019
   -0.0189816328
   -0.0194290888
   -0.0198687793
   -0.0202133990
   -0.0204082883
   -0.0204401997
   -0.0203381762
   -0.0201686453
   -0.0200219711
   -0.0199873219
   -0.0201212484
   -0.0204246173
   -0.0208422631
   -0.0212860085
   -0.0216668053
   -0.0219206387
   -0.0220220749
   -0.0219874883
   -0.0218713248
   -0.0217537621
   -0.0217173497
   -0.0218170097
   -0.0220570886
   -0.0223896453
   -0.0227355489
   -0.0230153099
   -0.0231744441
   -0.0231972176
   -0.0231097194
   -0.0229741681
   -0.0228722249
   -0.0228770981
   -0.0230235482
   -0.0232922609
   -0.0236194374
   -0.0239254235
   -0.0241453633
   -0.0242495460
   -0.0242507703
   -0.0242002717
   -0.0241718664
   -0.0242341885
   -0.0244203585
   -0.0247116283
   -0.0250466138
   -0.0253500282
   -0.0255635989
   -0.0256656885
   -0.0256771342
   -0.0256533593
   -0.0256635001
   -0.0257597979
   -0.0259515049
   -0.0262002314
   -0.0264405778
   -0.0266122673
   -0.0266862224
   -0.0266760021
   -0.0266331003
   -0.0266258323
   -0.0267069829
   -0.0268854853
   -0.0271220299
   -0.0273524048
   -0.0275222039
   -0.0276129794
   -0.0276500217
   -0.0276899785
   -0.0277910599
   -0.0279785381
   -0.0282283086
   -0.0284817094
   -0.0286808221
   -0.0288002073
   -0.0288590519
   -0.0289090580
   -0.0290027375
   -0.0291581283
   -0.0293462942
   -0.0295127659
   -0.0296161638
   -0.0296565024
   -0.0296765690
   -0.0297342360
   -0.0298611086
   -0.0300389286
   -0.0302160838
   -0.0303504392
   -0.0304424506
   -0.0305339887
   -0.0306722535
   -0.0308659699
   -0.0310752593
   -0.0312475742
   -0.0313645269
   -0.0314558892
   -0.0315670351
   -0.0317095299
   -0.0318487584
   -0.0319460489
   -0.0320072921
   -0.0320805479
   -0.0322009528
   -0.0323495463
   -0.0324846033
   -0.0326036941
   -0.0327450629
   -0.0329216564
   -0.0330920675
   -0.0332239803
   -0.0333409471
   -0.0334641369
   -0.0335673026
   -0.0336497096
   -0.0337577487
   -0.0338902070
   -0.0340318979
   -0.0341961664
   -0.0343382975
   -0.0344473260
   -0.0345454772
   -0.0346897468
    0.0070173337
    0.0064228673
    0.0058241756
    0.0070136406
    0.0084235074
    0.0090680016
    0.0087288732
    0.0076215796
    0.0066240107
    0.0080901328
    0.0093000378
    0.0101472402
    0.0105138188
    0.0103543062
    0.0097309910
    0.0087841815
    0.0076445201
    0.0083808898
    0.0094017681
    0.0103252778
    0.0110764581
    0.0115573396
    0.0117028769
    0.0115014541
    0.0109983368
    0.0102898710
    0.0095046406
    0.0087550982
    0.0095277178
    0.0101525381
    0.0108635631
    0.0115560248
    0.0121219477
    0.0124800985
    0.0125845987
    0.0124262385
    0.0120325363
    0.0114684268
    0.0108372352
    0.0102783300
    0.0099505746
    0.0104872560
    0.0107723161
    0.0112891179
    0.0118852873
    0.0124383057
    0.0128602123
    0.0130950761
    0.0131156488
    0.0129212797
    0.0125378549
    0.0120200114
    0.0114561376
    0.0109762371
    0.0107619343
    0.0110433664
    0.0109757063
    0.0112941814
    0.0117945148
    0.0123305460
    0.0128008640
    0.0131381991
    0.0133021663
    0.0132749025
    0.0130590645
    0.0126781126
    0.0121790117
    0.0116379710
    0.0111705812
    0.0109489119
    0.0112299138
    0.0108821129
    0.0108232853
    0.0111392632
    0.0116231792
    0.0121367466
    0.0125872860
    0.0129140873
    0.0130803408
    0.0130684581
    0.0128779888
    0.0125254938
    0.0120467260
    0.0115012939
    0.0109814275
    0.0106271910
    0.0106541365
    0.0103385490
    0.0100501776
    0.0102530624
    0.0106962039
    0.0112182122
    0.0117127075
    0.0121094594
    0.0123635938
    0.0124494633
    0.0123572695
    0.0120919182
    0.0116736596
    0.0111408037
    0.0105551706
    0.0100118190
    0.0096563684
    0.0097173285
    0.0086885040
    0.0089326058
    0.0094164102
    0.0099767431
    0.0105070111
    0.0109369662
    0.0112213405
    0.0113333096
    0.0112609894
    0.0110059400
    0.0105834770
    0.0100247176
    0.0093810868
    0.0087322725
    0.0082004140
    0.0079761114
    0.0066760283
    0.0071127739
    0.0077213908
    0.0083571566
    0.0089254130
    0.0093638865
    0.0096326777
    0.0097086767
    0.0095824875
    0.0092572838
    0.0087493631
    0.0080904431
    0.0073322743
    0.0065548562
    0.0058808968
    0.0041061526
    0.0048305705
    0.0056099912
    0.0063306925
    0.0069176823
    0.0073218787
    0.0075127115
    0.0074740470
    0.0072021245
    0.0067052359
    0.0060049458
    0.0051390922
    0.0041674625
    0.0031814666
    0.0011160441
    0.0021447901
    0.0030821462
    0.0038488472
    0.0043922132
    0.0046783806
    0.0046878161
    0.0044129617
    0.0038574105
    0.0030364335
    0.0019789899
    0.0007314087
   -0.0022445761
   -0.0009649419
    0.0000571313
    0.0007739171
    0.0011533072
    0.0011753618
    0.0008302816
    0.0001173748
   -0.0009552218
   -0.0023704464
   -0.0061373972
   -0.0046882546
   -0.0036926189
   -0.0031729660
   -0.0031466902
   -0.0036265398
   -0.0046218874
   -0.0061412718
   -0.0094092901
   -0.0085162351
   -0.0083538007
   -0.0089385393
    0.0069283744
    0.0078508718
    0.0071535974
    0.0062267678
    0.0077721715
    0.0089716615
    0.0094978032
    0.0092509789
    0.0083592394
    0.0070544332
    0.0075952795
    0.0088444015
    0.0098702986
    0.0105811787
    0.0108767527
    0.0107214407
    0.0101652611
    0.0093276475
    0.0083439129
    0.0092572466
    0.0101201212
    0.0109164655
    0.0115426627
    0.0119089399
    0.0119664179
    0.0117147169
    0.0112024928
    0.0105242616
    0.0098096834
    0.0091910929
    0.0098368149
    0.0102830351
    0.0108985237
    0.0115592602
    0.0121452770
    0.0125654568
    0.0127629388
    0.0127147573
    0.0124309300
    0.0119549269
    0.0113660116
    0.0107826692
    0.0103637870
    0.0107331820
    0.0110284682
    0.0115408156
    0.0121126536
    0.0126279474
    0.0130072761
    0.0132020329
    0.0131901685
    0.0129740404
    0.0125805995
    0.0120640852
    0.0115118876
    0.0110542190
    0.0108788286
    0.0110707082
    0.0109802159
    0.0112874560
    0.0117790249
    0.0123078048
    0.0127737000
    0.0131108607
    0.0132796554
    0.0132619218
    0.0130588828
    0.0126911737
    0.0122013868
    0.0116595547
    0.0111730143
    0.0109035290
    0.0110972690
    0.0106725383
    0.0106578391
    0.0110000322
    0.0114964626
    0.0120134182
    0.0124620150
    0.0127844188
    0.0129456699
    0.0129292517
    0.0127348854
    0.0123786186
    0.0118948308
    0.0113409536
    0.0108060376
    0.0104259866
    0.0104113042
    0.0097317700
    0.0097260465
    0.0100837354
    0.0105984121
    0.0111364455
    0.0116097740
    0.0119608412
    0.0121539912
    0.0121706509
    0.0120068934
    0.0116730193
    0.0111949247
    0.0106176864
    0.0100122614
    0.0094873903
    0.0092110668
    0.0080953254
    0.0084245704
    0.0089642914
    0.0095595613
    0.0101092232
    0.0105467530
    0.0108294115
    0.0109322405
    0.0108445925
    0.0105689350
    0.0101211856
    0.0095329253
    0.0088559911
    0.0081705832
    0.0075997757
    0.0073361013
    0.0058634964
    0.0064013809
    0.0070807906
    0.0077644220
    0.0083623801
    0.0088155478
    0.0090862497
    0.0091528987
    0.0090071876
    0.0086531112
    0.0081075479
    0.0074027199
    0.0065908364
    0.0057524210
    0.0050109231
    0.0033271152
    0.0041925710
    0.0050404716
    0.0057771516
    0.0063406818
    0.0066909518
    0.0068039935
    0.0066688455
    0.0062862719
    0.0056689935
    0.0048434500
    0.0038534711
    0.0027667534
   -0.0002113119
    0.0009645015
    0.0020124078
    0.0028586058
    0.0034536129
    0.0037654085
    0.0037753519
    0.0034761034
    0.0028707792
    0.0019733639
    0.0008102692
   -0.0005768228
   -0.0024538841
   -0.0012760828
   -0.0004465700
    0.0000055040
    0.0000611638
   -0.0002899368
   -0.0010506210
   -0.0022168875
   -0.0037790001
   -0.0061159606
   -0.0050426694
   -0.0045178636
   -0.0045552905
   -0.0051681307
   -0.0063706359
   -0.0099872916
   -0.0102802061
    0.0063527533
    0.0062298300
    0.0069113395
    0.0071140162
    0.0066974455
    0.0067205471
    0.0073796414
    0.0078156141
    0.0079482438
    0.0077670230
    0.0073432046
    0.0067704726
    0.0067702587
    0.0073675174
    0.0078901683
    0.0083157032
    0.0085887413
    0.0086665654
    0.0085439840
    0.0082575547
    0.0078736097
    0.0074586776
    0.0077147348
    0.0080946240
    0.0084851092
    0.0088417134
    0.0091098341
    0.0092477234
    0.0092365209
    0.0090834466
    0.0088214626
    0.0085057897
    0.0082050708
    0.0079815450
    0.0083219776
    0.0085392151
    0.0088351121
    0.0091499979
    0.0094262070
    0.0096190055
    0.0097005949
    0.0096611022
    0.0095087969
    0.0092701918
    0.0089900562
    0.0087306390
    0.0085679269
    0.0085801583
    0.0088054669
    0.0087290396
    0.0088448507
    0.0090776906
    0.0093557342
    0.0096198088
    0.0098258143
    0.0099445855
    0.0099611025
    0.0098739478
    0.0096952022
    0.0094510734
    0.0091831856
    0.0089503211
    0.0088300778
    0.0089186044
    0.0091411886
    0.0088824975
    0.0088869725
    0.0090536067
    0.0092994699
    0.0095603621
    0.0097889010
    0.0099521707
    0.0100298026
    0.0100126630
    0.0099022856
    0.0097109214
    0.0094624461
    0.0091940649
    0.0089590819
    0.0088307449
    0.0089073326
    0.0090074544
    0.0087267088
    0.0087225560
    0.0088824783
    0.0091221157
    0.0093792270
    0.0096088552
    0.0097797639
    0.0098719606
    0.0098751672
    0.0097879883
    0.0096178196
    0.0093814283
    0.0091063673
    0.0088333278
    0.0086198758
    0.0085461094
    0.0087229926
    0.0084885075
    0.0082549768
    0.0082847230
    0.0084654688
    0.0087163179
    0.0089789702
    0.0092118054
    0.0093859453
    0.0094826858
    0.0094919001
    0.0094112057
    0.0092457556
    0.0090086901
    0.0087223082
    0.0084200669
    0.0081498783
    0.0079792500
    0.0080032970
    0.0083574703
    0.0076858779
    0.0074728394
    0.0075239487
    0.0077246293
    0.0079939530
    0.0082742324
    0.0085244361
    0.0087159224
    0.0088297443
    0.0088549639
    0.0087876545
    0.0086306610
    0.0083937862
    0.0080947332
    0.0077606905
    0.0074310766
    0.0071617552
    0.0070318054
    0.0071544098
    0.0063513069
    0.0063663584
    0.0065641078
    0.0068523569
    0.0071660517
    0.0074589504
    0.0076984312
    0.0078621170
    0.0079358308
    0.0079122984
    0.0077905323
    0.0075758187
    0.0072801399
    0.0069233005
    0.0065348700
    0.0061571982
    0.0058502571
    0.0056993902
    0.0047609035
    0.0048716368
    0.0051471943
    0.0054980107
    0.0058610386
    0.0061914997
    0.0064577570
    0.0066380467
    0.0067184446
    0.0066915765
    0.0065560438
    0.0063163097
    0.0059831350
    0.0055745561
    0.0051176142
    0.0046511324
    0.0042300727
    0.0039324275
    0.0030325017
    0.0034436422
    0.0038891948
    0.0043140283
    0.0046789062
    0.0049561475
    0.0051268826
    0.0051793506
    0.0051078521
    0.0049122953
    0.0045982599
    0.0041774539
    0.0036688130
    0.0031002756
    0.0025115921
    0.0019586512
    0.0008300211
    0.0014066349
    0.0019640286
    0.0024567068
    0.0028520819
    0.0031272134
    0.0032667075
    0.0032614507
    0.0031078601
    0.0028075942
    0.0023677445
    0.0018014153
    0.0011287677
    0.0003787734
   -0.0004082700
   -0.0011052107
   -0.0004066908
    0.0001755043
    0.0006147986
    0.0008922804
    0.0009953413
    0.0009167455
    0.0006540939
    0.0002096868
   -0.0004094072
   -0.0011910456
   -0.0021174205
   -0.0034914013
   -0.0027328394
   -0.0021753487
   -0.0018346329
   -0.0017218956
   -0.0018443147
   -0.0022053653
   -0.0028052283
   -0.0036412326
   -0.0047085526
   -0.0058837993
   -0.0052666545
   -0.0049563629
   -0.0049607802
   -0.0052866802
   -0.0059402289
   -0.0069282555
   -0.0088465068
   -0.0086519196
   -0.0089118313
    0.0050115091
    0.0050632204
    0.0051148380
    0.0051859378
    0.0052468830
    0.0053373231
    0.0053528124
    0.0053980054
    0.0054858796
    0.0054903581
    0.0055102482
    0.0056419679
    0.0057417214
    0.0057248918
    0.0057442668
    0.0059014311
    0.0059501868
    0.0059735231
    0.0061641891
    0.0061366018
    0.0064428347
    0.0067060011
    0.0067289265
    0.0069218892
    0.0074930433
    0.0077080297
    0.0082617058
    0.0077303351
    0.0072147043
    0.0067488999
    0.0063397386
    0.0057337438
    0.0056438790
    0.0050338704
    0.0046254074
    0.0044897162
    0.0036862703
    0.0036676814
    0.0031781509
    0.0029177993
    0.0030181768
    0.0024445420
    0.0022713294
    0.0024428585
    0.0017871067
    0.0013751345
    0.0012887503
    0.0015268474
    0.0007585609
    0.0004843138
    0.0005221112
    0.0008637958
    0.0003745713
   -0.0000841911
   -0.0002532104
   -0.0001259225
   -0.0009674018
   -0.0012911031
   -0.0013352814
   -0.0011050770
   -0.0017253602
   -0.0021125506
   -0.0022407708
   -0.0021046635
   -0.0017221949
   -0.0023306748
   -0.0027833439
   -0.0029972460
   -0.0029609541
   -0.0026862776
   -0.0034359217
   -0.0039031440
   -0.0041486253
   -0.0041589053
   -0.0039430728
   -0.0035326702
   -0.0039509529
   -0.0045207726
   -0.0049164034
   -0.0051029471
   -0.0050683859
   -0.0048228703
   -0.0043988491
   -0.0049219178
   -0.0054363497
   -0.0057777914
   -0.0059183283
   -0.0058526463
   -0.0055975080
   -0.0051917059
   -0.0058539263
   -0.0064146588
   -0.0068344678
   -0.0070758489
   -0.0071234855
   -0.0069836302
   -0.0066837959
   -0.0062721831
   -0.0068851027
   -0.0073957936
   -0.0077880174
   -0.0080205740
   -0.0080736105
   -0.0079486298
   -0.0076683165
   -0.0072760636
   -0.0068338989
   -0.0071916479
   -0.0077305477
   -0.0082191862
   -0.0085985289
   -0.0088290502
   -0.0088925428
   -0.0087922489
   -0.0085524252
   -0.0082174401
   -0.0078487332
   -0.0081134975
   -0.0086250016
   -0.0091344041
   -0.0095762260
   -0.0099002962
   -0.0100760810
   -0.0100939194
   -0.0099648697
   -0.0097200429
   -0.0094086338
   -0.0090932196
   -0.0088408958
   -0.0089343664
   -0.0092679144
   -0.0096881308
   -0.0101299948
   -0.0105292893
   -0.0108331826
   -0.0110062773
   -0.0110332189
   -0.0109192586
   -0.0106899323
   -0.0103894357
   -0.0100764005
   -0.0098157163
   -0.0096663678
   -0.0096679116
   -0.0098302346
   -0.0101309894
   -0.0105217009
   -0.0109402175
   -0.0113242232
   -0.0116222334
   -0.0118000323
   -0.0118435449
   -0.0117594553
   -0.0115745671
   -0.0113334602
   -0.0110932926
   -0.0109146489
   -0.0108491173
   -0.0109266797
   -0.0111476273
   -0.0114825755
   -0.0118804589
   -0.0122813269
   -0.0126290219
   -0.0128803892
   -0.0130105177
   -0.0130145918
   -0.0129079764
   -0.0127245823
   -0.0125130530
   -0.0123293731
   -0.0122260595
   -0.0122397259
   -0.0123814497
   -0.0126336483
   -0.0129551205
   -0.0132920512
   -0.0135905262
   -0.0138067772
   -0.0139136801
   -0.0139036544
   -0.0137893843
   -0.0136024521
   -0.0133895730
   -0.0132051577
   -0.0131002638
   -0.0131101827
   -0.0132447434
   -0.0134855172
   -0.0137913577
   -0.0141096458
   -0.0143889354
   -0.0145890778
   -0.0146874385
   -0.0146815004
   -0.0145889561
   -0.0144453057
   -0.0142984230
   -0.0141993300
   -0.0141901850
   -0.0142928889
   -0.0145026414
   -0.0147893228
   -0.0151063814
   -0.0154031809
   -0.0156364256
   -0.0157780672
   -0.0158193535
   -0.0157716125
   -0.0156644275
   -0.0155407042
   -0.0154480185
   -0.0154271905
   -0.0155009564
   -0.0156671522
   -0.0158994107
   -0.0161553110
   -0.0163882560
   -0.0165588559
   -0.0166428770
   -0.0166354922
   -0.0165519864
   -0.0164253019
   -0.0162998654
   -0.0162215415
   -0.0162254055
   -0.0163251926
   -0.0165089881
   -0.0167432434
   -0.0169833562
   -0.0171862387
   -0.0173207477
   -0.0173740205
   -0.0173537563
   -0.0172865342
   -0.0172122190
   -0.0171743093
   -0.0172075904
   -0.0173271387
   -0.0175231285
   -0.0177641955
   -0.0180077152
   -0.0182124454
   -0.0183492857
   -0.0184076327
   -0.0183973371
   -0.0183462146
   -0.0182932474
   -0.0182778446
   -0.0183273716
   -0.0184478356
   -0.0186217592
   -0.0188145333
   -0.0189863423
   -0.0191044273
   -0.0191522219
   -0.0191335414
   -0.0190717893
   -0.0190040407
   -0.0189702970
   -0.0190003997
   -0.0191032802
   -0.0192636944
   -0.0194483475
   -0.0196182611
   -0.0197420015
   -0.0198052392
   -0.0198146958
   -0.0197960606
   -0.0197859250
   -0.0198192798
   -0.0199160876
   -0.0200731043
   -0.0202650402
   -0.0204547710
   -0.0206073910
   -0.0207022577
   -0.0207394144
   -0.0207390730
   -0.0207344805
   -0.0207592005
   -0.0208333592
   -0.0209547144
   -0.0210998410
   -0.0212347024
   -0.0213293397
   -0.0213699610
   -0.0213645164
   -0.0213399826
   -0.0213319646
   -0.0213695519
   -0.0214619057
   -0.0215940771
   -0.0217348262
   -0.0218518966
   -0.0219269310
   -0.0219634136
   -0.0219849897
   -0.0220242685
   -0.0221063802
   -0.0222352706
   -0.0223911260
   -0.0225409382
   -0.0226556706
   -0.0227247182
   -0.0227604765
   -0.0227913166
   -0.0228454410
   -0.0229341785
   -0.0230448956
   -0.0231493030
   -0.0232213909
   -0.0232538271
   -0.0232632151
   -0.0232807788
   -0.0233330927
   -0.0234247029
   -0.0235357131
   -0.0236367309
   -0.0237102520
   -0.0237630339
   -0.0238208362
   -0.0239083277
   -0.0240284336
   -0.0241588926
   -0.0242696117
   -0.0243464994
   -0.0244017644
   -0.0244616045
   -0.0245411982
   -0.0246298284
   -0.0247023889
   -0.0247464770
   -0.0247774644
   -0.0248248195
   -0.0249018769
   -0.0249928365
   -0.0250742636
   -0.0251452687
   -0.0252278154
   -0.0253341673
   -0.0254455778
   -0.0255358714
   -0.0256066557
   -0.0256784552
   -0.0257513236
   -0.0258070504
   -0.0258526845
   -0.0259160049
   -0.0259958149
   -0.0260782455
   -0.0261749533
   -0.0262749181
   -0.0263540859
   -0.0264175334
   -0.0264709449
   -0.0265542630
   -0.0266368976
    0.0063960745
    0.0061054979
    0.0064077547
    0.0071177277
    0.0074490674
    0.0072829346
    0.0067336922
    0.0069736373
    0.0075873601
    0.0080286338
    0.0082308731
    0.0081632528
    0.0078586411
    0.0073945608
    0.0068376517
    0.0071337825
    0.0076492975
    0.0081201945
    0.0085217932
    0.0088003970
    0.0089120806
    0.0088425851
    0.0086126960
    0.0082737378
    0.0078928439
    0.0075232193
    0.0077615473
    0.0080446218
    0.0083746501
    0.0087304406
    0.0090593135
    0.0093078855
    0.0094373811
    0.0094298126
    0.0092897711
    0.0090443502
    0.0087414256
    0.0084449988
    0.0082236918
    0.0084784210
    0.0085871868
    0.0088180596
    0.0091100569
    0.0094007644
    0.0096385511
    0.0097869339
    0.0098256220
    0.0097505288
    0.0095737356
    0.0093237206
    0.0090458471
    0.0088023472
    0.0086700883
    0.0087320921
    0.0089292672
    0.0088159998
    0.0089094767
    0.0091268086
    0.0093944475
    0.0096535768
    0.0098607335
    0.0099868527
    0.0100160922
    0.0099450870
    0.0097827531
    0.0095507769
    0.0092848175
    0.0090364998
    0.0088757465
    0.0088929011
    0.0089083990
    0.0088364392
    0.0089575421
    0.0091818204
    0.0094401934
    0.0096814368
    0.0098692484
    0.0099798869
    0.0100005463
    0.0099284939
    0.0097708259
    0.0095450028
    0.0092801580
    0.0090193311
    0.0088228659
    0.0087732642
    0.0089815548
    0.0090554738
    0.0086450619
    0.0085598682
    0.0086740309
    0.0088942202
    0.0091518806
    0.0093973119
    0.0095953821
    0.0097226105
    0.0097652987
    0.0097183801
    0.0095850731
    0.0093771026
    0.0091156896
    0.0088333679
    0.0085769209
    0.0084119694
    0.0084299010
    0.0087583508
    0.0082801184
    0.0080035556
    0.0080092856
    0.0081792920
    0.0084292020
    0.0086984038
    0.0089435809
    0.0091344321
    0.0092509290
    0.0092815494
    0.0092223114
    0.0090764622
    0.0088547592
    0.0085763752
    0.0082706934
    0.0079800985
    0.0077644705
    0.0077081970
    0.0079313783
    0.0071707531
    0.0070692732
    0.0071902685
    0.0074312894
    0.0077199057
    0.0080044846
    0.0082484523
    0.0084265216
    0.0085223035
    0.0085269200
    0.0084381927
    0.0082604877
    0.0080051147
    0.0076913651
    0.0073482739
    0.0070176215
    0.0067585042
    0.0066547519
    0.0068269239
    0.0057832056
    0.0058305074
    0.0060540083
    0.0063629142
    0.0066932057
    0.0069993746
    0.0072493215
    0.0074210355
    0.0075005537
    0.0074806812
    0.0073604489
    0.0071449860
    0.0068460228
    0.0064829877
    0.0060848554
    0.0056931210
    0.0053665654
    0.0051887986
    0.0040159944
    0.0041719611
    0.0044844379
    0.0048653520
    0.0052526687
    0.0056023110
    0.0058831633
    0.0060738248
    0.0061606060
    0.0061363241
    0.0059996934
    0.0057552362
    0.0054137089
    0.0049931172
    0.0045203934
    0.0040341716
    0.0035891022
    0.0032626660
    0.0018815688
    0.0022791164
    0.0027539878
    0.0032370671
    0.0036791865
    0.0040453566
    0.0043110601
    0.0044598840
    0.0044820988
    0.0043738089
    0.0041366534
    0.0037779855
    0.0033115444
    0.0027586504
    0.0021502652
    0.0015300816
   -0.0003494780
    0.0002953064
    0.0009164748
    0.0014675556
    0.0019150635
    0.0022352888
    0.0024121696
    0.0024359170
    0.0023022992
    0.0020122891
    0.0015721442
    0.0009939375
    0.0002964649
   -0.0004933174
   -0.0026176308
   -0.0018031150
   -0.0011120943
   -0.0005724798
   -0.0002045161
   -0.0000221842
   -0.0000341308
   -0.0002441919
   -0.0006516956
   -0.0012515386
   -0.0020340091
   -0.0029845985
   -0.0051589357
   -0.0042490924
   -0.0035619017
   -0.0031121617
   -0.0029110574
   -0.0029663025
   -0.0032823899
   -0.0038609838
   -0.0047015638
   -0.0073909342
   -0.0066936824
   -0.0063419670
   -0.0063422636
   -0.0067014839
   -0.0074274539
    0.0063446849
    0.0068092109
    0.0064650792
    0.0060216175
    0.0067914643
    0.0073978129
    0.0076709051
    0.0075523392
    0.0071108718
    0.0064696235
    0.0067291211
    0.0073563965
    0.0078796260
    0.0082561622
    0.0084271819
    0.0083665455
    0.0080994954
    0.0076920114
    0.0072146056
    0.0075829166
    0.0080084516
    0.0084181210
    0.0087656836
    0.0089965389
    0.0090734362
    0.0089872840
    0.0087593651
    0.0084381238
    0.0080894215
    0.0077753825
    0.0081481604
    0.0083915335
    0.0087032867
    0.0090290344
    0.0093102439
    0.0095001113
    0.0095699164
    0.0095109636
    0.0093349523
    0.0090737523
    0.0087783491
    0.0085155897
    0.0083589939
    0.0086417328
    0.0086911673
    0.0088877407
    0.0091603501
    0.0094428475
    0.0096823209
    0.0098413439
    0.0098980189
    0.0098455182
    0.0096917975
    0.0094599205
    0.0091888317
    0.0089344861
    0.0087703248
    0.0087849582
    0.0088907997
    0.0088715858
    0.0090263051
    0.0092702599
    0.0095358445
    0.0097722894
    0.0099439447
    0.0100285933
    0.0100161199
    0.0099079151
    0.0097169419
    0.0094685328
    0.0092020895
    0.0089736072
    0.0088590502
    0.0089579907
    0.0090846435
    0.0088019743
    0.0087967542
    0.0089576044
    0.0091994355
    0.0094588344
    0.0096898425
    0.0098605481
    0.0099507578
    0.0099504571
    0.0098590380
    0.0096852370
    0.0094478347
    0.0091771315
    0.0089174663
    0.0087311089
    0.0087039036
    0.0089533242
    0.0087037169
    0.0084261826
    0.0084293887
    0.0085967304
    0.0088435156
    0.0091083817
    0.0093473773
    0.0095299323
    0.0096361686
    0.0096552198
    0.0095843857
    0.0094288160
    0.0092020393
    0.0089270462
    0.0086383856
    0.0083854787
    0.0082377412
    0.0082925988
    0.0086878055
    0.0077894778
    0.0077247020
    0.0078617053
    0.0081046123
    0.0083850778
    0.0086542888
    0.0088778086
    0.0090322131
    0.0091029568
    0.0090831250
    0.0089728211
    0.0087792209
    0.0085171691
    0.0082105314
    0.0078944713
    0.0076190709
    0.0074550551
    0.0075028934
    0.0067286401
    0.0067064360
    0.0068817729
    0.0071585802
    0.0074690369
    0.0077649361
    0.0080122243
    0.0081875270
    0.0082759379
    0.0082696959
    0.0081675342
    0.0079745460
    0.0077027085
    0.0073718927
    0.0070118512
    0.0066652111
    0.0063923475
    0.0062790898
    0.0052448397
    0.0053364712
    0.0055977844
    0.0059386826
    0.0062957508
    0.0066239614
    0.0068915250
    0.0070766552
    0.0071654724
    0.0071507617
    0.0070313637
    0.0068121173
    0.0065042665
    0.0061265343
    0.0057068891
    0.0052854495
    0.0049190058
    0.0046882784
    0.0035637056
    0.0039388827
    0.0043667116
    0.0047882106
    0.0051614482
    0.0054568248
    0.0056540749
    0.0057403313
    0.0057090266
    0.0055593561
    0.0052961769
    0.0049305204
    0.0044805742
    0.0039733908
    0.0034476443
    0.0029578911
    0.0012416500
    0.0017615824
    0.0023097281
    0.0028291804
    0.0032792299
    0.0036309631
    0.0038644134
    0.0039667171
    0.0039310729
    0.0037561571
    0.0034460301
    0.0030105379
    0.0024661081
    0.0018372310
    0.0011587089
    0.0004790306
   -0.0005012868
    0.0001919859
    0.0007942945
    0.0012751311
    0.0016128089
    0.0017926520
    0.0018058275
    0.0016487317
    0.0013227071
    0.0008340990
    0.0001947353
   -0.0005773349
   -0.0014567234
   -0.0027627388
   -0.0019860125
   -0.0013834436
   -0.0009732150
   -0.0007681224
   -0.0007762326
   -0.0010013773
   -0.0014433649
   -0.0020981858
   -0.0029581955
   -0.0040123912
   -0.0051767843
   -0.0044366497
   -0.0039670695
   -0.0037768622
   -0.0038726157
   -0.0042588135
   -0.0049383581
   -0.0059136199
   -0.0081267536
   -0.0075235329
   -0.0073158247
   -0.0075095266
   -0.0081134101
    0.0058936711
    0.0058377701
    0.0061682214
    0.0062704246
    0.0060743817
    0.0060960933
    0.0064148144
    0.0066316945
    0.0067023004
    0.0066187312
    0.0064203467
    0.0061567120
    0.0064364336
    0.0066864037
    0.0068987131
    0.0070431364
    0.0070924748
    0.0070409513
    0.0069085309
    0.0067327786
    0.0065493986
    0.0066477542
    0.0068124964
    0.0069922726
    0.0071714515
    0.0073198894
    0.0074097738
    0.0074252179
    0.0073663052
    0.0072494030
    0.0071044406
    0.0069684518
    0.0068735027
    0.0070161047
    0.0070636712
    0.0071691357
    0.0073127820
    0.0074634767
    0.0075906878
    0.0076709677
    0.0076909782
    0.0076486727
    0.0075534969
    0.0074259363
    0.0072962392
    0.0072013996
    0.0071789813
    0.0073806022
    0.0072862606
    0.0072954227
    0.0073813895
    0.0075093966
    0.0076458244
    0.0077627595
    0.0078399639
    0.0078655076
    0.0078359843
    0.0077565019
    0.0076407133
    0.0075108635
    0.0073975557
    0.0073387729
    0.0073771593
    0.0074266162
    0.0073646142
    0.0074054064
    0.0075082961
    0.0076371798
    0.0077626368
    0.0078624689
    0.0079216241
    0.0079319378
    0.0078919174
    0.0078067166
    0.0076882955
    0.0075557692
    0.0074359237
    0.0073636539
    0.0073820058
    0.0075409348
    0.0074741046
    0.0073230026
    0.0073059110
    0.0073752678
    0.0074908904
    0.0076204607
    0.0077391244
    0.0078288047
    0.0078776107
    0.0078793405
    0.0078332196
    0.0077438875
    0.0076215837
    0.0074826244
    0.0073501309
    0.0072549859
    0.0072369972
    0.0073459411
    0.0072788150
    0.0071097379
    0.0070832046
    0.0071479081
    0.0072626605
    0.0073952050
    0.0075209201
    0.0076217331
    0.0076852376
    0.0077040664
    0.0076755379
    0.0076015056
    0.0074884460
    0.0073478292
    0.0071967107
    0.0070586784
    0.0069651332
    0.0069570015
    0.0070867937
    0.0068882563
    0.0067192261
    0.0066961806
    0.0067658199
    0.0068865862
    0.0070264681
    0.0071611769
    0.0072727744
    0.0073486624
    0.0073808546
    0.0073655435
    0.0073029045
    0.0071970771
    0.0070564283
    0.0068940331
    0.0067284412
    0.0065848275
    0.0064965992
    0.0065075829
    0.0066749655
    0.0063858964
    0.0061685233
    0.0061187094
    0.0061771648
    0.0062984351
    0.0064477896
    0.0065988777
    0.0067320101
    0.0068329197
    0.0068919003
    0.0069032206
    0.0068648106
    0.0067781343
    0.0066482806
    0.0064842718
    0.0062996160
    0.0061131495
    0.0059502900
    0.0058448184
    0.0058413440
    0.0059987810
    0.0055449344
    0.0053634143
    0.0053453411
    0.0054312084
    0.0055759513
    0.0057453737
    0.0059136363
    0.0060614205
    0.0061746463
    0.0062435766
    0.0062622377
    0.0062280564
    0.0061417156
    0.0060072003
    0.0058320366
    0.0056277864
    0.0054107445
    0.0052030588
    0.0050343098
    0.0049437385
    0.0049834197
    0.0043199893
    0.0043574148
    0.0044883861
    0.0046693873
    0.0048675175
    0.0050579620
    0.0052221726
    0.0053465966
    0.0054218401
    0.0054420469
    0.0054045891
    0.0053098865
    0.0051614507
    0.0049661123
    0.0047344442
    0.0044814198
    0.0042274503
    0.0039998229
    0.0038347687
    0.0037804050
    0.0030146834
    0.0031024539
    0.0032803706
    0.0035043591
    0.0037411112
    0.0039654808
    0.0041586040
    0.0043066056
    0.0043997233
    0.0044316590
    0.0043992445
    0.0043022480
    0.0041433581
    0.0039283575
    0.0036665013
    0.0033710663
    0.0030602448
    0.0027583942
    0.0024978008
    0.0014587043
    0.0016748409
    0.0019481638
    0.0022407960
    0.0025239818
    0.0027759801
    0.0029805179
    0.0031257444
    0.0032035004
    0.0032088112
    0.0031396122
    0.0029966559
    0.0027835338
    0.0025068995
    0.0021768951
    0.0018077243
    0.0014185631
    0.0010348265
    0.0001149282
    0.0004925053
    0.0008530357
    0.0011738250
    0.0014376653
    0.0016318130
    0.0017472028
    0.0017779550
    0.0017210636
    0.0015762134
    0.0013457741
    0.0010349510
    0.0006520239
    0.0002088026
   -0.0002787434
   -0.0007896750
   -0.0016503513
   -0.0011731529
   -0.0007505626
   -0.0004000570
   -0.0001349454
    0.0000349920
    0.0001030609
    0.0000652880
   -0.0000797220
   -0.0003309018
   -0.0006846752
   -0.0011348273
   -0.0016723330
   -0.0022850914
   -0.0032513349
   -0.0027363859
   -0.0023274927
   -0.0020353516
   -0.0018679740
   -0.0018308941
   -0.0019273661
   -0.0021584921
   -0.0025233034
   -0.0030188892
   -0.0036404877
   -0.0048554060
   -0.0044193511
   -0.0041454226
   -0.0040391854
   -0.0041046928
   -0.0043445602
   -0.0047601429
   -0.0053518521
   -0.0068366286
   -0.0065886752
   -0.0065693388
   -0.0067825935
   -0.0072326913
    0.0052192555
    0.0052461585
    0.0052734711
    0.0053116752
    0.0053456518
    0.0053920397
    0.0054022806
    0.0054248989
    0.0054672985
    0.0054723595
    0.0054851029
    0.0055501175
    0.0056018039
    0.0056003555
    0.0056145261
    0.0056914270
    0.0057258749
    0.0057364565
    0.0058368029
    0.0058248752
    0.0059959295
    0.0061463390
    0.0061472132
    0.0062541618
    0.0064511221
    0.0050492480
    0.0046449493
    0.0043446675
    0.0043029496
    0.0037255229
    0.0037583547
    0.0033384977
    0.0032369226
    0.0028889415
    0.0028293416
    0.0021919693
    0.0021672136
    0.0017809590
    0.0016238738
    0.0016512184
    0.0012768425
    0.0011519464
    0.0012047624
    0.0007392700
    0.0004857563
    0.0004000956
    0.0004843829
    0.0000104496
   -0.0001663568
   -0.0001802283
   -0.0000327364
   -0.0003004540
   -0.0005731128
   -0.0006945872
   -0.0006593560
   -0.0004740392
   -0.0012564207
   -0.0014557888
   -0.0015063657
   -0.0014089063
   -0.0011758223
   -0.0018382542
   -0.0020594195
   -0.0021412736
   -0.0020801720
   -0.0018839843
   -0.0022925404
   -0.0025450352
   -0.0026673064
   -0.0026534472
   -0.0025090025
   -0.0022508703
   -0.0027571999
   -0.0031202120
   -0.0033766805
   -0.0035093393
   -0.0035121229
   -0.0033900696
   -0.0031591790
   -0.0035812098
   -0.0038901736
   -0.0040953343
   -0.0041814256
   -0.0041441222
   -0.0039900533
   -0.0037366619
   -0.0038856790
   -0.0042414573
   -0.0045149361
   -0.0046842595
   -0.0047383895
   -0.0046772173
   -0.0045115310
   -0.0042626055
   -0.0046024531
   -0.0049745355
   -0.0052794245
   -0.0054921064
   -0.0055978167
   -0.0055924430
   -0.0054824881
   -0.0052847819
   -0.0050257186
   -0.0053776379
   -0.0057110380
   -0.0059857694
   -0.0061763673
   -0.0062671179
   -0.0062527005
   -0.0061383217
   -0.0059395169
   -0.0056814396
   -0.0059768289
   -0.0062963121
   -0.0065589124
   -0.0067407262
   -0.0068276860
   -0.0068162025
   -0.0067132288
   -0.0065358356
   -0.0063102494
   -0.0060698014
   -0.0066592752
   -0.0069906345
   -0.0072844026
   -0.0075127920
   -0.0076568519
   -0.0077075933
   -0.0076663294
   -0.0075445170
   -0.0073630002
   -0.0071504584
   -0.0069406750
   -0.0071490463
   -0.0074327514
   -0.0077224496
   -0.0079847409
   -0.0081913254
   -0.0083218539
   -0.0083654583
   -0.0083214586
   -0.0081993459
   -0.0080181852
   -0.0078051535
   -0.0075929262
   -0.0074156200
   -0.0075095377
   -0.0077396053
   -0.0080105385
   -0.0082889164
   -0.0085422101
   -0.0087430866
   -0.0088722914
   -0.0089202391
   -0.0088876046
   -0.0087851827
   -0.0086330646
   -0.0084588000
   -0.0082942700
   -0.0081713736
   -0.0081168065
   -0.0081471980
   -0.0082657717
   -0.0084617549
   -0.0087125468
   -0.0089881206
   -0.0092562795
   -0.0094875644
   -0.0096589189
   -0.0097560349
   -0.0097744724
   -0.0097198795
   -0.0096074367
   -0.0094604466
   -0.0093077323
   -0.0091798220
   -0.0091040732
   -0.0090997816
   -0.0091743607
   -0.0093218270
   -0.0095240532
   -0.0097545099
   -0.0099831428
   -0.0101813847
   -0.0103261085
   -0.0104023813
   -0.0104048935
   -0.0103384146
   -0.0102173893
   -0.0100645074
   -0.0099080765
   -0.0097780770
   -0.0097012340
   -0.0096959963
   -0.0097688012
   -0.0099127267
   -0.0101090239
   -0.0103310239
   -0.0105492577
   -0.0107364180
   -0.0108713215
   -0.0109414469
   -0.0109442234
   -0.0108872071
   -0.0107872553
   -0.0106684848
   -0.0105590508
   -0.0104865354
   -0.0104729437
   -0.0105301495
   -0.0106573647
   -0.0108412959
   -0.0110590446
   -0.0112827926
   -0.0114849792
   -0.0116426793
   -0.0117407883
   -0.0117737200
   -0.0117459779
   -0.0116714803
   -0.0115717865
   -0.0114730421
   -0.0114015930
   -0.0113790605
   -0.0114178187
   -0.0115182707
   -0.0116687835
   -0.0118483006
   -0.0120309196
   -0.0121909072
   -0.0123071763
   -0.0123664412
   -0.0123650428
   -0.0123094059
   -0.0122152403
   -0.0121053792
   -0.0120062077
   -0.0119429029
   -0.0119342865
   -0.0119886790
   -0.0121019336
   -0.0122585589
   -0.0124352521
   -0.0126060732
   -0.0127474515
   -0.0128423560
   -0.0128828635
   -0.0128712386
   -0.0128195303
   -0.0127477689
   -0.0126805240
   -0.0126422629
   -0.0126521551
   -0.0127195854
   -0.0128418414
   -0.0130048004
   -0.0131863146
   -0.0133612888
   -0.0135068281
   -0.0136065054
   -0.0136530224
   -0.0136492454
   -0.0136076454
   -0.0135481049
   -0.0134942097
   -0.0134682872
   -0.0134863543
   -0.0135540816
   -0.0136653773
   -0.0138040382
   -0.0139477782
   -0.0140735845
   -0.0141626334
   -0.0142040413
   -0.0141968890
   -0.0141504046
   -0.0140823594
   -0.0140156739
   -0.0139735181
   -0.0139737990
   -0.0140246143
   -0.0141221067
   -0.0142515926
   -0.0143915486
   -0.0145191405
   -0.0146155553
   -0.0146700686
   -0.0146821382
   -0.0146614885
   -0.0146260294
   -0.0145978940
   -0.0145980522
   -0.0146407096
   -0.0147293598
   -0.0148556253
   -0.0150017074
   -0.0151453104
   -0.0152654332
   -0.0153474086
   -0.0153861387
   -0.0153870692
   -0.0153648246
   -0.0153396615
   -0.0153322265
   -0.0153577227
   -0.0154214866
   -0.0155172596
   -0.0156292309
   -0.0157368367
   -0.0158207795
   -0.0158682659
   -0.0158763694
   -0.0158528781
   -0.0158144648
   -0.0157823118
   -0.0157761724
   -0.0158083508
   -0.0158797908
   -0.0159798673
   -0.0160900004
   -0.0161897111
   -0.0162629609
   -0.0163027526
   -0.0163130736
   -0.0163077309
   -0.0163061540
   -0.0163272513
   -0.0163829042
   -0.0164736852
   -0.0165885585
   -0.0167087018
   -0.0168140264
   -0.0168897426
   -0.0169309488
   -0.0169439404
   -0.0169440244
   -0.0169501890
   -0.0169782497
   -0.0170347779
   -0.0171145323
   -0.0172026054
   -0.0172803840
   -0.0173327673
   -0.0173538985
   -0.0173494944
   -0.0173350559
   -0.0173301752
   -0.0173509666
   -0.0174035008
   -0.0174812987
   -0.0175684034
   -0.0176464195
   -0.0177024543
   -0.0177344565
   -0.0177519801
   -0.0177720667
   -0.0178115026
   -0.0178788477
   -0.0179700444
   -0.0180701055
   -0.0181602367
   -0.0182265364
   -0.0182662219
   -0.0182885901
   -0.0183101439
   -0.0183459833
   -0.0184016493
   -0.0184700692
   -0.0185356173
   -0.0185831411
   -0.0186066683
   -0.0186132098
   -0.0186194124
   -0.0186424150
   -0.0186899730
   -0.0187560483
   -0.0188250170
   -0.0188820842
   -0.0189228043
   -0.0189560019
   -0.0189975852
   -0.0190591881
   -0.0191391909
   -0.0192232538
   -0.0192942550
   -0.0193443913
   -0.0193801876
   -0.0194165700
   -0.0194641152
   -0.0195198215
   -0.0195700608
   -0.0196034966
   -0.0196225952
   -0.0196428312
   -0.0196791796
   -0.0197325345
   -0.0197900804
   -0.0198400789
   -0.0198851834
   -0.0199388284
   -0.0200076734
   -0.0200812490
   -0.0201430901
   -0.0201901318
   -0.0202338913
   -0.0202809878
   -0.0203226124
   -0.0203517189
   -0.0203799442
   -0.0204219243
   -0.0204730925
   -0.0205251699
   -0.0205855024
   -0.0206528360
   -0.0207095906
   -0.0207553181
   -0.0207917618
   -0.0208242149
   -0.0208732810
   -0.0209379871
   -0.0209806651
    0.0059173323
    0.0057814682
    0.0059333780
    0.0062783188
    0.0064429013
    0.0063649565
    0.0061042386
    0.0062327421
    0.0065293854
    0.0067490674
    0.0068548009
    0.0068267111
    0.0066824564
    0.0064655265
    0.0062103895
    0.0063473366
    0.0065877269
    0.0068111975
    0.0070117181
    0.0071603931
    0.0072291773
    0.0072062961
    0.0071016356
    0.0069439812
    0.0067707067
    0.0066094210
    0.0068247732
    0.0069584468
    0.0071193290
    0.0072861559
    0.0074281933
    0.0075184573
    0.0075407913
    0.0074928262
    0.0073864867
    0.0072465630
    0.0071069792
    0.0070033885
    0.0069600854
    0.0071466578
    0.0071895224
    0.0072952010
    0.0074350545
    0.0075766124
    0.0076914493
    0.0077590952
    0.0077686664
    0.0077194275
    0.0076208660
    0.0074923915
    0.0073625062
    0.0072668150
    0.0072436143
    0.0073250985
    0.0073688947
    0.0073342794
    0.0073913654
    0.0075039848
    0.0076371835
    0.0077614815
    0.0078545795
    0.0079018873
    0.0078966194
    0.0078397185
    0.0077398574
    0.0076135908
    0.0074854509
    0.0073878477
    0.0073602306
    0.0074464295
    0.0075727802
    0.0073972694
    0.0073596570
    0.0074160591
    0.0075259426
    0.0076550493
    0.0077762521
    0.0078695223
    0.0079215597
    0.0079254461
    0.0078804370
    0.0077918959
    0.0076715227
    0.0075377345
    0.0074162448
    0.0073407178
    0.0073531731
    0.0075035181
    0.0074096427
    0.0072559346
    0.0072375966
    0.0073061895
    0.0074215982
    0.0075518909
    0.0076725817
    0.0077658101
    0.0078196396
    0.0078275553
    0.0077881288
    0.0077050063
    0.0075870268
    0.0074486629
    0.0073107179
    0.0072012650
    0.0071568747
    0.0072239804
    0.0074599702
    0.0071568062
    0.0069794381
    0.0069481678
    0.0070107239
    0.0071255470
    0.0072602220
    0.0073900351
    0.0074967496
    0.0075676647
    0.0075949941
    0.0075754202
    0.0075099329
    0.0074038929
    0.0072673033
    0.0071153697
    0.0069693393
    0.0068577101
    0.0068178715
    0.0068982033
    0.0071605758
    0.0066486046
    0.0065020895
    0.0064953280
    0.0065762684
    0.0067046026
    0.0068494181
    0.0069873201
    0.0071010626
    0.0071785347
    0.0072120748
    0.0071980349
    0.0071365682
    0.0070316561
    0.0068913238
    0.0067281210
    0.0065598677
    0.0064107544
    0.0063129414
    0.0063087035
    0.0064533976
    0.0059571765
    0.0058377193
    0.0058546557
    0.0059558395
    0.0061014764
    0.0062612964
    0.0064124650
    0.0065381133
    0.0066262596
    0.0066690846
    0.0066624945
    0.0066058551
    0.0065019906
    0.0063573137
    0.0061822616
    0.0059919009
    0.0058069081
    0.0056550026
    0.0055728994
    0.0056091357
    0.0058279838
    0.0051204030
    0.0049715656
    0.0049786101
    0.0050836150
    0.0052428100
    0.0054230140
    0.0055991948
    0.0057526346
    0.0058697285
    0.0059411078
    0.0059610513
    0.0059271705
    0.0058402716
    0.0057043814
    0.0055270298
    0.0053197089
    0.0050985908
    0.0048856281
    0.0047101372
    0.0046109980
    0.0046398591
    0.0038344949
    0.0038846532
    0.0040290812
    0.0042237704
    0.0044354612
    0.0046390628
    0.0048158027
    0.0049519326
    0.0050378684
    0.0050675550
    0.0050381310
    0.0049497868
    0.0048057318
    0.0046124274
    0.0043799922
    0.0041228262
    0.0038605919
    0.0036196008
    0.0034347741
    0.0033524651
    0.0024122638
    0.0025323750
    0.0027373538
    0.0029839271
    0.0032393744
    0.0034789829
    0.0036842285
    0.0038414880
    0.0039411967
    0.0039772312
    0.0039465402
    0.0038490103
    0.0036874242
    0.0034676551
    0.0031990393
    0.0028949312
    0.0025735844
    0.0022594197
    0.0019847482
    0.0008227928
    0.0011010413
    0.0014161938
    0.0017345584
    0.0020305222
    0.0022847587
    0.0024829174
    0.0026147060
    0.0026733012
    0.0026549190
    0.0025586120
    0.0023862460
    0.0021425813
    0.0018355602
    0.0014767963
    0.0010822412
    0.0006731833
    0.0002776218
   -0.0006973962
   -0.0002787933
    0.0001175285
    0.0004690776
    0.0007587699
    0.0009738868
    0.0011053906
    0.0011473918
    0.0010968516
    0.0009534385
    0.0007194790
    0.0004000950
    0.0000034725
   -0.0004587668
   -0.0009709855
   -0.0021528040
   -0.0016717089
   -0.0012675716
   -0.0009541011
   -0.0007414953
   -0.0006369204
   -0.0006448034
   -0.0007670192
   -0.0010030217
   -0.0013498045
   -0.0018018722
   -0.0023510976
   -0.0029865677
   -0.0043784208
   -0.0037850454
   -0.0033078704
   -0.0029572859
   -0.0027412876
   -0.0026655607
   -0.0027336454
   -0.0029470306
   -0.0033052613
   -0.0038061084
   -0.0044457774
   -0.0058972759
   -0.0054149096
   -0.0051120283
   -0.0049934916
   -0.0050630628
   -0.0053233780
   -0.0057761830
   -0.0076325145
   -0.0077167682
    0.0058892334
    0.0061155342
    0.0059530837
    0.0061240530
    0.0064181990
    0.0065543724
    0.0064994887
    0.0062903186
    0.0059912753
    0.0061282573
    0.0064246526
    0.0066768851
    0.0068658592
    0.0069575401
    0.0069342067
    0.0068089433
    0.0066191648
    0.0064029564
    0.0065749366
    0.0067658095
    0.0069591212
    0.0071357422
    0.0072641470
    0.0073189343
    0.0072907202
    0.0071891275
    0.0070407026
    0.0068818360
    0.0067452876
    0.0069165036
    0.0069898110
    0.0071102321
    0.0072615683
    0.0074131627
    0.0075341490
    0.0076013946
    0.0076032147
    0.0075407288
    0.0074278105
    0.0072898839
    0.0071610933
    0.0070784318
    0.0070708417
    0.0072446454
    0.0072391296
    0.0073140982
    0.0074382237
    0.0075770520
    0.0077002290
    0.0077848849
    0.0078170045
    0.0077918963
    0.0077142353
    0.0075980441
    0.0074664461
    0.0073509858
    0.0072897876
    0.0073232058
    0.0075485999
    0.0073894940
    0.0073598507
    0.0074218645
    0.0075362167
    0.0076678486
    0.0077884238
    0.0078770602
    0.0079203548
    0.0079122604
    0.0078539146
    0.0077536847
    0.0076273446
    0.0074983748
    0.0073982240
    0.0073661377
    0.0074477735
    0.0076247117
    0.0074016013
    0.0073334617
    0.0073717654
    0.0074730669
    0.0076011899
    0.0077275544
    0.0078308198
    0.0078963306
    0.0079156315
    0.0078861329
    0.0078110114
    0.0076993150
    0.0075663432
    0.0074342572
    0.0073328674
    0.0073005272
    0.0073847659
    0.0076419109
    0.0074464700
    0.0072213493
    0.0071567799
    0.0071987475
    0.0073028619
    0.0074338385
    0.0075644320
    0.0076743771
    0.0077495033
    0.0077810662
    0.0077652929
    0.0077032405
    0.0076008015
    0.0074690150
    0.0073246322
    0.0071909817
    0.0070991280
    0.0070894088
    0.0072131524
    0.0071347283
    0.0068902404
    0.0068166528
    0.0068556809
    0.0069613028
    0.0070977306
    0.0072375825
    0.0073604065
    0.0074515485
    0.0075013651
    0.0075046781
    0.0074605060
    0.0073719973
    0.0072466024
    0.0070965007
    0.0069392973
    0.0067990536
    0.0067077708
    0.0067073375
    0.0068521491
    0.0064772211
    0.0063169617
    0.0063049247
    0.0063865029
    0.0065196938
    0.0066724139
    0.0068203786
    0.0069456290
    0.0070353844
    0.0070813218
    0.0070790779
    0.0070279901
    0.0069310780
    0.0067951955
    0.0066314677
    0.0064559384
    0.0062906058
    0.0061648701
    0.0061175813
    0.0061998858
    0.0064790457
    0.0058582098
    0.0056265733
    0.0055747354
    0.0056395274
    0.0057730076
    0.0059387420
    0.0061091503
    0.0062635488
    0.0063867889
    0.0064683111
    0.0065014611
    0.0064831338
    0.0064135723
    0.0062963950
    0.0061387897
    0.0059520019
    0.0057519949
    0.0055605416
    0.0054067250
    0.0053291160
    0.0053788204
    0.0047433960
    0.0046246749
    0.0046578332
    0.0047853128
    0.0049637082
    0.0051602024
    0.0053500410
    0.0055147498
    0.0056408852
    0.0057191729
    0.0057439178
    0.0057127048
    0.0056262158
    0.0054883069
    0.0053062255
    0.0050910753
    0.0048585221
    0.0046298474
    0.0044334865
    0.0043071736
    0.0043010504
    0.0033968862
    0.0034750173
    0.0036452718
    0.0038635474
    0.0040965412
    0.0043191258
    0.0045124838
    0.0046628007
    0.0047604038
    0.0047991234
    0.0047759349
    0.0046907970
    0.0045466299
    0.0043495206
    0.0041090901
    0.0038391022
    0.0035583709
    0.0032920812
    0.0030736427
    0.0029473326
    0.0018874914
    0.0020663759
    0.0023169971
    0.0025985786
    0.0028802297
    0.0031386128
    0.0033562320
    0.0035202713
    0.0036217981
    0.0036551873
    0.0036178137
    0.0035098970
    0.0033345262
    0.0030978306
    0.0028093843
    0.0024827566
    0.0021364067
    0.0017949111
    0.0014906679
    0.0003854643
    0.0007378574
    0.0010993086
    0.0014418741
    0.0017442846
    0.0019905779
    0.0021690625
    0.0022716327
    0.0022933146
    0.0022319626
    0.0020881547
    0.0018652497
    0.0015695401
    0.0012106215
    0.0008019485
    0.0003615725
   -0.0000868001
   -0.0012559106
   -0.0007843819
   -0.0003505072
    0.0000256161
    0.0003286600
    0.0005472666
    0.0006734111
    0.0007020406
    0.0006307775
    0.0004598193
    0.0001919583
   -0.0001673336
   -0.0006096489
   -0.0011232917
   -0.0016928535
   -0.0027864680
   -0.0022554135
   -0.0018150887
   -0.0014777270
   -0.0012525275
   -0.0011459553
   -0.0011619534
   -0.0013021452
   -0.0015658698
   -0.0019502551
   -0.0024501965
   -0.0030583574
   -0.0043915706
   -0.0038846266
   -0.0035215373
   -0.0033088951
   -0.0032514656
   -0.0033522228
   -0.0036124439
   -0.0040318422
   -0.0046088663
   -0.0063895435
   -0.0059443018
   -0.0057023364
   -0.0056672943
   -0.0058423077
   -0.0062301042
    0.0054526665
    0.0054302468
    0.0055793037
    0.0056280068
    0.0055448581
    0.0055647642
    0.0057055849
    0.0058049920
    0.0058400315
    0.0058054957
    0.0057226889
    0.0056165219
    0.0057442963
    0.0058493015
    0.0059444738
    0.0060139730
    0.0060411117
    0.0060212283
    0.0059653826
    0.0058950322
    0.0058293875
    0.0058878052
    0.0059405735
    0.0060072975
    0.0060845158
    0.0061564397
    0.0062056651
    0.0062206254
    0.0061993697
    0.0061502830
    0.0060902730
    0.0060403060
    0.0060178678
    0.0061241549
    0.0061021676
    0.0061145432
    0.0061599176
    0.0062244599
    0.0062901595
    0.0063406347
    0.0063645399
    0.0063573027
    0.0063216825
    0.0062675847
    0.0062110418
    0.0061721293
    0.0061712608
    0.0062231937
    0.0063142801
    0.0062374350
    0.0062175793
    0.0062433960
    0.0062971689
    0.0063602425
    0.0064162994
    0.0064531830
    0.0064637685
    0.0064463215
    0.0064046155
    0.0063477851
    0.0062900105
    0.0062497497
    0.0062482291
    0.0063066715
    0.0064053058
    0.0062942932
    0.0062549557
    0.0062689022
    0.0063158679
    0.0063768778
    0.0064359266
    0.0064808092
    0.0065034527
    0.0065000239
    0.0064709622
    0.0064209706
    0.0063590358
    0.0062983793
    0.0062562733
    0.0062535497
    0.0063134073
    0.0064590597
    0.0065075552
    0.0063244947
    0.0062335506
    0.0062126411
    0.0062392439
    0.0062927671
    0.0063556857
    0.0064139733
    0.0064572212
    0.0064785986
    0.0064747736
    0.0064458666
    0.0063954504
    0.0063306168
    0.0062620952
    0.0062043802
    0.0061758226
    0.0061984942
    0.0062976230
    0.0063142240
    0.0061586240
    0.0060924998
    0.0060902512
    0.0061289839
    0.0061892220
    0.0062550797
    0.0063141464
    0.0063573099
    0.0063785768
    0.0063748973
    0.0063461226
    0.0062949697
    0.0062271122
    0.0061513395
    0.0060797826
    0.0060281947
    0.0060162449
    0.0060677066
    0.0062103502
    0.0061341511
    0.0059565753
    0.0058767205
    0.0058665635
    0.0059020240
    0.0059630409
    0.0060333531
    0.0061001707
    0.0061538435
    0.0061875810
    0.0061972511
    0.0061812322
    0.0061403553
    0.0060779501
    0.0059999520
    0.0059150907
    0.0058352026
    0.0057756021
    0.0057555278
    0.0057986398
    0.0059333993
    0.0058453329
    0.0056483066
    0.0055569549
    0.0055410200
    0.0055751684
    0.0056386024
    0.0057145439
    0.0057897472
    0.0058540437
    0.0059000042
    0.0059226626
    0.0059193310
    0.0058895082
    0.0058348613
    0.0057592932
    0.0056690682
    0.0055730848
    0.0054831857
    0.0054146253
    0.0053866173
    0.0054230102
    0.0055529975
    0.0052960973
    0.0051520882
    0.0051022551
    0.0051175318
    0.0051741869
    0.0052530661
    0.0053389065
    0.0054197515
    0.0054864870
    0.0055324904
    0.0055533702
    0.0055467789
    0.0055123456
    0.0054516523
    0.0053682949
    0.0052680256
    0.0051589959
    0.0050520847
    0.0049613543
    0.0049046253
    0.0049042378
    0.0049879083
    0.0051897288
    0.0047967104
    0.0046145130
    0.0045415873
    0.0045455140
    0.0045999943
    0.0046838839
    0.0047802938
    0.0048758883
    0.0049603344
    0.0050258367
    0.0050668478
    0.0050798283
    0.0050630876
    0.0050167522
    0.0049427415
    0.0048448704
    0.0047289843
    0.0046032259
    0.0044783723
    0.0043683194
    0.0042906868
    0.0042676221
    0.0043267658
    0.0039668065
    0.0038499325
    0.0038290659
    0.0038737070
    0.0039593561
    0.0040664234
    0.0041793540
    0.0042859103
    0.0043766418
    0.0044444747
    0.0044844037
    0.0044932899
    0.0044697426
    0.0044140359
    0.0043281619
    0.0042158727
    0.0040828702
    0.0039370383
    0.0037887908
    0.0036515373
    0.0035422900
    0.0034824699
    0.0034988968
    0.0029682338
    0.0029610163
    0.0030226376
    0.0031273815
    0.0032547051
    0.0033882654
    0.0035151546
    0.0036253403
    0.0037111854
    0.0037671402
    0.0037895028
    0.0037762685
    0.0037270496
    0.0036430539
    0.0035271569
    0.0033839929
    0.0032201784
    0.0030445886
    0.0028687525
    0.0027073622
    0.0025789718
    0.0025068249
    0.0019127572
    0.0020069882
    0.0021431412
    0.0023002012
    0.0024614019
    0.0026134761
    0.0027460219
    0.0028510758
    0.0029227419
    0.0029569611
    0.0029513491
    0.0029050831
    0.0028188952
    0.0026950749
    0.0025375887
    0.0023522436
    0.0021469056
    0.0019318724
    0.0017202881
    0.0015287239
    0.0013779107
    0.0007537045
    0.0009267398
    0.0011222392
    0.0013221668
    0.0015121277
    0.0016807222
    0.0018190882
    0.0019205150
    0.0019801649
    0.0019949042
    0.0019631458
    0.0018848233
    0.0017613602
    0.0015957408
    0.0013926401
    0.0011585752
    0.0009021994
    0.0006346076
    0.0003697832
   -0.0004371305
   -0.0001818325
    0.0000696413
    0.0003032615
    0.0005078198
    0.0006745188
    0.0007966507
    0.0008693246
    0.0008892930
    0.0008548459
    0.0007657194
    0.0006231215
    0.0004297401
    0.0001898528
   -0.0000905200
   -0.0004034441
   -0.0007387904
   -0.0010839729
   -0.0016979545
   -0.0013767363
   -0.0010848071
   -0.0008328418
   -0.0006293575
   -0.0004809325
   -0.0003924317
   -0.0003671541
   -0.0004069195
   -0.0005121616
   -0.0006819120
   -0.0009138136
   -0.0012040471
   -0.0015472476
   -0.0019364218
   -0.0028140918
   -0.0024754349
   -0.0021972493
   -0.0019863770
   -0.0018480994
   -0.0017862488
   -0.0018032796
   -0.0019003222
   -0.0020772489
   -0.0023326689
   -0.0026639642
   -0.0030673194
   -0.0035377494
   -0.0043248800
   -0.0039537865
   -0.0036694810
   -0.0034769404
   -0.0033800007
   -0.0033813795
   -0.0034826831
   -0.0036844427
   -0.0039862105
   -0.0043866443
   -0.0053736487
   -0.0051902565
   -0.0051320199
   -0.0052011942
   -0.0053993430
   -0.0057274522
    0.0051062195
    0.0051207262
    0.0051356672
    0.0051569724
    0.0051764138
    0.0052014117
    0.0052076818
    0.0052194531
    0.0052410664
    0.0052446924
    0.0052524841
    0.0052865749
    0.0053146744
    0.0053167153
    0.0053261251
    0.0053662754
    0.0053880836
    0.0053931814
    0.0054473382
    0.0054419291
    0.0054825298
    0.0055448622
    0.0055399722
    0.0056264956
    0.0056234132
    0.0056834006
    0.0057962553
    0.0047909853
    0.0044493526
    0.0039251223
    0.0035251079
    0.0031821755
    0.0029407264
    0.0029064503
    0.0024506435
    0.0024374888
    0.0020619039
    0.0020778624
    0.0018292277
    0.0017457196
    0.0017697805
    0.0012851455
    0.0012136658
    0.0012466519
    0.0008417227
    0.0008004101
    0.0008601815
    0.0006137493
    0.0004878704
    0.0004590621
    0.0005273084
    0.0000025111
   -0.0001014114
   -0.0001106912
   -0.0000270768
   -0.0003585059
   -0.0005038229
   -0.0005600370
   -0.0005247564
   -0.0004017564
   -0.0007881728
   -0.0009004111
   -0.0009252532
   -0.0008631425
   -0.0013157577
   -0.0014664293
   -0.0015342792
   -0.0015171956
   -0.0014190304
   -0.0017682528
   -0.0019207248
   -0.0019953214
   -0.0019882349
   -0.0019015294
   -0.0017430772
   -0.0021104585
   -0.0022760082
   -0.0023681070
   -0.0023822875
   -0.0023199055
   -0.0021880980
   -0.0025206773
   -0.0027457830
   -0.0029092376
   -0.0030014282
   -0.0030183391
   -0.0029616496
   -0.0028386254
   -0.0031319867
   -0.0033178885
   -0.0034420775
   -0.0034965266
   -0.0034787525
   -0.0033918619
   -0.0032444866
   -0.0033900120
   -0.0036030813
   -0.0037642265
   -0.0038626790
   -0.0038930772
   -0.0038556660
   -0.0037562447
   -0.0036059097
   -0.0039593961
   -0.0041837404
   -0.0043619127
   -0.0044820166
   -0.0045373509
   -0.0045266637
   -0.0044541388
   -0.0043292133
   -0.0041660541
   -0.0045340576
   -0.0047318718
   -0.0048862101
   -0.0049854030
   -0.0050228234
   -0.0049972280
   -0.0049127757
   -0.0047788471
   -0.0046095434
   -0.0047492793
   -0.0049658506
   -0.0051539360
   -0.0052985465
   -0.0053893002
   -0.0054209784
   -0.0053937826
   -0.0053133044
   -0.0051901766
   -0.0050394349
   -0.0052849620
   -0.0055076649
   -0.0057106698
   -0.0058777178
   -0.0059966189
   -0.0060600150
   -0.0060657986
   -0.0060171904
   -0.0059225008
   -0.0057945837
   -0.0056499367
   -0.0056802195
   -0.0058725851
   -0.0060672165
   -0.0062457355
   -0.0063920749
   -0.0064938749
   -0.0065434260
   -0.0065381771
   -0.0064808549
   -0.0063793283
   -0.0062460863
   -0.0060972811
   -0.0059512945
   -0.0061040446
   -0.0062909647
   -0.0064795222
   -0.0066518119
   -0.0067924751
   -0.0068900600
   -0.0069379009
   -0.0069345976
   -0.0068840354
   -0.0067951301
   -0.0066811357
   -0.0065584775
   -0.0064451440
   -0.0063586096
   -0.0064933791
   -0.0066475323
   -0.0068287552
   -0.0070196839
   -0.0072024754
   -0.0073608773
   -0.0074818879
   -0.0075568762
   -0.0075822417
   -0.0075596081
   -0.0074956923
   -0.0074017379
   -0.0072925099
   -0.0071848514
   -0.0070957172
   -0.0070400205
   -0.0070285160
   -0.0070661751
   -0.0071513939
   -0.0072762828
   -0.0074278940
   -0.0075901827
   -0.0077461976
   -0.0078802183
   -0.0079794809
   -0.0080353949
   -0.0080443298
   -0.0080078621
   -0.0079326848
   -0.0078300351
   -0.0077146801
   -0.0076033534
   -0.0075127836
   -0.0074574024
   -0.0074472966
   -0.0074865681
   -0.0075727137
   -0.0076970525
   -0.0078461270
   -0.0080037607
   -0.0081533491
   -0.0082799656
   -0.0083720334
   -0.0084224749
   -0.0084293484
   -0.0083959726
   -0.0083306316
   -0.0082457512
   -0.0081566095
   -0.0080794795
   -0.0080294724
   -0.0080183219
   -0.0080525136
   -0.0081322038
   -0.0082512038
   -0.0083980147
   -0.0085576541
   -0.0087139296
   -0.0088516183
   -0.0089583103
   -0.0090257948
   -0.0090508037
   -0.0090352862
   -0.0089861937
   -0.0089147505
   -0.0088351819
   -0.0087629643
   -0.0087126919
   -0.0086958732
   -0.0087190925
   -0.0087828507
   -0.0088815362
   -0.0090043694
   -0.0091372087
   -0.0092647666
   -0.0093728075
   -0.0094499826
   -0.0094891939
   -0.0094883442
   -0.0094505931
   -0.0093840192
   -0.0093007429
   -0.0092155109
   -0.0091436786
   -0.0090989947
   -0.0090913664
   -0.0091251834
   -0.0091985394
   -0.0093036144
   -0.0094280516
   -0.0095570861
   -0.0096758501
   -0.0097715462
   -0.0098351129
   -0.0098622964
   -0.0098541519
   -0.0098168519
   -0.0097609951
   -0.0097001880
   -0.0096491685
   -0.0096215040
   -0.0096273597
   -0.0096716241
   -0.0097530524
   -0.0098644651
   -0.0099940629
   -0.0101275064
   -0.0102502884
   -0.0103498935
   -0.0104175568
   -0.0104493458
   -0.0104465980
   -0.0104157081
   -0.0103672988
   -0.0103146674
   -0.0102718202
   -0.0102511149
   -0.0102610789
   -0.0103048144
   -0.0103794164
   -0.0104765106
   -0.0105839126
   -0.0106878005
   -0.0107751316
   -0.0108356429
   -0.0108634592
   -0.0108578357
   -0.0108233565
   -0.0107692882
   -0.0107082657
   -0.0106543470
   -0.0106206468
   -0.0106169228
   -0.0106477083
   -0.0107114315
   -0.0108007482
   -0.0109040466
   -0.0110077136
   -0.0110986237
   -0.0111663721
   -0.0112049411
   -0.0112135787
   -0.0111969069
   -0.0111641586
   -0.0111277442
   -0.0111010464
   -0.0110959573
   -0.0111204920
   -0.0111771078
   -0.0112621548
   -0.0113666545
   -0.0114781480
   -0.0115831732
   -0.0116697727
   -0.0117295864
   -0.0117591831
   -0.0117605946
   -0.0117408943
   -0.0117109775
   -0.0116835678
   -0.0116707121
   -0.0116813166
   -0.0117191746
   -0.0117821354
   -0.0118626293
   -0.0119493133
   -0.0120295979
   -0.0120922002
   -0.0121293683
   -0.0121383746
   -0.0121219978
   -0.0120881182
   -0.0120482627
   -0.0120153708
   -0.0120011337
   -0.0120133639
   -0.0120542703
   -0.0121198844
   -0.0122011181
   -0.0122858931
   -0.0123619251
   -0.0124193711
   -0.0124528918
   -0.0124626708
   -0.0124543704
   -0.0124379520
   -0.0124255518
   -0.0124286871
   -0.0124555020
   -0.0125086711
   -0.0125847170
   -0.0126748333
   -0.0127670828
   -0.0128492805
   -0.0129117781
   -0.0129495797
   -0.0129633474
   -0.0129592059
   -0.0129472924
   -0.0129392941
   -0.0129455914
   -0.0129724409
   -0.0130203332
   -0.0130838443
   -0.0131531532
   -0.0132167477
   -0.0132644601
   -0.0132900917
   -0.0132930242
   -0.0132784125
   -0.0132560451
   -0.0132378600
   -0.0132348625
   -0.0132540497
   -0.0132964028
   -0.0133567162
   -0.0134251302
   -0.0134901211
   -0.0135418293
   -0.0135747661
   -0.0135893767
   -0.0135917862
   -0.0135921812
   -0.0136017166
   -0.0136291313
   -0.0136779259
   -0.0137451317
   -0.0138222216
   -0.0138977623
   -0.0139609995
   -0.0140050348
   -0.0140288147
   -0.0140373757
   -0.0140401362
   -0.0140478303
   -0.0140688538
   -0.0141063175
   -0.0141569463
   -0.0142122813
   -0.0142617763
   -0.0142965778
   -0.0143126980
   -0.0143125588
   -0.0143042734
   -0.0142989840
   -0.0143068848
   -0.0143335212
   -0.0143776833
   -0.0144320250
   -0.0144860751
   -0.0145304171
   -0.0145604166
   -0.0145780049
   -0.0145908519
   -0.0146092819
   -0.0146417886
   -0.0146913094
   -0.0147537047
   -0.0148194742
   -0.0148777795
   -0.0149210367
   -0.0149480582
   -0.0149643533
   -0.0149794318
   -0.0150022425
   -0.0150367206
   -0.0150798369
   -0.0151231670
   -0.0151573487
   -0.0151770298
   -0.0151838870
   -0.0151861436
   -0.0151945250
   -0.0152168021
   -0.0152536737
   -0.0152986206
   -0.0153419263
   -0.0153764537
   -0.0154019662
   -0.0154251424
   -0.0154553543
   -0.0154984702
   -0.0155526143
   -0.0156090433
   -0.0156575246
   -0.0156928815
   -0.0157180389
   -0.0157414581
   -0.0157705941
   -0.0158060078
   -0.0158410565
   -0.0158674906
   -0.0158827993
   -0.0158931373
   -0.0159089091
   -0.0159365326
   -0.0159733303
   -0.0160107523
   -0.0160431656
   -0.0160734985
   -0.0161099090
   -0.0161561809
   -0.0162063857
   -0.0162502153
   -0.0162836855
   -0.0163123510
   -0.0163426426
   -0.0163726375
   -0.0163955060
   -0.0164117296
   -0.0164312810
   -0.0164605281
   -0.0164946796
   -0.0165292890
   -0.0165691307
   -0.0166150233
   -0.0166563686
   -0.0166889599
   -0.0167167338
   -0.0167375982
   -0.0167592510
   -0.0167916940
   -0.0168341401
   -0.0168715449
   -0.0168976592
    0.0054645023
    0.0054066855
    0.0054801813
    0.0056356792
    0.0057117971
    0.0056789018
    0.0055666629
    0.0056376143
    0.0057675158
    0.0058675982
    0.0059185181
    0.0059081031
    0.0058457993
    0.0057556490
    0.0056544743
    0.0057304115
    0.0058253081
    0.0059165566
    0.0060053907
    0.0060768324
    0.0061136379
    0.0061072954
    0.0060625506
    0.0059958541
    0.0059284318
    0.0058747784
    0.0059823520
    0.0060168336
    0.0060727988
    0.0061436934
    0.0062131006
    0.0062637993
    0.0062837142
    0.0062689947
    0.0062248810
    0.0061648481
    0.0061079906
    0.0060741784
    0.0060766109
    0.0061939474
    0.0061611535
    0.0061710288
    0.0062155259
    0.0062782490
    0.0063411342
    0.0063887501
    0.0064106771
    0.0064026702
    0.0063670452
    0.0063125168
    0.0062535460
    0.0062089007
    0.0061990533
    0.0062417583
    0.0063048705
    0.0062487772
    0.0062487167
    0.0062876398
    0.0063464741
    0.0064076066
    0.0064568493
    0.0064843768
    0.0064851765
    0.0064591984
    0.0064113513
    0.0063514135
    0.0062937372
    0.0062566474
    0.0062611734
    0.0063286537
    0.0064182607
    0.0062963082
    0.0062498887
    0.0062591991
    0.0063035148
    0.0063638151
    0.0064241343
    0.0064721799
    0.0064995480
    0.0065017741
    0.0064783270
    0.0064326053
    0.0063719519
    0.0063076862
    0.0062550636
    0.0062330825
    0.0062638389
    0.0063711577
    0.0063599617
    0.0062262726
    0.0061745549
    0.0061812647
    0.0062245759
    0.0062856048
    0.0063488839
    0.0064024572
    0.0064378314
    0.0064498424
    0.0064365827
    0.0063993536
    0.0063426893
    0.0062744571
    0.0062059935
    0.0061522871
    0.0061320991
    0.0061678909
    0.0062853598
    0.0061783567
    0.0060517923
    0.0060075366
    0.0060203290
    0.0060682714
    0.0061331022
    0.0062001482
    0.0062580845
    0.0062987377
    0.0063168472
    0.0063099448
    0.0062782740
    0.0062247880
    0.0061552521
    0.0060783998
    0.0060061872
    0.0059540951
    0.0059414620
    0.0059917622
    0.0061326407
    0.0059586243
    0.0058077548
    0.0057481477
    0.0057524182
    0.0057974507
    0.0058642106
    0.0059374005
    0.0060050751
    0.0060582845
    0.0060908102
    0.0060989433
    0.0060813670
    0.0060390989
    0.0059755457
    0.0058965997
    0.0058108589
    0.0057299298
    0.0056687921
    0.0056463097
    0.0056857246
    0.0058151622
    0.0055874676
    0.0054349444
    0.0053768854
    0.0053846754
    0.0054346720
    0.0055076610
    0.0055882685
    0.0056644547
    0.0057270736
    0.0057695670
    0.0057876873
    0.0057793577
    0.0057445956
    0.0056855100
    0.0056063698
    0.0055137928
    0.0054169755
    0.0053280724
    0.0052626474
    0.0052402806
    0.0052852614
    0.0054273668
    0.0051389788
    0.0049625639
    0.0048909322
    0.0048930151
    0.0049434493
    0.0050217361
    0.0051114986
    0.0051998106
    0.0052767148
    0.0053348000
    0.0053689169
    0.0053759804
    0.0053548350
    0.0053062140
    0.0052327779
    0.0051392083
    0.0050324108
    0.0049217867
    0.0048196326
    0.0047416677
    0.0047076865
    0.0047423937
    0.0048763890
    0.0044594053
    0.0043103189
    0.0042630155
    0.0042863438
    0.0043551623
    0.0044492891
    0.0045526679
    0.0046526483
    0.0047394573
    0.0048057767
    0.0048464470
    0.0048582470
    0.0048397650
    0.0047913477
    0.0047151228
    0.0046150559
    0.0044971585
    0.0043697156
    0.0042436377
    0.0041329752
    0.0040555089
    0.0040335884
    0.0040951295
    0.0035092172
    0.0034942258
    0.0035456225
    0.0036386137
    0.0037534011
    0.0038742449
    0.0039887628
    0.0040873703
    0.0041628586
    0.0042100991
    0.0042258064
    0.0042084303
    0.0041580765
    0.0040765193
    0.0039672790
    0.0038357583
    0.0036894848
    0.0035384420
    0.0033955034
    0.0032770330
    0.0032036385
    0.0032011293
    0.0025549817
    0.0025536583
    0.0026229879
    0.0027367322
    0.0028739124
    0.0030178282
    0.0031552845
    0.0032759845
    0.0033720776
    0.0034378085
    0.0034692827
    0.0034643067
    0.0034222921
    0.0033442399
    0.0032327830
    0.0030922918
    0.0029290696
    0.0027516084
    0.0025709812
    0.0024013187
    0.0022604572
    0.0021707726
    0.0014379555
    0.0015539094
    0.0017084902
    0.0018810965
    0.0020552996
    0.0022180789
    0.0023592506
    0.0024710193
    0.0025476332
    0.0025851701
    0.0025813500
    0.0025354680
    0.0024483474
    0.0023223848
    0.0021616615
    0.0019720822
    0.0017616494
    0.0015407821
    0.0013227616
    0.0011243102
    0.0002872387
    0.0004947608
    0.0007136468
    0.0009277284
    0.0011241242
    0.0012927104
    0.0014256754
    0.0015172362
    0.0015633755
    0.0015616973
    0.0015113489
    0.0014129634
    0.0012686959
    0.0010823243
    0.0008593594
    0.0006072924
    0.0003358522
    0.0000573799
   -0.0002127120
   -0.0010385900
   -0.0007560044
   -0.0004814892
   -0.0002287032
   -0.0000085782
    0.0001703026
    0.0003014061
    0.0003799862
    0.0004029430
    0.0003686845
    0.0002770827
    0.0001294781
   -0.0000713034
   -0.0003208283
   -0.0006129391
   -0.0009395617
   -0.0012904632
   -0.0020750715
   -0.0017503715
   -0.0014686916
   -0.0012386262
   -0.0010668953
   -0.0009584845
   -0.0009168303
   -0.0009438953
   -0.0010402311
   -0.0012050239
   -0.0014360484
   -0.0017296648
   -0.0020807366
   -0.0024825554
   -0.0035958511
   -0.0032154543
   -0.0029006096
   -0.0026580780
   -0.0024931654
   -0.0024097649
   -0.0024104167
   -0.0024963720
   -0.0026676193
   -0.0029229405
   -0.0032599220
   -0.0036750175
   -0.0046941096
   -0.0043843432
   -0.0041746689
   -0.0040686473
   -0.0040688095
   -0.0041766452
   -0.0043926520
   -0.0047164266
   -0.0051468272
   -0.0060712910
   -0.0059188202
   -0.0059038492
   -0.0060283001
    0.0054504194
    0.0055533320
    0.0054836780
    0.0055713214
    0.0057022267
    0.0057649462
    0.0057420818
    0.0056526535
    0.0055281858
    0.0056066581
    0.0057306588
    0.0058389950
    0.0059249693
    0.0059696095
    0.0059615449
    0.0059075941
    0.0058289338
    0.0057458481
    0.0058427525
    0.0059105011
    0.0059869809
    0.0060655447
    0.0061286561
    0.0061599645
    0.0061520024
    0.0061091093
    0.0060462606
    0.0059842179
    0.0059409012
    0.0060624383
    0.0060585943
    0.0060831923
    0.0061358789
    0.0062027104
    0.0062653715
    0.0063077847
    0.0063199552
    0.0062997320
    0.0062531796
    0.0061937826
    0.0061403813
    0.0061134049
    0.0061287239
    0.0062903794
    0.0062167491
    0.0061956273
    0.0062197306
    0.0062726336
    0.0063354543
    0.0063911530
    0.0064269154
    0.0064353825
    0.0064151370
    0.0063707826
    0.0063127286
    0.0062565364
    0.0062216774
    0.0062291722
    0.0062975024
    0.0063339990
    0.0062637439
    0.0062552001
    0.0062892901
    0.0063460532
    0.0064075204
    0.0064592462
    0.0064910252
    0.0064971730
    0.0064766432
    0.0064330068
    0.0063744367
    0.0063135843
    0.0062672767
    0.0062558542
    0.0063016934
    0.0064264620
    0.0063473784
    0.0062547070
    0.0062325046
    0.0062585791
    0.0063120978
    0.0063751140
    0.0064332183
    0.0064757587
    0.0064958771
    0.0064904398
    0.0064600155
    0.0064088790
    0.0063450472
    0.0062803736
    0.0062305773
    0.0062151571
    0.0062569586
    0.0063810083
    0.0063055412
    0.0061768681
    0.0061306214
    0.0061420444
    0.0061889938
    0.0062527051
    0.0063180031
    0.0063732362
    0.0064101307
    0.0064236243
    0.0064117556
    0.0063756034
    0.0063193218
    0.0062502353
    0.0061790138
    0.0061198805
    0.0060908586
    0.0061138829
    0.0062146642
    0.0064219231
    0.0061204967
    0.0059852143
    0.0059363451
    0.0059474599
    0.0059959568
    0.0060631197
    0.0061339269
    0.0061967580
    0.0062431039
    0.0062673263
    0.0062664909
    0.0062402560
    0.0061908794
    0.0061232718
    0.0060451694
    0.0059673642
    0.0059040351
    0.0058731323
    0.0058967781
    0.0060015763
    0.0062186213
    0.0058642420
    0.0057066129
    0.0056440906
    0.0056481809
    0.0056950566
    0.0057652076
    0.0058429853
    0.0059161433
    0.0059754564
    0.0060143927
    0.0060288942
    0.0060172205
    0.0059798892
    0.0059196960
    0.0058418174
    0.0057539816
    0.0056667810
    0.0055940341
    0.0055532852
    0.0055663694
    0.0056600360
    0.0058665050
    0.0054108678
    0.0052760661
    0.0052329562
    0.0052529990
    0.0053128366
    0.0053936002
    0.0054802638
    0.0055610973
    0.0056272190
    0.0056722586
    0.0056921032
    0.0056847466
    0.0056501948
    0.0055904950
    0.0055097859
    0.0054144781
    0.0053135025
    0.0052186684
    0.0051451516
    0.0051120762
    0.0051432982
    0.0052682219
    0.0048346732
    0.0047248849
    0.0047034219
    0.0047418958
    0.0048173476
    0.0049113817
    0.0050094120
    0.0051000446
    0.0051746243
    0.0052268523
    0.0052525666
    0.0052495288
    0.0052173761
    0.0051575798
    0.0050735208
    0.0049706152
    0.0048565463
    0.0047415881
    0.0046390429
    0.0045658273
    0.0045432080
    0.0045977238
    0.0047622486
    0.0041812300
    0.0040587229
    0.0040337310
    0.0040756026
    0.0041596718
    0.0042662177
    0.0043795632
    0.0044873927
    0.0045802100
    0.0046509079
    0.0046945002
    0.0047078844
    0.0046897289
    0.0046404267
    0.0045620950
    0.0044586735
    0.0043360919
    0.0042025161
    0.0040687065
    0.0039484979
    0.0038594360
    0.0038235762
    0.0038684973
    0.0032152178
    0.0032121819
    0.0032761451
    0.0033819288
    0.0035094187
    0.0036426365
    0.0037689901
    0.0038787126
    0.0039644287
    0.0040208284
    0.0040444480
    0.0040335387
    0.0039879717
    0.0039092576
    0.0038005952
    0.0036670131
    0.0035155836
    0.0033557265
    0.0031996309
    0.0030628068
    0.0029648096
    0.0029301479
    0.0022094516
    0.0022986094
    0.0024309146
    0.0025853418
    0.0027451403
    0.0028970526
    0.0030307297
    0.0031382401
    0.0032137589
    0.0032532950
    0.0032545387
    0.0032167705
    0.0031408255
    0.0030291326
    0.0028858257
    0.0027168876
    0.0025304500
    0.0023370925
    0.0021503479
    0.0019872862
    0.0018692783
    0.0010569131
    0.0012108559
    0.0013955395
    0.0015915947
    0.0017835544
    0.0019591787
    0.0021088953
    0.0022254180
    0.0023034173
    0.0023393145
    0.0023311423
    0.0022784512
    0.0021823128
    0.0020453489
    0.0018718360
    0.0016678970
    0.0014417236
    0.0012039190
    0.0009679442
    0.0007506350
   -0.0002348142
   -0.0000006715
    0.0002465655
    0.0004899756
    0.0007159779
    0.0009138089
    0.0010750722
    0.0011934377
    0.0012643697
    0.0012849647
    0.0012538526
    0.0011711204
    0.0010383436
    0.0008586198
    0.0006366926
    0.0003791319
    0.0000945424
   -0.0002061092
   -0.0005091626
   -0.0014314604
   -0.0011121584
   -0.0008113528
   -0.0005412078
   -0.0003114756
   -0.0001297858
   -0.0000018903
    0.0000681196
    0.0000777060
    0.0000257712
   -0.0000873695
   -0.0002599692
   -0.0004888278
   -0.0007691721
   -0.0010945591
   -0.0014567074
   -0.0025004344
   -0.0021465603
   -0.0018441496
   -0.0016009272
   -0.0014229385
   -0.0013146597
   -0.0012790984
   -0.0013178944
   -0.0014313454
   -0.0016184412
   -0.0018768658
   -0.0022029532
   -0.0025916977
   -0.0030367516
   -0.0040299672
   -0.0036233497
   -0.0032928033
   -0.0030441069
   -0.0028818136
   -0.0028092216
   -0.0028284370
   -0.0029403874
   -0.0031448552
   -0.0034405503
   -0.0038251723
   -0.0042955635
   -0.0050417265
   -0.0047500100
   -0.0045707786
   -0.0045067808
   -0.0045599115
   -0.0047312466
   -0.0050210764
   -0.0054291331
   -0.0064344355
   -0.0063972202
   -0.0065136296
